1 0.49962757812499997 0 0.45078125 0.022303198437499998 0.3869791671875 0.074934778125 0.36875 0.1003431265625 0.3466145828125 0.18564258125 0.32578125 0.22738486875000002 0.30234375 0.2981652671875 0.2880208328125 0.381649840625 0.2880208328125 0.4360963015625 0.3153645828125 0.497802290625 0.3427083328125 0.5431743421874999 0.3492377390625 0.55 0.6301264453125001 0.55 0.65 0.5410161046875 0.65 0.05832162656249999 0.6174479171875 0.015043670312499998 0.583526903125 0 0.49962757812499997 0
1 0 0.55 0.046081034375 0.55 0.0263020828125 0.43972606562500005 0 0.3704782328125 0 0.55
1 0.731787109375 0 0.7234375 0.0046875 0.65 0.099340278125 0.65 0.55 1 0.55 1 0.1268229171875 0.9765625 0.021354167187500002 0.950537109375 0 0.731787109375 0
1 0.6859375 0.4046875 0.6953125 0.4046875 0.6953125 0.4088541671875 0.7046875 0.4088541671875 0.7046875 0.4046875 0.7265625 0.40052083281249995 0.7421875 0.37552083281250004 0.7484375 0.37552083281250004 0.7546875 0.3630208328125 0.7578125 0.3630208328125 0.7578125 0.3546875 0.7640625 0.3505208328125 0.7640625 0.3380208328125 0.7671875 0.3380208328125 0.7671875 0.29635416718749996 0.7640625 0.29635416718749996 0.7609375 0.2838541671875 0.7578125 0.2838541671875 0.7546875 0.2713541671875 0.7359375 0.2630208328125 0.7359375 0.2588541671875 0.7265625 0.2588541671875 0.7265625 0.2546875 0.7046875 0.2546875 0.7046875 0.25052083281250004 0.6984375 0.25052083281250004 0.6984375 0.2546875 0.6765625 0.2588541671875 0.6765625 0.2630208328125 0.6703125 0.2630208328125 0.6671875 0.2713541671875 0.6640625 0.2713541671875 0.6609375 0.2921875 0.6578125 0.2921875 0.6578125 0.3546875 0.6609375 0.3546875 0.6609375 0.3671875 0.6640625 0.3671875 0.6640625 0.37552083281250004 0.6671875 0.37552083281250004 0.6671875 0.3838541671875 0.6765625 0.3921875 0.6765625 0.3963541671875 0.6828125 0.3963541671875 0.6859375 0.4046875
1 0 0.55 0 0.7677083328125001 0.084375 0.7755208328125001 0.137109375 0.6973958328125 0.17421875 0.6088541671875001 0.17485846875 0.55 0 0.55
1 0.3465690796875 1 0.5591484921875 0.64674958125 0.5265011265624999 0.6051703390625 0.391460053125 0.6408096999999999 0.1853058734375 0.5969590499999999 0.0872465953125 0.7656740828124999 0.189640415625 0.9181315046874999 0.307547421875 1 0.3465690796875 1
1 0.179060525 0.55 0.183704521875 0.589457215625 0.375136428125 0.64291629375 0.5205652328125 0.6033169140625 0.536382984375 0.55 0.179060525 0.55
1 0.65 1 0.65 0.7158877921875 0.5543560203125 0.6837891203125 0.3364950515625 1 0.65 1
1 0.755654584375 0.55 0.75546875 0.550303425 0.73984375 0.599305240625 0.73984375 0.6265284703125 0.72421875 0.6755302859375 0.7203125 0.7081981625 0.726171875 0.71636513125 0.745703125 0.721809778125 0.9 0.7354213921875 0.91953125 0.7136428078125 0.9390625 0.6755302859375 0.9724185890625 0.55 0.755654584375 0.55
1 1 0.55 0.974775059375 0.55 0.9625 0.6047498859375 0.94296875 0.66464099375 0.9546875 0.729976746875 0.9546875 0.789867853125 0.95859375 0.8007571468750001 0.9546875 0.8062017921875 0.9546875 0.844314315625 0.93515625 0.9205393609375001 0.956640625 0.9450402671875 1 0.972236275 1 0.55
1 0.730078125 0.9450402671875 0.749609375 0.96137420625 0.788671875 0.9722634984375 0.8609375 0.9749858218749999 0.886328125 0.96137420625 0.917578125 0.9287063296875001 0.93515625 0.904205421875 0.946875 0.8715375453125 0.9546875 0.8334250234375 0.9546875 0.7408660390625 0.94296875 0.6918642234375 0.937109375 0.6836972546875 0.915625 0.7245321 0.901953125 0.7381437156249999 0.812109375 0.7326990703125 0.808203125 0.7272544234375 0.765234375 0.7272544234375 0.761328125 0.721809778125 0.714453125 0.71636513125 0.7046875 0.729976746875 0.67734375 0.8279803765625001 0.68125 0.860648253125 0.696875 0.8933161296875 0.730078125 0.9450402671875