1 0 0.61875 0.367193215625 0.61875 0.4083938296875 0.5877604171875 0.433802178125 0.53046875 0.435617059375 0.4966145828125 0.4011343015625 0.42109375 0.348502721875 0.3572916671875 0.32309437343749997 0.3390625 0.23779491875 0.31692708281250004 0.19605263125 0.29609375 0.1252722328125 0.27265625 0.041787659375 0.25833333281250004 0 0.25833333281250004 0 0.61875
1 0.4796875 0.61875 0.686723003125 0.61875 0.6842729125 0.608203125 0.662494328125 0.576953125 0.6570496828125 0.487109375 0.583546959375 0.434375 0.4796875 0.47799280624999996 0.4796875 0.61875
1 0.9456159249999999 0.61875 0.9456159249999999 0.596484375 0.9183926953124999 0.533984375 0.8911694640625001 0.518359375 0.8476122953124999 0.463671875 0.8231113890625 0.44609375 0.7414416968750001 0.41875 0.7196631124999999 0.41875 0.697884528125 0.4265625 0.667938975 0.455859375 0.662494328125 0.467578125 0.6652166515625 0.575 0.6920478671875 0.61875 0.9456159249999999 0.61875
1 0.4796875 0.4762383359375 0.51821120625 0.4578125 0.5291004984375001 0.4578125 0.583546959375 0.434375 0.6162148359375 0.45 0.6488827125000001 0.47734375 0.667938975 0.448046875 0.667938975 0.440234375 0.646160390625 0.416796875 0.597158575 0.381640625 0.5808246374999999 0.358203125 0.559046053125 0.346484375 0.5100442375 0.299609375 0.48554332968749997 0.28203125 0.4796875 0.2808308921875 0.4796875 0.4762383359375
1 0.5998808984374999 0.37578125 0.6271041281249999 0.38359375 0.654327359375 0.38359375 0.6815505890625 0.36015625 0.7196631124999999 0.35234375 0.7496086656250001 0.338671875 0.7659426046875 0.291796875 0.7659426046875 0.260546875 0.77138725 0.256640625 0.7659426046875 0.244921875 0.7523309890625001 0.23125 0.7305524046875 0.2234375 0.6216594828125 0.2 0.5781023140625 0.19609375 0.5481567609375 0.248828125 0.531822821875 0.307421875 0.5345451453125001 0.3171875 0.5998808984374999 0.37578125
1 1 0.21953125 0.986450771875 0.21953125 0.942893603125 0.2 0.7741095734375 0.16484375 0.6924398828125 0.153125 0.6488827125000001 0.15703125 0.6352710984375001 0.166796875 0.6162148359375 0.19609375 0.6271041281249999 0.20390625 0.703329175 0.215625 0.7523309890625001 0.23125 0.77138725 0.252734375 0.7550533125 0.334765625 0.76322028125 0.340625 0.7741095734375 0.33671875 0.8285560343749999 0.340625 0.87755785 0.371875 0.9810061250000001 0.371875 0.986450771875 0.36796875 1 0.3691838578125 1 0.21953125
1 1 0.21953125 0.9755614796875001 0.21953125 0.9183926953124999 0.268359375 0.9020587562500001 0.295703125 0.9047810796875 0.309375 0.9129480484375 0.323046875 0.9537828953125 0.35234375 0.9918954171875001 0.36796875 1 0.368799409375 1 0.21953125
1 1 0.61875 1 0.37902153906249997 0.986450771875 0.37578125 0.9537828953125 0.37578125 0.9483382484374999 0.371875 0.8830024953125001 0.37578125 0.812222096875 0.39921875 0.793165834375 0.412890625 0.7904435125 0.43046875 0.8530569421875001 0.467578125 0.88572481875 0.510546875 0.923837340625 0.537890625 0.9347266328125 0.573046875 0.9456159249999999 0.584765625 0.9519317140624999 0.61875 1 0.61875
1 0.8176667421874999 0.3953125 0.8748355265625 0.373828125 0.85033461875 0.35234375 0.812222096875 0.33671875 0.76322028125 0.340625 0.6924398828125 0.35625 0.662494328125 0.377734375 0.6516050359375 0.401171875 0.654327359375 0.4265625 0.670661296875 0.43828125 0.6815505890625 0.43828125 0.7142184671875 0.41875 0.7795542203125001 0.4265625 0.8176667421874999 0.3953125
1 0.783443253125 0 0.7577756359375 0.00859375 0.654327359375 0.0203125 0.6298264515625001 0.061328125 0.632548775 0.090625 0.7006068515624999 0.139453125 0.6924398828125 0.1453125 0.670661296875 0.1296875 0.6597720046875 0.13359375 0.654327359375 0.1296875 0.654327359375 0.14921875 0.7087738203124999 0.14921875 0.7523309890625001 0.1609375 0.8285560343749999 0.153125 0.9374489562499999 0.13359375 0.9537828953125 0.1296875 0.9673945093749999 0.116015625 0.951060571875 0.061328125 0.88572481875 0.014453125 0.8828469343750001 0 0.783443253125 0
1 0.4796875 0 0.4796875 0.2089119796875 0.49643262187500004 0.20390625 0.523655853125 0.18828125 0.602603221875 0.131640625 0.6134925140625 0.116015625 0.602603221875 0.092578125 0.5808246374999999 0.073046875 0.5644906984375 0.065234375 0.5045995921875 0.010546875 0.489899046875 0 0.4796875 0
1 0 1 0.4796875 1 0.4796875 0.61875 0 0.61875 0 1
1 0.4796875 0.8223772328125 0.41875 0.82890625 0.37447916718749996 0.877734375 0.3536458328125 0.920703125 0.35104166718749996 0.9578125 0.371875 0.97734375 0.434375 0.996875 0.4796875 0.996875 0.4796875 0.8223772328125
1 0.3083333328125 1 0.29635416718749996 0.991015625 0.31197916718749996 0.987109375 0.31197916718749996 0.975390625 0.29375 0.96953125 0.278125 0.97734375 0.2755208328125 0.967578125 0.25729166718749996 0.965625 0.23125 0.9421875 0.19479166718750002 0.94609375 0.1765625 0.955859375 0.15572916718750002 0.991015625 0.15515873125 1 0.3083333328125 1
1 0 0.77265625 0.0385416671875 0.8015625 0.0671875 0.795703125 0.0880208328125 0.760546875 0.1296875 0.725390625 0.1296875 0.713671875 0.0802083328125 0.684375 0.0385416671875 0.68046875 0.0359375 0.670703125 0.0463541671875 0.666796875 0.0385416671875 0.6609375 0 0.6870907734375 0 0.77265625
1 0.2833333328125 0.7078125 0.2416666671875 0.7 0.2 0.70390625 0.1765625 0.725390625 0.17916666718750002 0.746875 0.18697916718750002 0.780078125 0.2052083328125 0.79375 0.2677083328125 0.79765625 0.30416666718749996 0.78203125 0.3223958328125 0.764453125 0.3171875 0.733203125 0.2833333328125 0.7078125
1 0.020649509375 0.61875 0.025520832812499998 0.639453125 0.0385416671875 0.653125 0.090625 0.653125 0.1088541671875 0.639453125 0.116741071875 0.61875 0.020649509375 0.61875
1 0.4796875 0.61875 0.4205929484375 0.61875 0.4057291671875 0.639453125 0.37447916718749996 0.651171875 0.3770833328125 0.66484375 0.434375 0.7078125 0.4796875 0.6679177984375 0.4796875 0.61875
1 0.340625 0.73125 0.3953125 0.705859375 0.3953125 0.682421875 0.36666666718749996 0.653125 0.30416666718749996 0.6453125 0.29635416718749996 0.651171875 0.2989583328125 0.70390625 0.31979166718749996 0.72734375 0.340625 0.73125
1 0.4796875 0.7784375 0.44739583281249995 0.756640625 0.4421875 0.729296875 0.4291666671875 0.71953125 0.403125 0.71171875 0.36666666718749996 0.71953125 0.3328125 0.744921875 0.3223958328125 0.772265625 0.26510416718749996 0.803515625 0.2677083328125 0.88359375 0.28854166718749996 0.90703125 0.3458333328125 0.9109375 0.35885416718749996 0.905078125 0.3796875 0.862109375 0.4109375 0.838671875 0.41875 0.82109375 0.4604166671875 0.82109375 0.4796875 0.81553485625 0.4796875 0.7784375
1 0.08541666718749999 0.91875 0.121875 0.91484375 0.1609375 0.897265625 0.1348958328125 0.834765625 0.075 0.8171875 0.0307291671875 0.850390625 0.0333333328125 0.8796875 0.0411458328125 0.893359375 0.08541666718749999 0.91875
1 0.100148809375 1 0.1088541671875 0.994921875 0.09322916718749999 0.948046875 0.0984375 0.924609375 0.06979166718749999 0.91484375 0.028125 0.8796875 0.0125 0.8796875 0 0.8911458328125 0 0.98671875 0.02164351875 1 0.100148809375 1
1 0.1020833328125 1 0.1140625 0.991015625 0.09322916718749999 0.948046875 0.09322916718749999 0.924609375 0.0645833328125 0.91484375 0.0229166671875 0.871875 0 0.89170673125 0 0.9845703125 0.007291667187500001 0.996875 0.0197916671875 1 0.1020833328125 1
1 0.1461805546875 1 0.1817708328125 0.951953125 0.1817708328125 0.936328125 0.1661458328125 0.912890625 0.14791666718750002 0.90703125 0.09322916718749999 0.932421875 0.0958333328125 0.95 0.1088541671875 0.987109375 0.1336805546875 1 0.1461805546875 1
1 0.2208333328125 0.9421875 0.26510416718749996 0.920703125 0.2703125 0.901171875 0.25729166718749996 0.8796875 0.2 0.8796875 0.1609375 0.893359375 0.16354166718750002 0.9109375 0.19479166718750002 0.9421875 0.2208333328125 0.9421875
1 0.2520833328125 0.87578125 0.2703125 0.850390625 0.26510416718749996 0.811328125 0.2416666671875 0.79765625 0.184375 0.79765625 0.1453125 0.823046875 0.1427083328125 0.84453125 0.16875 0.88359375 0.2520833328125 0.87578125
1 0.0880208328125 0.760546875 0.0671875 0.791796875 0.06979166718749999 0.80546875 0.08541666718749999 0.82109375 0.1270833328125 0.82890625 0.1817708328125 0.795703125 0.18697916718750002 0.772265625 0.1765625 0.729296875 0.16354166718750002 0.71953125 0.1375 0.71953125 0.0880208328125 0.760546875
1 0.06979166718749999 0.80546875 0.08541666718749999 0.82109375 0.1166666671875 0.82890625 0.13229166718750002 0.82890625 0.1505208328125 0.815234375 0.1505208328125 0.780078125 0.121875 0.746875 0.09322916718749999 0.756640625 0.0671875 0.791796875 0.06979166718749999 0.80546875
1 0.1230072453125 0.61875 0.0880208328125 0.658984375 0.08541666718749999 0.68828125 0.1375 0.715625 0.16354166718750002 0.715625 0.2130208328125 0.682421875 0.2182291671875 0.651171875 0.1739583328125 0.62578125 0.1458333328125 0.61875 0.1230072453125 0.61875
1 0.278125 0.92265625 0.28072916718749996 0.944140625 0.325 0.97734375 0.3484375 0.951953125 0.3484375 0.916796875 0.2833333328125 0.90703125 0.278125 0.92265625
1 1 1 1 0.61875 0.7734874703125 0.61875 0.537845371875 0.774825715625 0.5225463718750001 0.8837560703125 0.560404546875 1 1 1