1 0.509375 0.1111277265625 0.46819135625 0.09635416718749999 0.43915324375000003 0.08984375 0.388336546875 0.09244791718749999 0.350224025 0.1028645828125 0.3121115015625 0.1236979171875 0.23770133906250002 0.1927083328125 0.141512590625 0.3307291671875 0.1306232984375 0.3580729171875 0.1328590234375 0.46875 0.2886432 0.46875 0.3175561484375 0.4322916671875 0.3556686703125 0.39453125 0.45367230000000003 0.3385416671875 0.509375 0.2439335203125 0.509375 0.1111277265625
1 0.509375 0 0.26516129374999997 0 0.2304418109375 0.0260416671875 0.212292990625 0.05208333281250001 0.20321857968749998 0.1536458328125 0.21410787187500002 0.1861979171875 0.241331103125 0.1901041671875 0.33389008593749997 0.1276041671875 0.4137448953125 0.1015625 0.444597890625 0.1028645828125 0.475450884375 0.1145833328125 0.509375 0.1184775390625 0.509375 0
1 1 0.46875 1 0.1739811453125 0.94873241875 0.16067708281249998 0.90699013125 0.13984375 0.8362097328125 0.11640625 0.752725159375 0.1020833328125 0.6982786984375 0.1020833328125 0.636572709375 0.12942708281249998 0.5912006578125 0.15677083281249998 0.5530881359375 0.1932291671875 0.5403839609375 0.2322916671875 0.5476434890624999 0.3 0.5403839609375 0.346875 0.59547789375 0.46875 1 0.46875
1 0.509375 0.46875 0.4828125 0.48046875 0.46458333281249997 0.50390625 0.3447916671875 0.5859375 0.3291666671875 0.603515625 0.3291666671875 0.634765625 0.3682291671875 0.701171875 0.3708333328125 0.791015625 0.35 0.828125 0.303125 0.861328125 0.2848958328125 0.884765625 0.3392628203125 1 0.49583333281249997 1 0.509375 0.9964673906249999 0.509375 0.46875
1 0.3239583328125 0.84765625 0.3526041671875 0.837890625 0.3786458328125 0.798828125 0.3838541671875 0.712890625 0.3473958328125 0.658203125 0.31875 0.640625 0.23541666718749998 0.640625 0.1338541671875 0.720703125 0.1364583328125 0.73828125 0.1546875 0.759765625 0.1546875 0.822265625 0.23541666718749998 0.87890625 0.2875 0.875 0.303125 0.8671875 0.3239583328125 0.84765625
1 1 1 1 0.775 0.9083333328125001 0.775 0.8822916671875 0.790625 0.8510416671875 0.853125 0.8640625 0.91171875 0.9109375 0.9703125 0.9552083328125001 0.99765625 0.9637152765625 1 1 1
1 0.509375 0.7891526437499999 0.6010416671875001 0.757421875 0.6322916671875001 0.737890625 0.6661458328125 0.683203125 0.6765625 0.628515625 0.6479166671875001 0.585546875 0.5151041671875001 0.515234375 0.509375 0.5138916015625 0.509375 0.7891526437499999
1 0.509375 1 0.67729779375 1 0.6791666671875001 0.976171875 0.6609375 0.946875 0.6088541671875001 0.913671875 0.509375 0.895400190625 0.509375 1
1 0.5244391015625001 0.46875 0.5177083328125 0.47421875 0.5125 0.5015625 0.5333333328125 0.525 0.6869791671875001 0.616796875 0.7598958328125001 0.59140625 0.8067708328125001 0.55625 0.8302083328125001 0.519140625 0.8341605390625 0.46875 0.5244391015625001 0.46875
1 1 0.578203125 0.9526041671875 0.59140625 0.8796875 0.655859375 0.8510416671875 0.698828125 0.85625 0.74375 0.8822916671875 0.78671875 0.9890625 0.780859375 1 0.7815290171875 1 0.578203125
1 0.509375 0.888008715625 0.57429026875 0.8957490875000002 0.63775833125 0.860377375 0.6637965625 0.798172 0.6426404796874999 0.7420650999999999 0.6426404796874999 0.7347468375 0.584054565625 0.7640199828125 0.54662455 0.787194559375 0.509375 0.7893986015625 0.509375 0.888008715625