1 0.25502027968749996 0 0.24760378906249997 0.00546875 0.20041685625 0.0263020828125 0.0987834625 0.0419270828125 0.0298179453125 0.040625 0.0225584171875 0.0497395828125 0.0225584171875 0.1578125 0.033447709375 0.1786458328125 0.12056204687500001 0.21380208281250002 0.1623043328125 0.21380208281250002 0.2185656765625 0.1760416671875 0.251233553125 0.1630208328125 0.296605603125 0.134375 0.32745859843749997 0.1018229171875 0.352866946875 0.0354166671875 0.352866946875 0.0041666671875 0.3515267265625 0 0.25502027968749996 0
1 0.4796875 0.35 0.936812046875 0.35 0.9327104125 0.305859375 0.9218211203125 0.278515625 0.8973202125 0.2609375 0.8483183984375 0.26484375 0.8210951671875 0.25703125 0.7938719375 0.25703125 0.744870121875 0.2375 0.7149245687500001 0.204296875 0.7094799234375 0.184765625 0.7258138609375 0.145703125 0.7067576 0.13203125 0.6359771999999999 0.1125 0.6087539703125 0.08515625 0.5434182171875 0.10078125 0.4796875 0.09697096093749999 0.4796875 0.35
1 0.4796875 0.35 0.9371050203125 0.35 0.9327104125 0.305859375 0.9218211203125 0.278515625 0.8918755671875 0.2609375 0.8428737515625 0.26484375 0.8210951671875 0.25703125 0.7938719375 0.25703125 0.744870121875 0.2375 0.7312585078125 0.227734375 0.7094799234375 0.188671875 0.7258138609375 0.145703125 0.7067576 0.13203125 0.6359771999999999 0.1125 0.6087539703125 0.08515625 0.5434182171875 0.10078125 0.4796875 0.09697096093749999 0.4796875 0.35
1 0.6642893609375 0.35 0.6768120468750001 0.341015625 0.6713674000000001 0.325390625 0.6468664921875 0.3078125 0.6250879078125 0.3 0.5815307390625 0.31171875 0.5651968015625 0.3234375 0.562474478125 0.344921875 0.5660134984375 0.35 0.6642893609375 0.35
1 0.7258138609375 0.153515625 0.7176468921875 0.17109375 0.7149245687500001 0.204296875 0.7312585078125 0.227734375 0.7612040609375 0.2453125 0.7829826453125 0.253125 0.8428737515625 0.2609375 0.8646523359374999 0.2609375 0.8782639515625 0.255078125 0.88915324375 0.227734375 0.8837085984375002 0.196484375 0.9000425359375 0.157421875 0.8864309203125 0.14375 0.8700969828125 0.14375 0.831984459375 0.13203125 0.810205875 0.13203125 0.7938719375 0.13984375 0.7612040609375 0.13984375 0.7394254765625 0.14375 0.7258138609375 0.153515625
1 0.6557957125 0 0.6087539703125 0.01875 0.606031646875 0.071484375 0.6223655859375 0.098828125 0.6523111390625 0.11640625 0.744870121875 0.13984375 0.788427290625 0.13984375 0.810205875 0.13203125 0.831984459375 0.13203125 0.8918755671875 0.14375 0.9109318281250001 0.130078125 0.9272657671874999 0.102734375 0.9327104125 0.071484375 0.9435997046875 0.059765625 0.9381550593749999 0.032421875 0.8918755671875 0.0109375 0.744870121875 0.00703125 0.7122022453125 0.0109375 0.6613855484375 0 0.6557957125 0
1 0.4796875 0.4030071390625 0.43209221875 0.427734375 0.43209221875 0.439453125 0.38853505 0.513671875 0.3640341421875 0.53125 0.331366265625 0.53125 0.2605858671875 0.515625 0.2333626359375 0.515625 0.1979724359375 0.568359375 0.178916175 0.57421875 0.1081357765625 0.5703125 0.0809125453125 0.5625 0.048244668750000004 0.5625 0 0.5548082140625 0 0.8139831546875002 0.059133960937499994 0.828125 0.13535900625 0.859375 0.227917990625 0.88671875 0.2986983890625 0.890625 0.3504225265625 0.861328125 0.37220111093749997 0.837890625 0.37220111093749997 0.830078125 0.38853505 0.818359375 0.410313634375 0.783203125 0.43209221875 0.763671875 0.4796875 0.7017801921875 0.4796875 0.4030071390625
1 0 0.650538940625 0.2388072828125 0.65625 0.2660305125 0.65234375 0.2769198046875 0.64453125 0.29325374375 0.6484375 0.3014207125 0.642578125 0.295976065625 0.623046875 0.30414303593750003 0.6171875 0.315032328125 0.625 0.3259216203125 0.6171875 0.331366265625 0.62109375 0.3422555578125 0.6171875 0.3504225265625 0.611328125 0.34497788125 0.603515625 0.3504225265625 0.595703125 0.3422555578125 0.58984375 0.35858949687499997 0.59375 0.3694787890625 0.58984375 0.38036808125 0.60546875 0.3912573734375 0.58984375 0.410313634375 0.583984375 0.4048689875 0.568359375 0.374923434375 0.53515625 0.30414303593750003 0.52734375 0.2605858671875 0.515625 0.2333626359375 0.515625 0.20886172812499998 0.564453125 0.1898054671875 0.57421875 0.1299143609375 0.57421875 0.07002325312499999 0.5625 0.053689315625 0.56640625 0 0.5545541609375 0 0.650538940625
1 0 0.35 0 0.5531749046875 0.13535900625 0.5703125 0.184360821875 0.5703125 0.1979724359375 0.564453125 0.2197510203125 0.529296875 0.2197510203125 0.505859375 0.1680268828125 0.49609375 0.121747390625 0.462890625 0.121747390625 0.412109375 0.142116771875 0.35 0 0.35
1 0.144045115625 0.35 0.1299143609375 0.3984375 0.12719203750000002 0.462890625 0.140803653125 0.48046875 0.1898054671875 0.5 0.227917990625 0.50390625 0.3259216203125 0.52734375 0.35858949687499997 0.52734375 0.3776457578125 0.517578125 0.4157582796875 0.458984375 0.43209221875 0.408203125 0.46454230937499996 0.35 0.144045115625 0.35
1 0.4796875 0.8545247390625 0.47837171093749997 0.85546875 0.46203777187500006 0.84765625 0.4511484796875 0.8515625 0.39670201875 0.83984375 0.38036808125 0.83984375 0.3368109125 0.87890625 0.2986983890625 0.89453125 0.2660305125 0.8984375 0.2551412203125 0.89453125 0.2551412203125 0.90625 0.2388072828125 0.89453125 0.2333626359375 0.9375 0.2333626359375 1 0.45659312500000004 1 0.47292706406249996 0.99609375 0.4796875 0.9924560546875 0.4796875 0.8545247390625
1 0.4796875 0.35 0.4796875 0.421716309375 0.546707690625 0.4328125 0.56031930625 0.423046875 0.56031930625 0.391796875 0.57665324375 0.368359375 0.5803089359375 0.35 0.4796875 0.35
1 0.5803089359375 0.35 0.57665324375 0.368359375 0.5630416281249999 0.38984375 0.56031930625 0.415234375 0.5739309203125 0.425 0.6828238437499999 0.44453125 0.720936365625 0.44453125 0.7944390875 0.368359375 0.8040352765625001 0.35 0.5803089359375 0.35
1 1 0.35 0.8471002109375 0.35 0.8488855484375 0.368359375 0.8298292875 0.38203125 0.808050703125 0.3859375 0.8053283796875 0.391796875 0.82166231875 0.407421875 0.8243846421875001 0.44453125 0.878831103125 0.45625 0.9006096875 0.45234375 0.9359998859375 0.426953125 1 0.36653635156250003 1 0.35
1 1 0.4601928703125 0.99589099375 0.454296875 0.96050079375 0.42890625 0.9387222093750001 0.42890625 0.9114989796875002 0.4484375 0.8897203953125 0.45625 0.8189399953125001 0.4484375 0.78627211875 0.471875 0.748159596875 0.46796875 0.7263810125 0.4796875 0.639266675 0.503125 0.6365443515625 0.512890625 0.669212228125 0.536328125 0.6746568734375 0.579296875 0.6909908124999999 0.591015625 0.6909908124999999 0.598828125 0.7808274734375 0.659375 0.8189399953125001 0.6671875 0.8461632265624999 0.659375 0.9196659484375 0.598828125 1 0.5027689609375 1 0.4601928703125
1 1 0.64765625 0.9659454406249999 0.64765625 0.8733864562499999 0.6671875 0.78627211875 0.67890625 0.7590488890625 0.68671875 0.7399926265625 0.700390625 0.7372703046875 0.7140625 0.7536042421875 0.72578125 0.81349535 0.7296875 0.83799625625 0.755078125 0.83799625625 0.770703125 0.82166231875 0.790234375 0.8271069640625001 0.813671875 0.82166231875 0.829296875 0.7944390875 0.868359375 0.7944390875 0.903515625 0.8189399953125001 0.91328125 0.9006096875 0.909375 0.9441668562500001 0.95234375 1 0.9414190125000002 1 0.64765625
1 0.4796875 1 0.6619397359375 1 0.669212228125 0.993359375 0.669212228125 0.981640625 0.61204344375 0.94453125 0.5358183984375 0.93671875 0.4796875 0.9721084125000001 0.4796875 1
1 0.5984318281250001 0.798046875 0.590264859375 0.815625 0.5875425359374999 0.844921875 0.5984318281250001 0.856640625 0.6828238437499999 0.92890625 0.7100470734375 0.9328125 0.799883734375 0.860546875 0.8271069640625001 0.805859375 0.8053283796875 0.774609375 0.748159596875 0.73359375 0.7318256578125 0.72578125 0.7100470734375 0.72578125 0.5984318281250001 0.798046875
1 0.7399926265625 0.954296875 0.7263810125 0.95625 0.7590488890625 0.97578125 0.78627211875 0.98359375 0.8026060578124999 0.98359375 0.808050703125 0.97578125 0.8352739343750001 0.96796875 0.8624971640625001 0.96796875 0.8761087796875 0.962109375 0.8706641328125 0.946484375 0.851607871875 0.9328125 0.8243846421875001 0.92109375 0.78627211875 0.91328125 0.76993818125 0.91328125 0.75088191875 0.926953125 0.7399926265625 0.954296875
1 0.538540721875 0.712109375 0.5303737515625 0.72578125 0.5276514296875 0.743359375 0.538540721875 0.758984375 0.5957095046875 0.8 0.61204344375 0.784375 0.633822028125 0.7765625 0.6746568734375 0.747265625 0.685546165625 0.727734375 0.685546165625 0.700390625 0.70732475 0.676953125 0.712769396875 0.661328125 0.712769396875 0.637890625 0.6556006125 0.5890625 0.639266675 0.58515625 0.6174880890625 0.59296875 0.5929871828125 0.610546875 0.5657639515625 0.641796875 0.57665324375 0.680859375 0.538540721875 0.712109375
1 0.5439853671875 0.704296875 0.5303737515625 0.72578125 0.5276514296875 0.743359375 0.538540721875 0.762890625 0.5957095046875 0.8 0.61204344375 0.784375 0.633822028125 0.7765625 0.669212228125 0.751171875 0.685546165625 0.727734375 0.685546165625 0.704296875 0.6501559671875 0.7140625 0.6229327359375001 0.71015625 0.5793755671875 0.67890625 0.5439853671875 0.704296875
1 0.4796875 0.734019978125 0.4868165828125 0.73359375 0.519484459375 0.7296875 0.538540721875 0.716015625 0.5712085984375 0.680859375 0.5657639515625 0.633984375 0.546707690625 0.6046875 0.5358183984375 0.6046875 0.5222067828125 0.614453125 0.4796875 0.6606022765625 0.4796875 0.734019978125