1 0 0 0 0.26340759999999996 0.029318851562499998 0.23802083281250003 0.061986728125 0.20026041718749998 0.15999035781249998 0.054427082812500006 0.1799540609375 0.0049479171874999995 0.1799540609375 0 0 0
1 0 0.35 0.19265823437500001 0.35 0.205362409375 0.3317708328125 0.2162517015625 0.3044270828125 0.21262193749999997 0.1247395828125 0.19810288125 0.0895833328125 0.1672498859375 0.06484375 0.1509159484375 0.06875 0.12732248125 0.0947916671875 0.08920995937500001 0.1546875 0.029318851562499998 0.23020833281250003 0 0.2592563203125 0 0.35
0 1 0.35 1 0 0.34269391875 0 0.3390625 0.01146375625 0.3390625 0.3087107984375 0.41187485625000003 0.35 1 0.35
0 0.3390625 0.4178955078125 0.3114583328125 0.40625 0.071875 0.3828125 0.0067708328125 0.431640625 0 0.46549478906249997 0 0.5330078125 0.0015625 0.537109375 0.0197916671875 0.54296875 0.321875 0.58984375 0.3390625 0.5807725687499999 0.3390625 0.4178955078125
0 0.22552083281250002 1 0.24114583281250002 0.982421875 0.2515625 0.931640625 0.23072916718749997 0.880859375 0.1786458328125 0.833984375 0.15 0.81640625 0.0927083328125 0.8125 0 0.847265625 0 0.9810825890625001 0.012038353125 1 0.22552083281250002 1
0 0 0.8380713625 0.1265625 0.771484375 0.18125 0.66796875 0.0901041671875 0.638671875 0.0484375 0.591796875 0.040625 0.55078125 0.009375 0.546875 0 0.5517427890625 0 0.8380713625
0 0 0.843040865625 0.1265625 0.771484375 0.18125 0.66796875 0.0901041671875 0.638671875 0.0484375 0.591796875 0.040625 0.55078125 0 0.55078125 0 0.843040865625
0 0.3390625 0.58984375 0.3375 0.58984375 0.275 0.61328125 0.24114583281250002 0.646484375 0.290625 0.66015625 0.3390625 0.6541015625 0.3390625 0.58984375
0 0.0484375 0.591796875 0.1135416671875 0.65234375 0.1604166671875 0.65234375 0.1890625 0.626953125 0.1864583328125 0.60546875 0.1395833328125 0.5625 0.0614583328125 0.5546875 0.0484375 0.568359375 0.0484375 0.591796875
0 0.30625 0.58984375 0.23333333281250002 0.578125 0.2203125 0.595703125 0.23854166718749997 0.61328125 0.259375 0.61328125 0.30625 0.58984375
0 0.3390625 0.61953125 0.3714099359375 0.61953125 0.39863316718749997 0.615625 0.43402336718749995 0.570703125 0.4367456890625 0.51015625 0.42857872031250005 0.418359375 0.423134075 0.406640625 0.382299228125 0.37734375 0.3390625 0.3507550921875 0.3390625 0.61953125
0 0.8576663296875001 1 0.8750397 0.984765625 0.8804843468750001 0.969140625 0.9022629312500001 0.953515625 0.9403754531249999 0.894921875 0.9430977765625 0.865625 0.8913736390625001 0.832421875 0.924041515625 0.773828125 0.924041515625 0.726953125 0.9077075765625 0.703515625 0.888651315625 0.68984375 0.86687273125 0.678125 0.7906476859375 0.65859375 0.7253119328125 0.63125 0.6763101171875 0.61953125 0.665420825 0.61171875 0.49119215 0.55703125 0.4585242734375 0.55703125 0.444912659375 0.566796875 0.3390625 0.7034924312499999 0.3390625 0.87734375 0.4149671046875 0.87734375 0.44763498125000006 0.8890625 0.4721358890625 0.918359375 0.496636796875 0.93203125 0.5238600265625 0.93203125 0.643642240625 0.95546875 0.7198672875 0.96328125 0.76342445625 0.975 0.8015369781250001 0.99453125 0.8066186484374999 1 0.8576663296875001 1
0 0.7928255453124999 1 0.7688691015625 0.9828125 0.736201225 0.97109375 0.60552971875 0.95546875 0.5783064875 0.94765625 0.51841538125 0.94375 0.48302518125000005 0.953515625 0.4721358890625 0.976953125 0.44919059531250005 1 0.7928255453124999 1
0 0.3390625 1 0.44530156249999997 1 0.4721358890625 0.973046875 0.47485821250000004 0.94765625 0.46669124375 0.914453125 0.425856396875 0.88125 0.4149671046875 0.87734375 0.3550759984375 0.87734375 0.3390625 0.8862795234374999 0.3390625 1
0 1 0.711125284375 0.975765653125 0.7015625 0.9485424234375 0.6859375 0.915874546875 0.678125 0.888651315625 0.678125 0.8859289921875 0.683984375 0.9077075765625 0.699609375 0.924041515625 0.723046875 0.9294861609375001 0.742578125 0.9185968687500001 0.789453125 0.9077075765625 0.801171875 0.896818284375 0.832421875 0.9458200999999999 0.863671875 0.9458200999999999 0.887109375 0.9131522234375 0.945703125 0.8686342343749999 1 0.9572538578125 1 0.9703210078125 0.99453125 0.9866549453125 0.99453125 1 0.9907847531249999 1 0.711125284375
0 1 0.5546566921875 0.983932621875 0.562890625 0.9567093921875 0.590234375 0.9077075765625 0.656640625 0.9077075765625 0.668359375 0.9213191921874999 0.678125 0.9539870687499998 0.6859375 1 0.7090458171874999 1 0.5546566921875
0 0.6381975953125 0.490625 0.6028073953125 0.523828125 0.591918103125 0.551171875 0.6082520421875 0.570703125 0.6599761796875001 0.6078125 0.7035333484375 0.6234375 0.7307565796875 0.6234375 0.771591425 0.590234375 0.7824807171875 0.570703125 0.8042593015625 0.551171875 0.8124262703125 0.52578125 0.793370009375 0.504296875 0.757979809375 0.4828125 0.7307565796875 0.47109375 0.7035333484375 0.47109375 0.6381975953125 0.490625
0 0.444912659375 0.35 0.444912659375 0.375390625 0.4721358890625 0.414453125 0.4775805359375 0.433984375 0.51841538125 0.46328125 0.6000850718749999 0.490625 0.6327529484375 0.490625 0.714422640625 0.4671875 0.7416458718750001 0.4671875 0.793370009375 0.406640625 0.7960923328125 0.38125 0.7416458718750001 0.3734375 0.714422640625 0.36171875 0.7066107578125 0.35 0.444912659375 0.35