1 0.5390625 0 0.0796206 0 0.043760426562499996 0.03925435625 0.0411565328125 0.0936667 0.043760426562499996 0.1371964671875 0.10364639375 0.249648728125 0.1635323640625 0.3330811 0.324963815625 0.38749344531249996 0.4030758453125 0.35847341718750003 0.45515053281249995 0.2786687546875 0.5390625 0.1154385859375 0.5390625 0
1 0 0 0 0.3019198609375 0.0473958328125 0.320054446875 0.07864583281250001 0.320054446875 0.1125 0.3091651546875 0.12291666718750001 0.2964609796875 0.12552083281249998 0.2801270421875 0.07734375 0.21479128906249997 0.056510417187499995 0.16760435625 0.0408854171875 0.0659709625 0.0421309625 0 0 0
0 1 0.4390625 1 0 0.75590578125 0 0.612109375 0.11375623906250001 0.592578125 0.11375623906250001 0.58671875 0.1328125 0.57109375 0.1437017921875 0.5515625 0.181814315625 0.5515625 0.20903754531250002 0.559375 0.2362607765625 0.5828125 0.2961518828125 0.64140625 0.41593409687499994 0.6485177171875 0.4390625 1 0.4390625
0 1 0.4390625 1 0 0.759504190625 0 0.741015625 0.0103079625 0.639453125 0.09742229999999999 0.600390625 0.11920088437500001 0.584765625 0.14097946875 0.573046875 0.146424115625 0.55546875 0.17636966874999999 0.55546875 0.2199268375 0.57890625 0.26892865312500003 0.5984375 0.328819759375 0.6296875 0.38871086718750003 0.6296875 0.399600159375 0.6485622828125 0.4390625 1 0.4390625
0 0.5390625 0.7866946453125 0.53828125 0.775805353125 0.5109375 0.688691015625 0.485546875 0.6478561703125 0.430859375 0.620632940625 0.38203125 0.6124659703125 0.364453125 0.6097436484375 0.329296875 0.620632940625 0.31171875 0.6396892015625 0.33125 0.6941356625 0.33125 0.7104696 0.27265625 0.78125 0.27265625 0.7921392921875 0.305859375 0.8220848453125 0.321484375 0.8166401999999999 0.356640625 0.8384187843750001 0.415234375 0.8329741374999999 0.42890625 0.873808984375 0.42890625 0.91192150625 0.419140625 0.9255331218750001 0.399609375 0.9309777671875 0.38984375 0.9445893828124999 0.38984375 0.960923321875 0.426953125 0.9854242281250001 0.43741048281249995 1 0.47271034375000004 1 0.4953125 0.9718126140625 0.5265625 0.8955875687500001 0.5390625 0.8433189656250001 0.5390625 0.7866946453125
0 0.23936360625000003 1 0.26875 0.9554786749999999 0.3078125 0.8574750453124999 0.3078125 0.8356964609374999 0.262890625 0.78941696875 0.1515625 0.7104696 0.130078125 0.707747278125 0.1203125 0.7213588921875 0.1125 0.7485821234375 0.04609375 0.890142921875 0.03828125 0.9282554453125 0.051953125 0.94731170625 0.114453125 0.9854242281250001 0.1283962671875 1 0.23936360625000003 1
0 0.368307059375 1 0.37421875 0.9935911984375 0.391796875 0.9364224140624999 0.42890625 0.91192150625 0.42890625 0.873808984375 0.42109375 0.8465857531250001 0.411328125 0.8329741374999999 0.364453125 0.8438634296874999 0.33515625 0.8248071687499999 0.317578125 0.8220848453125 0.3078125 0.8356964609374999 0.3078125 0.8574750453124999 0.26875 0.9500340296874998 0.26875 0.9663679671875001 0.3040158 1 0.368307059375 1
0 0 0.4390625 0 0.595043103125 0.00703125 0.5852427406249999 0.00703125 0.5253516328125001 0.020703125 0.5008507265625 0.079296875 0.4954060796875 0.094921875 0.5008507265625 0.106640625 0.5171846640625 0.130078125 0.5171846640625 0.145703125 0.5008507265625 0.1515625 0.49268375625000005 0.1515625 0.47634981875 0.14375 0.4600158796875 0.14375 0.4390625 0 0.4390625
0 0 0.7572935562499999 0.003125 0.7649160609375001 0.028515625 0.8057509078124999 0.040234375 0.811195553125 0.079296875 0.8003062609375 0.08515625 0.775805353125 0.08125 0.7213588921875 0.05390625 0.6778017234375 0.05 0.65057849375 0.044140625 0.642411525 0.01484375 0.6396892015625 0 0.6405887515625001 0 0.7572935562499999
0 0 0.8890539937499999 0.01484375 0.8683643374999999 0.02265625 0.8411411078125 0.02265625 0.7975839390624999 0 0.766004990625 0 0.8890539937499999
0 0.5390625 0.5019941015625 0.49921875 0.44368194218749996 0.493359375 0.44095961875 0.4875 0.4491265875 0.4875 0.49812840312500006 0.471875 0.5525748640625 0.442578125 0.5879650640625 0.430859375 0.593409709375 0.425 0.6124659703125 0.489453125 0.6478561703125 0.508984375 0.6750794015625 0.536328125 0.6750794015625 0.5390625 0.6712681484375 0.5390625 0.5019941015625
0 0.253125 0.4390625 0.253125 0.49268375625000005 0.301953125 0.59885435625 0.352734375 0.59885435625 0.376171875 0.5879650640625 0.380078125 0.59885435625 0.419140625 0.59885435625 0.454296875 0.571631125 0.4796875 0.5307962796875 0.4874303484375 0.4390625 0.253125 0.4390625
0 0.102734375 0.5117400187500001 0.0890625 0.5035730484375 0.024609375 0.5008507265625 0.0109375 0.514462340625 0.00703125 0.6179106171875001 0.016796875 0.636966878125 0.055859375 0.642411525 0.083203125 0.6042990015624999 0.1125 0.5906873859375 0.1125 0.5307962796875 0.102734375 0.5117400187500001
0 0.20234375 0.5199069875 0.18671875 0.5035730484375 0.149609375 0.5062953718750001 0.13203125 0.5253516328125001 0.1359375 0.601576678125 0.161328125 0.6315222328125 0.184765625 0.6260775859375001 0.21015625 0.5852427406249999 0.20234375 0.5199069875
0 0.3234375 0.672357078125 0.27265625 0.541685571875 0.262890625 0.5389632484375 0.219921875 0.5770757718749999 0.17109375 0.6451338468750001 0.15546875 0.688691015625 0.15546875 0.7050249546874999 0.165234375 0.7186365703125001 0.255078125 0.7839723234375 0.282421875 0.767638384375 0.32734375 0.7159142468749999 0.3234375 0.672357078125
0 0.133984375 0.6042990015624999 0.11640625 0.5961320328124999 0.106640625 0.593409709375 0.083203125 0.6042990015624999 0.05390625 0.65057849375 0.0578125 0.6832463703125 0.087109375 0.7240812156249999 0.118359375 0.7240812156249999 0.130078125 0.70230263125 0.145703125 0.70230263125 0.16328125 0.66691243125 0.16328125 0.6451338468750001 0.133984375 0.6042990015624999
1 0.5390625 0.4390625 0.5390625 0.9604166671875 0.5796875 0.9270833328125001 0.6296875 0.7020833328125 0.7270393671875001 0.4390625 0.5390625 0.4390625
1 0.7387920671874999 0.4390625 0.7203125 0.4604166671875 0.6109375 0.73125 0.5796875 0.83125 0.5703125 0.9479166671874999 0.6197150734375 1 1 1 1 0.4681372546875 0.9752864578124999 0.4390625 0.7387920671874999 0.4390625
1 0.5390625 1 0.6205403656249999 1 0.5828125 0.9604166671875 0.5390625 0.9573464906249999 0.5390625 1