1 0 0.5390625 0.329451434375 0.5390625 0.12208263281250001 0.228205296875 0.08451019531250001 0.0799933953125 0 0.0799933953125 0 0.5390625
1 0.4 0.5390625 0.4 0 0.1076177375 0 0.0735489640625 0.077454328125 0.3424878203125 0.5390625 0.4 0.5390625
1 0.6232587765625001 0 0.62421875 0.017394509375 0.6515625 0.10995349375 0.6828125 0.18617853906249998 0.6984375 0.2515142921875 0.7140625 0.28418216875 0.7140625 0.30596075312500004 0.721875 0.333183984375 0.74140625 0.376741153125 0.75703125 0.43118761406250006 0.766796875 0.44479922812500006 0.78828125 0.4529661984375 0.833203125 0.428465290625 0.96015625 0.3168500453125 0.9640625 0.2950714609375 0.9484375 0.19706783125 0.9484375 0.1643999546875 0.940625 0.1371767234375 0.93671875 0.066396325 0.942578125 0.0473400640625 0.9953125 0.0119498640625 0.9953125 0 0.6232587765625001 0
1 0.85562093125 0 0.8546875 0.0065052171875 0.8625 0.333183984375 0.8703125 0.349517921875 0.87421875 0.37129650625 0.8703125 0.376741153125 0.876171875 0.384908121875 0.88203125 0.3821857984375 0.954296875 0.3250170140625 0.96015625 0.3114054 0.96015625 0.262403584375 0.94453125 0.191623184375 0.9484375 0.175289246875 0.93671875 0.1153981390625 0.93671875 0.0555070328125 0.946484375 0.036450771874999996 0.9953125 0.0119498640625 0.9953125 0 0.85562093125 0
1 0.4 0.5390625 0.8743648281249999 0.5390625 0.878125 0.5128573046875 0.8625 0.4529661984375 0.848828125 0.4339099359375 0.817578125 0.44479922812500006 0.801953125 0.46113316718749997 0.766796875 0.45568852031249996 0.74921875 0.42574296718750004 0.704296875 0.2869044921875 0.622265625 0.31957236875 0.567578125 0.35224024531250003 0.555859375 0.35224024531250003 0.419140625 0.428465290625 0.4 0.43317330781249996 0.4 0.5390625
1 0.4 0.5390625 0.873996434375 0.5390625 0.878125 0.507412659375 0.8625 0.4475215515625 0.844921875 0.428465290625 0.837109375 0.4393545828125 0.813671875 0.44479922812500006 0.798046875 0.46113316718749997 0.766796875 0.45568852031249996 0.7453125 0.414853675 0.7140625 0.3222946921875 0.7140625 0.30596075312500004 0.704296875 0.2869044921875 0.622265625 0.31957236875 0.419140625 0.428465290625 0.4 0.43408187343750004 0.4 0.5390625
1 0.4 0.430958365625 0.411328125 0.428465290625 0.442578125 0.40668670625000003 0.454296875 0.40668670625000003 0.505078125 0.379463475 0.5578125 0.28962681562500003 0.56953125 0.2569589390625 0.56953125 0.240625 0.551953125 0.2161240921875 0.505078125 0.1725669234375 0.423046875 0.1126758171875 0.4 0.1126758171875 0.4 0.430958365625
1 0.6905917703125001 0.5390625 0.676953125 0.515579628125 0.645703125 0.47746710468750003 0.610546875 0.45024387499999996 0.591015625 0.45024387499999996 0.579296875 0.46113316718749997 0.54609375 0.5019680125 0.524803059375 0.5390625 0.6905917703125001 0.5390625
1 0.4 0.5390625 0.366455078125 0.5390625 0.25625 0.6979166671875 0.25625 0.7979166671875 0.3625 0.9104166671874999 0.378125 0.8979166671875 0.384375 0.85625 0.4 0.847321428125 0.4 0.5390625
1 0 0.5390625 0 0.9094551281250001 0.028125 0.8604166671875 0.075 0.8604166671875 0.103125 0.8104166671874999 0.121875 0.80625 0.115625 0.7979166671875 0.146875 0.7145833328125 0.14375 0.68125 0.090625 0.5604166671875 0.090625 0.5390625 0 0.5390625
1 0 0.5390625 0 0.5670833328125 0.003125 0.5645833328125 0.009375 0.5979166671875 0.028125 0.60625 0.0875 0.58125 0.1125 0.5979166671875 0.10625 0.5395833328124999 0.1 0.55625 0.090625 0.5479166671875 0.09441964375 0.5390625 0 0.5390625
1 0.15859375 1 0.175 0.89375 0.128125 0.8479166671874999 0.11875 0.8479166671874999 0.009375 0.94375 0.034375 0.9854166671875 0.075 0.98125 0.084375 0.99375 0.084375 1 0.15859375 1
1 0.13125 0.7979166671875 0.1375 0.8395833328125001 0.184375 0.8729166671874999 0.246875 0.8145833328125001 0.25 0.78125 0.24375 0.7104166671875001 0.1875 0.6979166671875 0.18125 0.6979166671875 0.14375 0.7354166671875 0.13125 0.7979166671875
1 0.159375 0.5390625 0.1375 0.5645833328125 0.125 0.55625 0.125 0.6145833328125 0.16875 0.6895833328125 0.234375 0.6895833328125 0.278125 0.6479166671875001 0.29375 0.59375 0.2595703125 0.5390625 0.1751953125 0.5390625 0.175 0.5395833328124999 0.17343750156249998 0.5390625 0.159375 0.5390625
1 0.2650090140625 0.5390625 0.3 0.6104166671875 0.35969050468749997 0.5390625 0.2650090140625 0.5390625
1 0.322196690625 1 0.3375 0.9229166671875 0.31875 0.8770833328125001 0.271875 0.8270833328125 0.24375 0.8270833328125 0.209375 0.8520833328125 0.1875 0.89375 0.1655859375 1 0.322196690625 1
1 0.4 0.9863033125000001 0.41015625 0.987392240625 0.419921875 0.9846699187500001 0.4453125 0.9383904265625 0.47265625 0.8567207343749998 0.48828125 0.7804956890625 0.470703125 0.7559947828125 0.404296875 0.72332690625 0.4 0.72332690625 0.4 0.9863033125000001
1 1 1 1 0.788662659375 0.990234375 0.788662659375 0.966796875 0.8049965968749999 0.892578125 0.87033235 0.78010928125 1 1 1
1 1 0.5390625 0.808194115625 0.5390625 0.810546875 0.543653584375 0.904296875 0.65254650625 0.943359375 0.6797697375 0.9765625 0.6770474140625 1 0.6637382796875 1 0.5390625
1 0.4 0.5390625 0.4 0.6609312625 0.416015625 0.674325090625 0.4375 0.6716027671875 0.501953125 0.6471018609375 0.603580775 0.5390625 0.4 0.5390625
1 0.60778534375 0.5390625 0.498046875 0.65254650625 0.427734375 0.6797697375 0.40625 0.7042706437499999 0.412109375 0.72332690625 0.443359375 0.7451054906250001 0.458984375 0.7451054906250001 0.48828125 0.77505104375 0.48828125 0.8022742734375001 0.46875 0.87849931875 0.453125 0.9166118421875 0.44921875 0.94927971875 0.49062710468750004 1 0.5964233390625 1 0.67578125 0.8893886109375 0.703125 0.83494215 0.716796875 0.82677518125 0.73828125 0.79138498125 0.7421875 0.753272459375 0.734375 0.7206045828125001 0.7265625 0.622600953125 0.6666280109375 0.5390625 0.60778534375 0.5390625
1 0.7678331875 1 0.79296875 0.971058303125 0.80859375 0.9329457796874999 0.80859375 0.9111671953125 0.791015625 0.8812216421875 0.732421875 0.8431091203125 0.716796875 0.8431091203125 0.689453125 0.87033235 0.671875 0.9057225499999999 0.5972984890624999 1 0.7678331875 1