1 0.46875 0.4 0.46875 0 0.1523872578125 0 0 0.23007329062499998 0 0.36341381875 0.007252282812499999 0.4 0.46875 0.4
1 1 0.1029105390625 0.9859375 0.07864583281250001 0.9546875 0.0869791671875 0.9015625 0.14114583281249998 0.8859375 0.1953125 0.9732306984375001 0.4 0.9908203125 0.4 1 0.3935581140625 1 0.1029105390625
1 0.7579427078125001 0 0.7609375 0.0119791671875 0.8796875 0.1369791671875 0.8859375 0.1369791671875 0.9578125 0.061979167187499996 0.9599254265624999 0 0.7579427078125001 0
1 0.46875 0.3307942703125 0.5234375 0.3786458328125 0.5359375 0.3786458328125 0.5984375 0.3369791671875 0.5796875 0.23697916718749998 0.5265625 0.1828125 0.4765625 0.1744791671875 0.46875 0.17894345312499998 0.46875 0.3307942703125
1 0.6848307296874999 0.4 0.6734375 0.3453125 0.6203125 0.3453125 0.5453125 0.39114583281250004 0.538671875 0.4 0.6848307296874999 0.4
1 0.46875 0 0.46875 0.10104166562500001 0.4765625 0.10364583281249999 0.4984375 0.10364583281249999 0.5359375 0.07864583281250001 0.5734375 0.0161458328125 0.5719959078125 0 0.46875 0
1 0.7309895890625 0 0.6171875 0.0119791671875 0.5890625 0.2203125 0.6078125 0.2994791671875 0.6328125 0.32864583281250004 0.6359375 0.32864583281250004 0.6421875 0.3078125 0.6953125 0.3036458328125 0.7890625 0.1953125 0.8046875 0.1453125 0.8015625 0.07864583281250001 0.73636924375 0 0.7309895890625 0
1 0.4984375 0.1578125 0.5640625 0.1994791671875 0.5671875 0.1994791671875 0.5859375 0.1703125 0.6046875 0.0703125 0.5953125 0.0161458328125 0.5265625 0.10364583281249999 0.4984375 0.11614583281249999 0.4984375 0.1578125
1 0.7296875 0.39114583281250004 0.7421875 0.3994791671875 0.7484375 0.3994791671875 0.8078125 0.39114583281250004 0.8359375 0.3703125 0.8671875 0.3869791671875 0.9171875 0.3786458328125 0.9296875 0.3619791671875 0.9265625 0.3161458328125 0.8828125 0.23697916718749998 0.8453125 0.24114583281250002 0.8046875 0.2828125 0.8046875 0.31197916718749996 0.7671875 0.2953125 0.7734375 0.3203125 0.7578125 0.3328125 0.7390625 0.31197916718749996 0.7296875 0.39114583281250004
1 0 1 0.46875 1 0.46875 0.4 0 0.4 0 1
1 0 1 0.0316840265625 1 0.048046875 0.9848958328125 0.075390625 0.9848958328125 0.096875 0.971875 0.0890625 0.878125 0.03046875 0.815625 0 0.8193181812500001 0 1
1 0 0.8130208328125 0.005078125 0.8130208328125 0.048046875 0.7921875 0.08125 0.7479166671874999 0.07734375 0.6541666671874999 0.065625 0.6177083328125 0.040234375 0.5838541671875 0 0.572192028125 0 0.8130208328125
1 0.13984375 0.596875 0.1125 0.55 0.067578125 0.5630208328124999 0.0578125 0.5916666671875 0.07734375 0.6489583328125 0.08125 0.70625 0.091015625 0.7192708328125 0.106640625 0.7140625 0.14765625 0.659375 0.13984375 0.596875
1 0.223828125 0.6619791671874999 0.1984375 0.6541666671874999 0.153515625 0.6567708328125 0.12421875 0.690625 0.1125 0.721875 0.128125 0.784375 0.137890625 0.7973958328125 0.176953125 0.8026041671874999 0.216015625 0.8234375 0.24921875 0.7947916671874999 0.25703125 0.7739583328125 0.25703125 0.721875 0.253125 0.7010416671874999 0.223828125 0.6619791671874999
1 0.40234375 1 0.41328125 0.9770833328125 0.39375 0.89375 0.372265625 0.8598958328125 0.3390625 0.8416666671874999 0.309765625 0.8442708328125 0.258984375 0.8963541671874999 0.2375 0.9354166671874999 0.249609375 1 0.40234375 1
1 0.2927827390625 0.4 0.26875 0.43541666718750005 0.274609375 0.44322916718750005 0.278515625 0.4328125 0.28828125 0.43541666718750005 0.2921875 0.4770833328125 0.321484375 0.5265625 0.333203125 0.5265625 0.368359375 0.4848958328125 0.403515625 0.4640625 0.409375 0.43541666718750005 0.3828125 0.4 0.2927827390625 0.4
1 0.387890625 0.5838541671875 0.3546875 0.5760416671875 0.333203125 0.5734375 0.31171875 0.596875 0.3078125 0.6385416671874999 0.315625 0.6802083328125 0.341015625 0.7140625 0.372265625 0.7192708328125 0.38984375 0.7010416671874999 0.40546875 0.6645833328125 0.4015625 0.6020833328125 0.387890625 0.5838541671875
1 0.24512867656249998 1 0.24140625 0.971875 0.21796875 0.9197916671874999 0.180859375 0.9276041671874999 0.1125 0.971875 0.1046875 0.9927083328125 0.10698084687500001 1 0.24512867656249998 1
1 0.200390625 0.8130208328125 0.1515625 0.8 0.133984375 0.7973958328125 0.1203125 0.815625 0.10859375 0.8625 0.096875 0.8729166671874999 0.096875 0.9145833328125 0.110546875 0.9640625 0.212109375 0.9171875 0.21796875 0.9041666671874999 0.21796875 0.83125 0.200390625 0.8130208328125
1 0.114453125 0.7505208328125 0.096875 0.7479166671874999 0.083203125 0.7453125 0.067578125 0.7765625 0.04609375 0.7947916671874999 0.04609375 0.815625 0.075390625 0.8546875 0.102734375 0.8651041671874999 0.128125 0.8 0.128125 0.7791666671874999 0.114453125 0.7505208328125
1 0.106640625 0.4796875 0.0734375 0.45104166718750005 0.024609375 0.4640625 0.01484375 0.4875 0.0421875 0.5135416671875 0.063671875 0.5578125 0.079296875 0.5630208328124999 0.11640625 0.5239583328124999 0.11640625 0.5083333328124999 0.106640625 0.4796875
1 0 0.56983695625 0.020703125 0.5734375 0.055859375 0.5942708328124999 0.06171875 0.565625 0.03828125 0.5083333328124999 0.01875 0.4927083328125 0.001171875 0.49010416718750005 0 0.49109848593749994 0 0.56983695625
1 0 0.4 0 0.446936275 0.016796875 0.4640625 0.059765625 0.4536458328125 0.06953125 0.440625 0.06953125 0.4 0 0.4
1 0.1340553984375 0.4 0.149609375 0.4380208328125 0.1828125 0.4145833328125 0.1828125 0.4 0.1340553984375 0.4
1 0.06953125 0.4 0.06953125 0.440625 0.106640625 0.4796875 0.130078125 0.47447916718750005 0.13984375 0.46666666718750005 0.13984375 0.40416666718750005 0.13741319375 0.4 0.06953125 0.4
1 0.219921875 0.5265625 0.17890625 0.5083333328124999 0.133984375 0.5109375 0.11640625 0.55 0.13984375 0.5916666671875 0.157421875 0.6463541671874999 0.235546875 0.6619791671874999 0.253125 0.6333333328125 0.253125 0.6072916671874999 0.22578125 0.5604166671875 0.219921875 0.5265625
1 0.247265625 0.4223958328125 0.2140625 0.4145833328125 0.169140625 0.4223958328125 0.1515625 0.4458333328125 0.1515625 0.46666666718750005 0.173046875 0.5057291671875 0.219921875 0.5161458328124999 0.247265625 0.5057291671875 0.2609375 0.4875 0.2609375 0.43541666718750005 0.247265625 0.4223958328125
1 0.315625 0.83125 0.27265625 0.7739583328125 0.258984375 0.7713541671874999 0.247265625 0.8026041671874999 0.221875 0.8208333328125 0.221875 0.8833333328125 0.227734375 0.8911458328125 0.262890625 0.8911458328125 0.315625 0.83125
1 0.33515625 0.7166666671874999 0.31171875 0.6958333328125 0.258984375 0.6932291671874999 0.253125 0.7010416671874999 0.2609375 0.7635416671874999 0.290234375 0.7921875 0.313671875 0.7921875 0.3390625 0.7375 0.33515625 0.7166666671874999
1 0.46875 0.66384654375 0.411328125 0.6619791671874999 0.380078125 0.7192708328125 0.352734375 0.7296875 0.32734375 0.7635416671874999 0.31953125 0.8 0.32734375 0.8260416671874999 0.337109375 0.8390625 0.364453125 0.8442708328125 0.399609375 0.8963541671874999 0.419140625 0.8911458328125 0.42890625 0.8572916671874999 0.42890625 0.815625 0.446484375 0.8078125 0.46875 0.778125 0.46875 0.66384654375
1 0.46875 0.4285416671875 0.458203125 0.42760416718750005 0.425 0.471875 0.442578125 0.5317708328124999 0.46875 0.54267578125 0.46875 0.4285416671875
1 0.46875 0.5505208328125 0.45234375 0.5395833328124999 0.430859375 0.5421875 0.40546875 0.58125 0.40546875 0.6385416671874999 0.419140625 0.6619791671874999 0.458203125 0.6671875 0.46875 0.659615384375 0.46875 0.5505208328125
1 0.42890625 0.48229166718750005 0.41328125 0.46666666718750005 0.399609375 0.4640625 0.368359375 0.4848958328125 0.32734375 0.534375 0.32734375 0.5604166671875 0.337109375 0.5734375 0.380078125 0.5838541671875 0.403515625 0.5786458328124999 0.43671875 0.5239583328124999 0.42890625 0.48229166718750005
1 0.42890625 0.48229166718750005 0.41328125 0.46666666718750005 0.399609375 0.4640625 0.364453125 0.49010416718750005 0.3546875 0.51875 0.387890625 0.5473958328124999 0.423046875 0.5473958328124999 0.43671875 0.5291666671875 0.43671875 0.5135416671875 0.42890625 0.48229166718750005
1 0.3234375 0.534375 0.29609375 0.48229166718750005 0.266796875 0.4848958328125 0.221875 0.5239583328124999 0.23359375 0.5708333328124999 0.258984375 0.6151041671874999 0.290234375 0.6098958328125 0.3234375 0.5604166671875 0.3234375 0.534375
1 0.46875 1 0.6182657875 1 0.6203125 0.9971472328125 0.6203125 0.9753686484374999 0.563671875 0.9181998640625 0.534375 0.899143603125 0.501171875 0.8964212796875 0.4953125 0.9045882484375 0.46875 0.9469009265625001 0.46875 1
1 0.7728652953124999 1 0.7765625 0.9862579406249999 0.7921875 0.8610310796875 0.7921875 0.8011399734375001 0.782421875 0.7820837109375001 0.747265625 0.7494158343749999 0.704296875 0.7167479578125 0.6828125 0.7085809890625001 0.630078125 0.705858665625 0.60859375 0.741248865625 0.6046875 0.7956953265625 0.6203125 0.8283632031250001 0.6125 0.9590347093750001 0.62421875 0.98081329375 0.62192450625 1 0.7728652953124999 1
1 0.9915161125 0.4 0.98359375 0.40368080781250004 0.96015625 0.452682621875 0.940625 0.523463021875 0.92890625 0.539796959375 0.925 0.567020190625 0.88984375 0.6160220046875 0.895703125 0.6405229125 0.930859375 0.6731907890625 0.9484375 0.654134528125 0.971875 0.6105773593749999 0.9875 0.56157554375 1 0.5354412421875 1 0.4004140203125 0.9991088874999999 0.4 0.9915161125 0.4
1 1 0.5354412421875 0.9875 0.56157554375 0.971875 0.6105773593749999 0.93671875 0.6704684671875001 0.93671875 0.6868024046875 0.9484375 0.7140256359375 1 0.7900017828125 1 0.5354412421875
1 1 0.794334165625 0.99140625 0.7793613890625 0.9796875 0.768472096875 0.9328125 0.8174739109375 0.93671875 0.8501417874999999 0.9640625 0.915477540625 0.993359375 0.9563123859375 1 0.9609403343749999 1 0.794334165625
1 0.5712361625 0.4 0.563671875 0.400958484375 0.493359375 0.444515653125 0.46875 0.48409404218749996 0.46875 0.6020837109375 0.4953125 0.6650238203125 0.512890625 0.6895247281250001 0.524609375 0.6895247281250001 0.579296875 0.6568568515625 0.68671875 0.583354128125 0.68671875 0.567020190625 0.675 0.5343523140625 0.63203125 0.43634868437499996 0.602734375 0.40640313125 0.5889526375 0.4 0.5712361625 0.4
1 0.75895685 0.4 0.75703125 0.409125453125 0.758984375 0.44996030000000004 0.74921875 0.44179332968749996 0.753125 0.4145701 0.74140625 0.409125453125 0.74140625 0.44179332968749996 0.73359375 0.4690165609375 0.74140625 0.4853504984375 0.74140625 0.5016844375 0.73359375 0.5452416062500001 0.758984375 0.58063180625 0.798046875 0.59696574375 0.813671875 0.5697425140625001 0.821484375 0.5697425140625001 0.872265625 0.602410390625 0.891796875 0.602410390625 0.92109375 0.5724648359375 0.95625 0.4635719140625 0.9600507953124999 0.4 0.75895685 0.4
1 0.7609375 0.4 0.7609375 0.4472379765625 0.770703125 0.47718352968750005 0.817578125 0.471738884375 0.83125 0.452682621875 0.8350297031249999 0.4 0.7609375 0.4
1 0.88984375 0.63235594375 0.8859375 0.6160220046875 0.872265625 0.618744328125 0.829296875 0.6568568515625 0.7765625 0.7140256359375 0.784375 0.7793613890625 0.7921875 0.7902506812500001 0.80390625 0.8392524953125001 0.821484375 0.880087340625 0.844921875 0.880087340625 0.868359375 0.863753403125 0.971875 0.768472096875 0.971875 0.7521381578125 0.940625 0.70313634375 0.93671875 0.6868024046875 0.88984375 0.63235594375
1 0.8877970375 1 0.9015625 0.98081329375 0.940625 0.9045882484375 0.940625 0.87736501875 0.91328125 0.8392524953125001 0.903515625 0.836530171875 0.848828125 0.880087340625 0.817578125 0.880087340625 0.813671875 0.8691980484374999 0.805859375 0.8691980484374999 0.79609375 0.8828096640624998 0.78828125 0.9100328953125001 0.78046875 0.98081329375 0.7942342124999999 1 0.8877970375 1
1 0.70234375 0.6759131125 0.68671875 0.5996880671875 0.673046875 0.59696574375 0.653515625 0.6078550359375 0.567578125 0.6623014968750001 0.54609375 0.6868024046875 0.551953125 0.6949693734375 0.579296875 0.7004140203125 0.602734375 0.7221926046875 0.614453125 0.7221926046875 0.637890625 0.7004140203125 0.653515625 0.7004140203125 0.719921875 0.7221926046875 0.721875 0.7085809890625001 0.70234375 0.6759131125
1 0.7375 0.4853504984375 0.721875 0.4472379765625 0.712109375 0.444515653125 0.690625 0.47446120625 0.67890625 0.539796959375 0.690625 0.5724648359375 0.68671875 0.5996880671875 0.70625 0.6868024046875 0.712109375 0.6949693734375 0.735546875 0.6949693734375 0.782421875 0.6731907890625 0.801953125 0.6568568515625 0.81171875 0.6432452359375 0.81171875 0.6214666515625 0.801953125 0.59696574375 0.782421875 0.59696574375 0.751171875 0.575187159375 0.73359375 0.5506862515625001 0.7375 0.4853504984375