1 0 0.4890625 0.5390625 0.4890625 0.5390625 0.156362828125 0.520747125 0.148648853125 0.4621017765625 0.177314753125 0.4034560390625 0.184959021875 0.36265906718749996 0.148648853125 0 0.2890502203125 0 0.4890625
1 0 0 0 0.28646485781250003 0.008235942187500001 0.2900673171875 0.3601093 0.148648853125 0.33283857499999997 0 0 0
1 0.5390625 0 0.3256846375 0 0.3638308671875 0.15212848125 0.3946268625 0.1718267546875 0.4534756953125 0.188162575 0.505785703125 0.160391728125 0.5297611953125 0.0476745453125 0.5390625 0.030246412499999997 0.5390625 0
0 1 0.4890625 1 0.21660461406249998 0.9800781234375 0.22568359375 0.978125 0.2534545890625 0.9410156234375 0.29404296875 0.9214843765625 0.29404296875 0.8941406234375 0.3239501953125 0.8199218765625 0.3581298828125 0.775 0.3089965828125 0.73984375 0.2449096671875 0.73984375 0.2278198234375 0.7222656234375 0.217138671875 0.6832031234375 0.2128662109375 0.6636718765625 0.19150390625 0.6246093765625 0.19150390625 0.54453125 0.2363647453125 0.5390625 0.2602905265625 0.5390625 0.45682373125 0.5542968765625 0.473486328125 0.5816406234375 0.46494140625 0.6265625 0.4756225578125 0.6265625 0.4890625 1 0.4890625
0 0.8851932578125 0.4890625 0.88828125 0.4798950203125 0.93515625 0.4542602546875 0.94296875 0.4243530265625 0.95859375 0.4115356453125 0.9566406234375 0.39658203125 0.8746093765625 0.388037109375 0.8316406234375 0.4093994140625 0.81796875 0.4286254890625 0.81796875 0.4585327140625 0.8319252234375 0.4890625 0.8851932578125 0.4890625
0 0.5390625 0.4380249078125 0.5425781234375 0.46494140625 0.5699218765625 0.4692138671875 0.5777343765625 0.4478515625 0.5390625 0.42166748125 0.5390625 0.4380249078125
0 0 0.8530619296874999 0.0213390421875 0.85 0.0921194421875 0.87734375 0.20101236406249998 0.88515625 0.2227909484375 0.87734375 0.27723740937499997 0.8734375 0.3017383171875 0.863671875 0.29901599375 0.85 0.27723740937499997 0.85 0.26362579375 0.840234375 0.241847209375 0.812890625 0.2364025640625 0.793359375 0.181956103125 0.734765625 0.16289984062500001 0.7015625 0.0921194421875 0.70546875 0.010449749999999999 0.7171875 0 0.720936075 0 0.8530619296874999
0 0 0.7032850484375001 0.010449749999999999 0.71328125 0.05400691875 0.71328125 0.067618534375 0.703515625 0.07850782656250001 0.672265625 0.075785503125 0.6625 0.059451565625 0.646875 0.015894396875 0.63515625 0 0.6364232953125 0 0.7032850484375001
0 0.5390625 0.4890625 0.37683813593750004 0.4890625 0.372518715625 0.535546875 0.39429729999999996 0.570703125 0.3888526546875 0.586328125 0.4187982078125 0.61953125 0.4296875 0.61953125 0.5004679000000001 0.5609375 0.5168018375 0.5609375 0.5390625 0.5689229328125001 0.5390625 0.4890625
0 0.3752410390625 0.584375 0.3534624546875 0.584375 0.255458825 0.6234375 0.18740074843750001 0.668359375 0.16562216406250002 0.691796875 0.16562216406250002 0.703515625 0.1928453953125 0.746484375 0.225513271875 0.777734375 0.26362579375 0.840234375 0.2826820546875 0.85390625 0.320794578125 0.84609375 0.46235537656250003 0.7796875 0.4895786078125 0.771875 0.503190221875 0.762109375 0.5004679000000001 0.740625 0.42152053125 0.629296875 0.3752410390625 0.584375
0 0.2819943109375 0.4890625 0.27451508593749996 0.500390625 0.21734630156249998 0.51796875 0.198290040625 0.535546875 0.198290040625 0.562890625 0.2091793328125 0.586328125 0.2445695328125 0.6234375 0.2609034703125 0.6234375 0.3534624546875 0.584375 0.3752410390625 0.584375 0.3888526546875 0.574609375 0.38613033125 0.55703125 0.3670740703125 0.527734375 0.3760577359375 0.4890625 0.2819943109375 0.4890625
0 0.0978907671875 0.4890625 0.08939711875 0.504296875 0.10028641093749999 0.523828125 0.1438435796875 0.562890625 0.1792337796875 0.58828125 0.20101236406249998 0.5921875 0.2091793328125 0.582421875 0.198290040625 0.562890625 0.198290040625 0.535546875 0.21190165625000001 0.521875 0.24729185625 0.508203125 0.2445695328125 0.4984375 0.2383798296875 0.4890625 0.0978907671875 0.4890625
0 0.5390625 0.8391316734375 0.5331357765625 0.83828125 0.4895786078125 0.8109375 0.435132146875 0.80703125 0.4106312390625 0.812890625 0.399741946875 0.851953125 0.40518659218749997 0.863671875 0.44602143906249997 0.8890625 0.4841339609375 0.9046875 0.5168018375 0.93203125 0.5276911296875 0.92421875 0.5331357765625 0.93984375 0.5390625 0.936899978125 0.5390625 0.8391316734375
0 0.4487437609375 0.922265625 0.4296875 0.9359375 0.3752410390625 0.94765625 0.3316838703125 0.9359375 0.3180722546875 0.949609375 0.3180722546875 0.965234375 0.3316838703125 0.97890625 0.3534624546875 0.97890625 0.38613033125 0.990625 0.45691073125 0.99453125 0.49230092968749994 0.973046875 0.50863486875 0.945703125 0.5059125453125 0.928125 0.46780002343750005 0.896875 0.45146608437499997 0.89296875 0.4487437609375 0.922265625
0 0.30772742656249996 1 0.3235169015625 0.988671875 0.320794578125 0.975 0.3017383171875 0.941796875 0.27451508593749996 0.922265625 0.2527365015625 0.894921875 0.2227909484375 0.88515625 0.184678425 0.89296875 0.14928822656250001 0.918359375 0.1220649953125 0.953515625 0.1220649953125 0.969140625 0.138398934375 0.992578125 0.146309684375 1 0.30772742656249996 1
0 0.35890710000000003 0.94765625 0.380685684375 0.94765625 0.4296875 0.9359375 0.4487437609375 0.922265625 0.44602143906249997 0.89296875 0.41335356093750003 0.86953125 0.3697963921875 0.86953125 0.34257316250000003 0.87734375 0.3180722546875 0.894921875 0.3180722546875 0.914453125 0.337128515625 0.93984375 0.35890710000000003 0.94765625
0 0.5390625 0.56893734375 0.538580421875 0.56875 0.495023253125 0.56484375 0.443299115625 0.609765625 0.42696517656250005 0.637109375 0.49230092968749994 0.726953125 0.5059125453125 0.73671875 0.522246484375 0.73671875 0.5390625 0.7306864421875 0.5390625 0.56893734375
0 0.5390625 0.7313711312500001 0.50863486875 0.746484375 0.50863486875 0.762109375 0.48685628437500006 0.773828125 0.48685628437500006 0.805078125 0.5276911296875 0.834375 0.5390625 0.835734728125 0.5390625 0.7313711312500001
0 0.5390625 1 0.6471955125 1 0.65 0.9921875 0.665625 0.919921875 0.6552083328125 0.880859375 0.6083333328125 0.853515625 0.5390625 0.8442795140625 0.5390625 1
0 0.8192708328125 0.607421875 0.7958333328125 0.595703125 0.7411458328125 0.587890625 0.6369791671875 0.615234375 0.6213541671875 0.630859375 0.6109375 0.712890625 0.6682291671875 0.82421875 0.7229166671875 0.8359375 0.8010416671874999 0.828125 0.8192708328125 0.806640625 0.8244791671874999 0.7734375 0.8192708328125 0.607421875