1 0 0.51875 0.5296875 0.51875 0.5296875 0.5031129296875 0.300174284375 0.156595371875 0.19124392968749998 0.141296371875 0 0.20358044999999997 0 0.51875
1 0 0 0 0.206623578125 0.1993978265625 0.13949985468749998 0.3101894703125 0.16431170625 0.3699058140625 0 0 0
1 0.5296875 0 0.361362640625 0 0.3051068 0.148577578125 0.5296875 0.5046251921875 0.5296875 0
0 0.9957336421874998 0.51875 0.9875 0.5034482765625 0.95625 0.46533575312500003 0.95234375 0.44355716875000006 0.930859375 0.413611615625 0.891796875 0.3809437390625 0.8859375 0.3836660609375 0.852734375 0.413611615625 0.79609375 0.492558984375 0.7810611984375 0.51875 0.9957336421874998 0.51875
0 0.5296875 0.2322368421875 0.544140625 0.24482758593749998 0.567578125 0.255716878125 0.630078125 0.21760435625 0.649609375 0.212159709375 0.67109375 0.1876588015625 0.67109375 0.133212340625 0.622265625 0.054264973437499996 0.614453125 0.0488203265625 0.5296875 0.05144585625 0.5296875 0.2322368421875
0 0.78828125 0.3673321234375 0.77265625 0.291107078125 0.7765625 0.2584392015625 0.77265625 0.18221415624999998 0.762890625 0.17404718749999998 0.739453125 0.195825771875 0.719921875 0.195825771875 0.680859375 0.14682395625 0.675 0.1495462796875 0.67109375 0.1876588015625 0.657421875 0.2067150640625 0.579296875 0.2502722328125 0.57734375 0.263883846875 0.594921875 0.2774954625 0.61640625 0.307441015625 0.6125 0.35644283125 0.659375 0.421778584375 0.6671875 0.45444646093749996 0.6671875 0.4980036296875 0.673046875 0.500725953125 0.692578125 0.473502721875 0.704296875 0.473502721875 0.735546875 0.5116152453125 0.766796875 0.48439201406250004 0.784375 0.4598911078125 0.7921875 0.4381125234375 0.78828125 0.3673321234375
0 0.833203125 0.1141560796875 0.815625 0.116878403125 0.80390625 0.1277676953125 0.7765625 0.176769509375 0.78046875 0.2529945546875 0.77265625 0.2802177859375 0.784375 0.3237749546875 0.79609375 0.41633393906249994 0.817578125 0.4462794921875 0.829296875 0.4462794921875 0.860546875 0.4027223234375 0.883984375 0.3809437390625 0.907421875 0.386388384375 0.95234375 0.3183303078125 0.9640625 0.291107078125 0.95625 0.2584392015625 0.915234375 0.2012704171875 0.868359375 0.1631578953125 0.841015625 0.11960072656250001 0.833203125 0.1141560796875
0 0.78046875 0.05154265 0.774609375 0.04337568125 0.6359375 0.046098003124999995 0.628125 0.05154265 0.6359375 0.073321234375 0.716015625 0.19038112499999998 0.739453125 0.195825771875 0.7765625 0.154990925 0.78046875 0.1441016328125 0.7765625 0.133212340625 0.78046875 0.05154265
0 0.5296875 0.51875 0.6611707906250001 0.51875 0.66328125 0.51433756875 0.66328125 0.44355716875000006 0.65546875 0.421778584375 0.622265625 0.3754990921875 0.614453125 0.370054446875 0.59296875 0.37277676875 0.56171875 0.4326678765625 0.5296875 0.5082228109375 0.5296875 0.51875
0 1 0.0460202234375 0.993359375 0.04337568125 0.89765625 0.046098003124999995 0.8625 0.089655171875 0.846875 0.116878403125 0.846875 0.1277676953125 0.864453125 0.1577132484375 0.899609375 0.1849364796875 0.950390625 0.24482758593749998 0.95625 0.24210526250000003 0.95625 0.22577132500000002 0.973828125 0.2012704171875 1 0.18759074375 1 0.0460202234375
0 0.4209109046875 1 0.4390625 0.8375 0.358984375 0.7255208328125 0.159765625 0.6526041671875 0.05625 0.5822916671875 0.02109375 0.6083333328125 0 0.649242425 0 0.9679513890625 0.042578125 0.9755208328125 0.082356771875 1 0.4209109046875 1
0 0.5296875 1 0.5296875 0.798788759375 0.464453125 0.8453125 0.43515625 0.9364583328125 0.43022629375 1 0.5296875 1
0 0.5296875 1 0.5296875 0.7982215453125 0.468359375 0.8401041671874999 0.446875 0.8895833328125 0.4337993421875 1 0.5296875 1
0 0.3346354171875 0.51875 0.33359375 0.525 0.343359375 0.5484375 0.386177884375 0.51875 0.3346354171875 0.51875
0 0.47031250625 0.51875 0.45078125 0.5197916671875 0.355078125 0.5484375 0.3453125 0.5666666671875 0.34921875 0.6395833328125 0.382421875 0.6578125 0.503515625 0.6213541671875 0.525 0.5770833328125 0.52109375 0.5354166671875 0.5014508921874999 0.51875 0.47031250625 0.51875
0 0.5296875 0.6272135421875 0.51328125 0.6135416671875 0.40390625 0.6552083328125 0.3921875 0.7541666671874999 0.409765625 0.7880208328125 0.480078125 0.8140625 0.52890625 0.775 0.5296875 0.7682291671874999 0.5296875 0.6272135421875
0 0.228125 0.5510416671875 0.196875 0.5614583328125 0.18515625 0.6083333328125 0.165625 0.6291666671875 0.171484375 0.6473958328125 0.308203125 0.6942708328125 0.34921875 0.6708333328125 0.34140625 0.5875 0.327734375 0.5640625 0.228125 0.5510416671875
0 0.167578125 0.6265625 0.196875 0.5510416671875 0.179296875 0.5328125 0.11875 0.5197916671875 0.0953125 0.5354166671875 0.09140625 0.5875 0.105078125 0.6057291671875 0.167578125 0.6265625
0 0.5296875 0.51875 0.5296875 1 0.5925959640625 1 0.7674982359375 0.51875 0.5296875 0.51875
0 1 1 1 0.51875 0.769046234375 0.51875 0.58683083125 1 1 1