1 0 0 0 0.51875 0.35268646875 0.51875 0.470101146875 0.2154659328125 0.43379097812499995 0.1746689609375 0.44143524687499996 0.1160232234375 0.470101146875 0.057377875 0.44593502812499997 0 0 0
1 0.5390625 0.51875 0.5390625 0.23066716718750002 0.470101146875 0.21801569999999998 0.34923555156249997 0.51875 0.5390625 0.51875
1 0.5390625 0.055173115625000005 0.458358271875 0.072339296875 0.43058742499999997 0.12464930468749999 0.44692324531249994 0.1834981375 0.46662151874999996 0.2142941328125 0.5390625 0.23245871562499998 0.5390625 0.055173115625000005
1 0.5467447921875 0 0.5390625 0.0036875 0.5390625 0.32034505156250004 0.587109375 0.3083333328125 0.653515625 0.3239583328125 0.766796875 0.31875 0.80390625 0.2484375 0.8 0.1234375 0.78046875 0.0817708328125 0.7220610125 0 0.5467447921875 0
1 0.732421875 0 0.805859375 0.11041666718750001 0.821484375 0.0947916671875 0.848828125 0.1 0.887890625 0.0635416671875 0.926953125 0.0635416671875 0.9484375 0.0244791671875 0.9244290859375 0 0.732421875 0
1 1 0.14862689375 0.97578125 0.0869791671875 0.95234375 0.0609375 0.891796875 0.06875 0.860546875 0.1 0.841015625 0.1052083328125 0.815625 0.1390625 0.80390625 0.2588541671875 0.833203125 0.3083333328125 0.872265625 0.31875 0.895703125 0.3135416671875 0.985546875 0.2614583328125 1 0.24445465624999999 1 0.14862689375
1 1 0.51875 1 0.252121075 0.880078125 0.3239583328125 0.8625 0.3473958328125 0.86640625 0.4359375 0.9059303968750001 0.51875 1 0.51875
1 0.9044010421875001 0.51875 0.8703125 0.45677083281249997 0.85859375 0.3994791671875 0.8625 0.3317708328125 0.817578125 0.2979166671875 0.8 0.2953125 0.75703125 0.3317708328125 0.76875 0.3994791671875 0.7314778640624999 0.51875 0.9044010421875001 0.51875
1 0.5390625 0.51875 0.7291015625 0.51875 0.7296875 0.5140625 0.76875 0.3890625 0.753125 0.3421875 0.708203125 0.3239583328125 0.6203125 0.3161458328125 0.567578125 0.3135416671875 0.5390625 0.325180696875 0.5390625 0.51875
1 0.5390625 0.51875 0.431755296875 0.51875 0.43203125 0.5198077359375 0.43203125 0.5415863203125 0.398828125 0.56064258125 0.363671875 0.5551979359375 0.3578125 0.5633649046875 0.3578125 0.6232560125 0.36171875 0.6341453046875001 0.383203125 0.6477569187500001 0.410546875 0.6913140875 0.426171875 0.6913140875 0.492578125 0.653201565625 0.527734375 0.6423122734375 0.5390625 0.6296806937499999 0.5390625 0.51875
1 0.1783560609375 1 0.18203125 0.9880473000000001 0.18203125 0.9390454859374999 0.13515625 0.7593721640625001 0.121484375 0.7512051953125 0.094140625 0.7675391328125001 0.070703125 0.7675391328125001 0.01015625 0.7212596421875 0.004296875 0.7185373187499999 0 0.7245264296875 0 0.9135917656250001 0.0171016296875 1 0.1783560609375 1
1 0.230859375 0.625978334375 0.19765625 0.6178113656249999 0.1703125 0.6178113656249999 0.16640625 0.6287006578125001 0.16640625 0.688591765625 0.1390625 0.7593721640625001 0.1390625 0.77026145625 0.17421875 0.8791543781250001 0.18203125 0.9336008390625 0.199609375 0.9581017468749999 0.211328125 0.9635463921875 0.240625 0.922711546875 0.31875 0.7811507484375 0.3265625 0.7484828718750001 0.3109375 0.71037035 0.285546875 0.67498015 0.230859375 0.625978334375
1 0.129296875 0.609644396875 0.1 0.5796988437499999 0.094140625 0.5769765203125 0.070703125 0.609644396875 0.027734375 0.63142298125 0.00625 0.6777024734375 0.01015625 0.71037035 0.027734375 0.7348712562499999 0.078515625 0.7675391328125001 0.141015625 0.7457605484375 0.1625 0.6994810578124999 0.16640625 0.6722578265625 0.16640625 0.645034596875 0.156640625 0.625978334375 0.129296875 0.609644396875
1 0.5390625 1 0.5390625 0.8272380765625 0.519921875 0.8492088250000001 0.49453125 0.8900436703124999 0.47890625 0.9390454859374999 0.519921875 0.99621426875 0.530786134375 1 0.5390625 1
1 0.28726719375 0.51875 0.28359375 0.530697028125 0.27578125 0.5851434890625 0.27578125 0.6341453046875001 0.289453125 0.6586462109375 0.312890625 0.6640908578125 0.3265625 0.645034596875 0.33046875 0.6232560125 0.35 0.5796988437499999 0.35 0.536141675 0.3397910375 0.51875 0.28726719375 0.51875
1 0.375390625 0.653201565625 0.365625 0.6504792421875 0.348046875 0.6477569187500001 0.3109375 0.6994810578124999 0.3109375 0.71037035 0.336328125 0.7675391328125001 0.371484375 0.7729837796875 0.387109375 0.7947623640625 0.4046875 0.7811507484375 0.40859375 0.7648168109375 0.4046875 0.6994810578124999 0.375390625 0.653201565625
1 0.375390625 0.778428425 0.36171875 0.77026145625 0.324609375 0.7675391328125001 0.2796875 0.8464865015624999 0.2796875 0.8737097328125 0.316796875 0.9036552859375 0.367578125 0.9036552859375 0.375390625 0.8982106390624999 0.38515625 0.8737097328125 0.38125 0.8301525640625 0.38515625 0.7974846875 0.375390625 0.778428425
1 0.336930153125 1 0.334375 0.9608240703125001 0.32265625 0.9281561937500001 0.32265625 0.9118222546875 0.28359375 0.8791543781250001 0.269921875 0.8764320546875 0.240625 0.9172669015625001 0.225 0.949934778125 0.20546875 0.9717133624999998 0.209375 0.993491946875 0.21319524531249998 1 0.336930153125 1
1 0.344857178125 0.51875 0.35 0.530697028125 0.367578125 0.5551979359375 0.379296875 0.56064258125 0.414453125 0.5551979359375 0.43203125 0.5415863203125 0.43203125 0.51875 0.344857178125 0.51875
1 0.14020080625 0.51875 0.1390625 0.5198077359375 0.13515625 0.557920259375 0.176171875 0.609644396875 0.223046875 0.6205336890625001 0.262109375 0.6477569187500001 0.27578125 0.6232560125 0.2796875 0.5524756125 0.2871325375 0.51875 0.14020080625 0.51875
1 0.4984375 0.6777024734375 0.48671875 0.66681318125 0.40859375 0.6994810578124999 0.4046875 0.7212596421875 0.40859375 0.7267042874999999 0.410546875 0.783873071875 0.430078125 0.783873071875 0.445703125 0.800207009375 0.457421875 0.800207009375 0.4984375 0.75392751875 0.50625 0.7321489343750001 0.50625 0.6994810578124999 0.4984375 0.6777024734375
1 0.44765625 0.8029293328125 0.43203125 0.7865953953125 0.410546875 0.783873071875 0.38515625 0.7974846875 0.38125 0.862820440625 0.391015625 0.8818767015625 0.418359375 0.8818767015625 0.44375 0.862820440625 0.44765625 0.8029293328125
1 0.5390625 0.8880952390625 0.54375 0.9041666671874999 0.553125 0.9166666671874999 0.625625 0.9166666671874999 0.64375 0.9166666671874999 0.66875 0.9083333328125001 0.684375 0.8791666671874999 0.68125 0.825 0.65625 0.7833333328125001 0.653125 0.7166666671875 0.578125 0.7125 0.54375 0.6916666671875 0.5390625 0.7026041671875001 0.5390625 0.8880952390625
1 0.5390625 1 0.6836206890625001 1 0.675 0.9333333328125001 0.646875 0.9208333328125 0.5390625 0.931101190625 0.5390625 1
1 1 0.685416665625 0.9625 0.6958333328124999 0.9625 0.7166666671875 0.91875 0.7666666671875 0.928125 0.8416666671874999 0.95 0.8583333328125 0.959375 0.8416666671874999 0.96875 0.8583333328125 0.959375 0.875 1 0.9183333328125001 1 0.685416665625
1 1 0.51875 0.8225694453125 0.51875 0.81875 0.5416666671875 0.8375 0.6041666671875 0.946875 0.675 0.953125 0.675 0.959375 0.6583333328125 1 0.665719696875 1 0.51875
1 0.8075892859374999 1 0.81875 0.9791666671874999 0.796875 0.9208333328125 0.734375 0.8833333328125 0.684375 0.9125 0.69375 1 0.8075892859374999 1
1 0.5671875 0.51875 0.55 0.5875 0.553125 0.6916666671875 0.5953125 0.7083333328125 0.6125 0.7083333328125 0.6625 0.6916666671875 0.725 0.6166666671875001 0.725 0.5666666671875 0.7125 0.5541666671875001 0.725 0.5458333328125 0.69859375 0.51875 0.5671875 0.51875
1 0.66875 0.75 0.725 0.7541666671874999 0.734375 0.7541666671874999 0.759375 0.7416666671875 0.7625 0.6708333328125 0.75625 0.6333333328124999 0.73125 0.6208333328125 0.65625 0.7041666671875 0.66875 0.75
1 0.79375 0.8125 0.81875 0.8666666671875 0.828125 0.8666666671875 0.896875 0.8375 0.909375 0.8166666671874999 0.890625 0.7583333328125 0.85625 0.7125 0.840625 0.7125 0.79375 0.8125