1 0.5 0.61875 0.5 0.0068561375 0 0.0043434078125 0 0.5260373125 0.0263548671875 0.5655447031249999 0.03984266875 0.61875 0.5 0.61875
0 0.772494428125 0.61875 0.73984375 0.55958768125 0.691015625 0.49697425156249997 0.671484375 0.486084959375 0.66171875 0.48880728281249997 0.601171875 0.5840885890624999 0.577734375 0.5840885890624999 0.534765625 0.6058671734375001 0.5234689218749999 0.61875 0.772494428125 0.61875
0 1 0.61875 1 0.53018659375 0.99765625 0.521475159375 0.983984375 0.50786354375 0.95859375 0.5105858671875 0.933203125 0.5187528359375 0.921484375 0.529642128125 0.905859375 0.529642128125 0.884375 0.5486983890625 0.88046875 0.5977002046875 0.8842442828125 0.61875 1 0.61875
0 0.93515625 0.45613940625 0.917578125 0.4261938515625 0.8921875 0.4016929453125 0.88828125 0.37991436093750003 0.8765625 0.3581357765625 0.8453125 0.320023253125 0.84140625 0.29824466875 0.819921875 0.268299115625 0.780859375 0.2356312390625 0.775 0.2383535609375 0.741796875 0.268299115625 0.68515625 0.347246484375 0.66953125 0.3744697140625 0.66953125 0.4016929453125 0.72421875 0.5105858671875 0.728125 0.537809096875 0.749609375 0.56775465 0.761328125 0.5623100046875 0.796484375 0.5895332343749999 0.804296875 0.5840885890624999 0.858984375 0.5895332343749999 0.86875 0.5704769734374999 0.884375 0.5051412203125001 0.890234375 0.49697425156249997 0.898046875 0.502418896875 0.917578125 0.49697425156249997 0.93125 0.47791799062500007 0.93515625 0.45613940625
0 1 0.1839071 0.9859375 0.1675731625 0.978125 0.14579457812500002 0.978125 0.102237409375 0.98984375 0.0477909484375 0.98984375 0.0205677171875 0.983984375 0.012400748437500001 0.9546875 0.015123071875 0.870703125 0.050513271875 0.858984375 0.0614025640625 0.84921875 0.075014178125 0.84921875 0.118571346875 0.88046875 0.28191073125 0.9 0.3526911296875 0.905859375 0.3608580984375 0.921484375 0.3608580984375 0.937109375 0.371747390625 0.976171875 0.371747390625 1 0.36163928749999996 1 0.1839071
0 0.5 0.1545060109375 0.50546875 0.162128515625 0.5015625 0.21113033125 0.5484375 0.27646608437500003 0.55625 0.3091339609375 0.55625 0.3526911296875 0.562109375 0.355413453125 0.581640625 0.328190221875 0.593359375 0.328190221875 0.624609375 0.3663027453125 0.655859375 0.3390795140625 0.6734375 0.3145786078125 0.68125 0.2928000234375 0.67734375 0.22201962343749998 0.66171875 0.14579457812500002 0.665625 0.1131267015625 0.66171875 0.03690165625 0.651953125 0.0287346875 0.628515625 0.050513271875 0.608984375 0.050513271875 0.569921875 0.0015114562499999999 0.5640625 0.0042337796875 0.56015625 0.0423463015625 0.546484375 0.0614025640625 0.5 0.0873190796875 0.5 0.1545060109375
0 0.6831784843750001 0 0.665625 0.031457009375 0.66953125 0.1076820546875 0.66171875 0.1349052859375 0.6734375 0.1784624546875 0.68515625 0.2710214390625 0.706640625 0.3009669921875 0.718359375 0.3009669921875 0.749609375 0.2574098234375 0.773046875 0.2356312390625 0.796484375 0.241075884375 0.84140625 0.1730178078125 0.853125 0.14579457812500002 0.8453125 0.1131267015625 0.804296875 0.0559579171875 0.757421875 0.0178453953125 0.7462191265625 0 0.6831784843750001 0
0 0.5 0.5511666281250001 0.5171875 0.5160305125 0.5171875 0.5051412203125001 0.525 0.494251928125 0.52109375 0.434360821875 0.55234375 0.36902506874999996 0.55234375 0.29824466875 0.54453125 0.27646608437500003 0.511328125 0.2301865921875 0.503515625 0.224741946875 0.5 0.2251874171875 0.5 0.5511666281250001
0 0.52890625 0.48336263593749995 0.56015625 0.54325374375 0.589453125 0.5840885890624999 0.597265625 0.5840885890624999 0.62265625 0.5541430359375 0.634375 0.5269198046875 0.6578125 0.494251928125 0.66953125 0.45613940625 0.61484375 0.3581357765625 0.593359375 0.328190221875 0.58359375 0.33091254531250003 0.5328125 0.407137590625 0.52109375 0.434360821875 0.52109375 0.45613940625 0.52890625 0.48336263593749995
0 0.74623635 0 0.753515625 0.012400748437500001 0.788671875 0.0396239796875 0.839453125 0.0995150859375 0.8453125 0.09679276249999999 0.8453125 0.080458825 0.862890625 0.0559579171875 0.925390625 0.023290040625 0.948828125 0.0178453953125 0.9546875 0.009678425000000001 0.9546875 0 0.74623635 0
0 0 1 0.3247916671875 1 0.3171875 0.8479166671874999 0.2828125 0.7770833328125 0.2796875 0.7395833328125 0.2296875 0.73125 0.1859375 0.7479166671875 0.1796875 0.73125 0.1890625 0.7229166671875 0.1453125 0.68125 0.0921875 0.68125 0.0171875 0.7145833328125 0 0.8520833328125 0 1
0 0.32087053593750003 0.61875 0.2890625 0.6979166671875 0.2984375 0.76875 0.3203125 0.81875 0.3953125 0.8395833328125001 0.4109375 0.8395833328125001 0.4546875 0.8229166671874999 0.5 0.708796296875 0.5 0.61875 0.3765625 0.61875 0.32087053593750003 0.61875
0 0.1617708328125 0.61875 0.1546875 0.6354166671875 0.1828125 0.68125 0.2484375 0.70625 0.2515625 0.7104166671875001 0.2828125 0.68125 0.3015625 0.63125 0.30048076875 0.61875 0.1617708328125 0.61875
0 0.3687499984375 1 0.4109375 0.98125 0.4453125 0.9395833328125001 0.4484375 0.8854166671874999 0.4296875 0.85625 0.3296875 0.85625 0.3265625 0.9645833328125001 0.3421875 0.9979166671874999 0.35 1 0.3687499984375 1
1 1 1 1 0.7635817312500001 0.986328125 0.759375 0.931640625 0.7802083328125 0.86328125 0.7463541671875 0.744140625 0.7697916671875 0.734375 0.7828125 0.73828125 0.8817708328125 0.6640625 0.9338541671874999 0.713671875 1 1 1
1 0.558143028125 0.61875 0.517578125 0.634375 0.5 0.6507102265625 0.5 0.8817708328125 0.50390625 0.8973958328125 0.544921875 0.9729166671874999 0.611328125 0.9572916671874999 0.73046875 0.8713541671874999 0.71484375 0.7359375 0.68359375 0.6578125 0.6303267046875 0.61875 0.558143028125 0.61875