1 0.3390625 0 0.2672819015625 0 0.2703125 0.0211206890625 0.2546875 0.037454628125 0.26640625 0.0428992734375 0.26640625 0.05378856562499999 0.2546875 0.06467785781249999 0.2546875 0.10823502656249999 0.2390625 0.14634755 0.198046875 0.1708484578125 0.182421875 0.19262704218749999 0.166796875 0.19807168749999998 0.1609375 0.20623865624999999 0.16484375 0.2334618875 0.182421875 0.2742967328125 0.198046875 0.2797413796875 0.315234375 0.2797413796875 0.32890625 0.298797640625 0.3390625 0.3000845578125 0.3390625 0
1 0 0 0 0.1330081671875 0.030078125 0.159959165625 0.06328125 0.16812613437499999 0.090625 0.16812613437499999 0.09453125 0.1572368421875 0.09453125 0.097345734375 0.121875 0.0265653359375 0.121875 0.01567604375 0.1168139640625 0 0 0
1 0.131640625 0.176293103125 0.1609375 0.20623865624999999 0.166796875 0.2089609796875 0.190234375 0.176293103125 0.233203125 0.15451451875 0.2546875 0.10823502656249999 0.25078125 0.07556715 0.233203125 0.05106624375 0.182421875 0.0183983671875 0.119921875 0.0401769515625 0.0984375 0.08645644218750001 0.09453125 0.1136796734375 0.09453125 0.140902903125 0.104296875 0.159959165625 0.131640625 0.176293103125
1 0.1232181796875 0.4296875 0.158984375 0.394078946875 0.16484375 0.3804673328125 0.155078125 0.3614110703125 0.135546875 0.3614110703125 0.104296875 0.377745009375 0.088671875 0.35052177812499996 0.076953125 0.35052177812499996 0.014453125 0.41585753125 0.0045308421875 0.4296875 0.1232181796875 0.4296875
1 0 0.3972679546875 0.0125 0.4022459171875 0.018359375 0.40496823906249996 0.033984375 0.394078946875 0.0828125 0.33691016406249996 0.0984375 0.2879083484375 0.121875 0.2661297640625 0.12578125 0.228017240625 0.084765625 0.176293103125 0.037890625 0.1654038109375 0 0.138997278125 0 0.3361842109375 0.00078125 0.33691016406249996 0.00078125 0.35324410156249997 0 0.355149728125 0 0.3972679546875
1 0.3390625 0.4296875 0.469348959375 0.4296875 0.371875 0.3270833328125 0.365625 0.3270833328125 0.3390625 0.3548007234375 0.3390625 0.4296875
1 0.3390625 0 0.3390625 0.0620370375 0.4125 0.07291666718749999 0.5375 0.0270833328125 0.55625 0.0020833328125000002 0.5566666671875 0 0.3390625 0
1 0.90625 0 0.8875 0.010416667187500001 0.828125 0.21875 0.828125 0.24375 0.890625 0.2770833328125 0.909375 0.30625 0.98125 0.24375 1 0.21208333281249997 1 0.044583334375 0.9791015625 0 0.90625 0
1 0.9 0.3020833328125 0.84375 0.2604166671875 0.81875 0.2604166671875 0.7875 0.29375 0.771875 0.3479166671875 0.9 0.3729166671875 0.909375 0.33125 0.9 0.3020833328125
1 0.828125 0.1729166671875 0.728125 0.08541666718749999 0.715625 0.08541666718749999 0.653125 0.1270833328125 0.671875 0.2270833328125 0.725 0.28125 0.775 0.28958333281250004 0.796875 0.2770833328125 0.8125 0.24375 0.828125 0.1729166671875
1 0.7465029765625 0 0.73125 0.08541666718749999 0.7875 0.1395833328125 0.825 0.1520833328125 0.8625 0.09375 0.88125 0.0020833328125000002 0.8802083328125001 0 0.7465029765625 0
1 0.5779411765625 0 0.5625 0.04375 0.578125 0.11875 0.63125 0.11875 0.70625 0.07291666718749999 0.734375 0.0354166671875 0.728125 0.0020833328125000002 0.671875 0.00625 0.6583984375 0 0.5779411765625 0
1 0.6373984375 0.4296875 0.6625 0.24375 0.64375 0.16458333281249998 0.61875 0.1354166671875 0.615625 0.1354166671875 0.609375 0.15625 0.55625 0.1604166671875 0.4625 0.26875 0.446875 0.31875 0.45 0.3854166671875 0.486698190625 0.4296875 0.6373984375 0.4296875
1 0.6705729171874999 0.4296875 0.725 0.3604166671875 0.753125 0.3479166671875 0.753125 0.30625 0.6875 0.2645833328125 0.684375 0.2645833328125 0.665625 0.29375 0.646875 0.39375 0.6530949515625 0.4296875 0.6705729171874999 0.4296875
1 0.3390625 0.1733630953125 0.36875 0.2270833328125 0.40625 0.22291666718749997 0.446875 0.18125 0.446875 0.1520833328125 0.484375 0.16875 0.478125 0.14375 0.49375 0.13125 0.5125 0.1520833328125 0.521875 0.07291666718749999 0.509375 0.0645833328125 0.503125 0.0645833328125 0.44375 0.07291666718749999 0.415625 0.09375 0.384375 0.0770833328125 0.3390625 0.08463541718749999 0.3390625 0.1733630953125
0 0.3390625 0.46987806406250004 0.323046875 0.46094884374999995 0.252734375 0.482727428125 0.23125 0.5017836890625 0.23125 0.6270105484374999 0.2234375 0.6487891328125001 0.2234375 0.6923463015625 0.21953125 0.6977909484375 0.2234375 0.77401599375 0.244921875 0.803961546875 0.264453125 0.8148508390625 0.295703125 0.8475187156249999 0.3390625 0.900399840625 0.3390625 0.46987806406250004
0 0.174609375 0.7604043781250001 0.1921875 0.7631267015625001 0.209765625 0.765849025 0.21953125 0.7522374093749999 0.21953125 0.659678425 0.22734375 0.6324551953124999 0.22734375 0.5834533796875 0.2234375 0.55623015 0.213671875 0.5371738890625 0.201953125 0.5371738890625 0.11796875 0.6270105484374999 0.121875 0.659678425 0.15703125 0.7467927624999999 0.174609375 0.7604043781250001
0 0 0.4296875 0 0.5030281796875 0.0046875 0.5235622734375001 0.026171875 0.526284596875 0.084765625 0.5099506578125 0.143359375 0.5153953046875 0.194140625 0.499061365625 0.2078125 0.47456045781249995 0.21171875 0.447337228125 0.21171875 0.4296875 0 0.4296875
0 0.3390625 0.4296875 0.22130859374999998 0.4296875 0.225390625 0.439170259375 0.248828125 0.4500595515625 0.32109375 0.4582265203125 0.338671875 0.46094884374999995 0.3390625 0.460331784375 0.3390625 0.4296875
0 0.3390625 0.4296875 0.22068058906250002 0.4296875 0.225390625 0.439170259375 0.248828125 0.4500595515625 0.3171875 0.4582265203125 0.338671875 0.46094884374999995 0.3390625 0.46034215468750006 0.3390625 0.4296875
0 0.3390625 0.902509640625 0.330859375 0.891075884375 0.256640625 0.8148508390625 0.221484375 0.8094061937499999 0.1765625 0.8992428531249999 0.17265625 0.9155767921875 0.1765625 0.93191073125 0.23099591875 1 0.33072191875 1 0.3390625 0.9830904031250001 0.3390625 0.902509640625
0 0 0.849832690625 0.022265625 0.8420740703125 0.069140625 0.8420740703125 0.088671875 0.8257401312500001 0.119921875 0.8202954859375 0.143359375 0.8094061937499999 0.15703125 0.79034993125 0.16484375 0.77401599375 0.16484375 0.7576820546875 0.14921875 0.7359034703124999 0.116015625 0.65151145625 0.100390625 0.6624007484375 0.045703125 0.673290040625 0.0203125 0.6487891328125001 0.00078125 0.5834533796875 0 0.582053328125 0 0.849832690625
0 0 0.5874461203125 0.0203125 0.6487891328125001 0.04375 0.6705677171875 0.061328125 0.673290040625 0.108203125 0.656956103125 0.11796875 0.6433444875000001 0.11796875 0.621565903125 0.1453125 0.594342671875 0.1375 0.550785503125 0.119921875 0.5153953046875 0.088671875 0.5099506578125 0.084765625 0.5153953046875 0.057421875 0.5153953046875 0 0.5314025640625 0 0.5874461203125
0 0 1 0.20490892187499998 1 0.184375 0.9754678999999999 0.17265625 0.9264660843750001 0.15703125 0.9046875 0.143359375 0.8638526546874999 0.119921875 0.8638526546874999 0.084765625 0.8856312390625 0 0.961856284375 0 1
1 1 0.4296875 0.8787318640624999 0.4296875 0.88203125 0.445783234375 0.909375 0.5274529265625001 0.934765625 0.57373241875 0.94453125 0.576454740625 0.969921875 0.57373241875 1 0.558487409375 1 0.4296875
1 0.3390625 0.4296875 0.3390625 0.8063397984374999 0.341015625 0.8078521999999999 0.3546875 0.7942405859375 0.35859375 0.777906646875 0.372265625 0.7588503859375 0.407421875 0.7588503859375 0.53828125 0.8323531078125 0.544140625 0.8350754312500002 0.55390625 0.821463815625 0.61640625 0.6853476640625 0.62421875 0.6635690796875 0.6203125 0.6417904953125 0.462109375 0.45939484999999997 0.42836303749999993 0.4296875 0.3390625 0.4296875
1 0.3390625 1 0.5912983328125 1 0.58125 0.9194674453125 0.56953125 0.892244215625 0.565625 0.865020984375 0.540234375 0.8350754312500002 0.450390625 0.7806289703125 0.403515625 0.7588503859375 0.380078125 0.7588503859375 0.3546875 0.7942405859375 0.3390625 0.8377977546875 0.3390625 1
1 0.3390625 1 0.5928055828125001 1 0.58125 0.9194674453125 0.56953125 0.892244215625 0.565625 0.865020984375 0.532421875 0.829630784375 0.403515625 0.7588503859375 0.380078125 0.7588503859375 0.3625 0.777906646875 0.35078125 0.805129878125 0.3390625 0.8377977546875 0.3390625 1
1 0.3390625 1 0.4178055828125 1 0.41328125 0.9684692609375001 0.403515625 0.9494129984375 0.395703125 0.943968353125 0.344921875 0.943968353125 0.3390625 0.9469772359374999 0.3390625 1
1 0.6544165046874999 0.4296875 0.67890625 0.4784511109375 0.758984375 0.59006635625 0.790234375 0.6172895875 0.81171875 0.62545655625 0.821484375 0.6281788796875001 0.841015625 0.6172895875 0.90546875 0.53834221875 0.9015625 0.5056743421875 0.8859375 0.46756181874999997 0.8762329109374999 0.4296875 0.6544165046874999 0.4296875
1 1 1 1 0.8171575953125 0.919140625 0.8786325999999999 0.87421875 0.9249120921875 0.8703125 0.95757996875 0.87421875 0.9793585531249999 0.884091525 1 1 1
1 1 0.58044748125 0.985546875 0.57373241875 0.930859375 0.5791770640625 0.909375 0.603677971875 0.8859375 0.6635690796875 0.87421875 0.7452387703125 0.883984375 0.7588503859375 0.923046875 0.7806289703125 0.971875 0.7942405859375 1 0.796854015625 1 0.58044748125
1 0.6203125 0.805129878125 0.6359375 0.821463815625 0.649609375 0.8241861390625 0.669140625 0.813296846875 0.700390625 0.813296846875 0.723828125 0.8024075546875 0.743359375 0.8024075546875 0.821484375 0.76429503125 0.833203125 0.76429503125 0.856640625 0.7479610937500001 0.8703125 0.7289048328125001 0.87421875 0.7071262484374999 0.87421875 0.630901203125 0.864453125 0.6064002953125 0.848828125 0.611844940625 0.833203125 0.6281788796875001 0.805859375 0.6281788796875001 0.766796875 0.6009556484375 0.6828125 0.49478505000000006 0.665234375 0.45939484999999997 0.637890625 0.4321716203125 0.622265625 0.4321716203125 0.563671875 0.47028414218750003 0.54609375 0.5002296953125 0.54609375 0.5220082796875001 0.56171875 0.560120803125 0.606640625 0.611844940625 0.628125 0.6472351406250001 0.628125 0.6635690796875 0.60078125 0.7289048328125001 0.60078125 0.7506834171875 0.6203125 0.805129878125
1 0.7323544078124999 1 0.721875 0.8867995687499999 0.7140625 0.865020984375 0.680859375 0.8241861390625 0.614453125 0.8350754312500002 0.57734375 0.865020984375 0.5734375 0.8867995687499999 0.5890625 0.9358013843750002 0.5967390265625 1 0.7323544078124999 1
1 0.8633158359374999 1 0.86640625 0.995692490625 0.8703125 0.9684692609375001 0.86640625 0.9358013843750002 0.87421875 0.9140228 0.89375 0.892244215625 0.89375 0.8595763390624999 0.87421875 0.777906646875 0.860546875 0.7588503859375 0.844921875 0.7588503859375 0.817578125 0.7751843234375 0.805859375 0.7751843234375 0.758984375 0.8024075546875 0.723828125 0.8078521999999999 0.70234375 0.8269084624999999 0.73359375 0.9085781531249999 0.7296875 0.97391390625 0.733090303125 1 0.799807128125 1 0.805859375 0.9929701671875 0.8134246828125 1 0.8633158359374999 1