1 0.6036551343750001 0 0.61328125 0.02087114375 0.662109375 0.0889292203125 0.68359375 0.0916515421875 0.6953125 0.08076225000000001 0.693359375 0.07259528125 0.701171875 0.07259528125 0.73828125 0.0317604359375 0.73828125 0.009981851562500001 0.7411458328125 0 0.6036551343750001 0
1 1 0.26451905625 0.99609375 0.2495462796875 0.974609375 0.21960072656250001 0.916015625 0.15970961875 0.900390625 0.1705989109375 0.876953125 0.2032667875 0.853515625 0.21960072656250001 0.83984375 0.2441016328125 0.83984375 0.254990925 0.78125 0.3802177859375 0.74609375 0.47277676875 0.703125 0.549001815625 0.6953125 0.5762250453125 0.69921875 0.592558984375 0.712890625 0.6116152453125 0.759765625 0.6497277671874999 0.775390625 0.6551724140624999 0.810546875 0.6932849359375 0.841796875 0.7150635203125 0.853515625 0.7368421046875 0.884765625 0.7586206890625 0.8984375 0.7558983671874999 0.92578125 0.723230490625 0.9609375 0.6361161531249999 0.9765625 0.61433756875 0.984375 0.5816696921875 1 0.5517241375 1 0.26451905625
1 0.37193080312500004 0 0.38671875 0.0480943734375 0.40234375 0.0753176046875 0.41796875 0.12431941875000001 0.45703125 0.19509981875 0.505859375 0.2577132484375 0.525390625 0.268602540625 0.53515625 0.2658802171875 0.595703125 0.1705989109375 0.619140625 0.1705989109375 0.662109375 0.1488203265625 0.68359375 0.12431941875000001 0.68359375 0.10798548125 0.654296875 0.0889292203125 0.62890625 0.0535390203125 0.6008762671875 0 0.37193080312500004 0
1 0.6024064421875 0 0.609375 0.015426496875000001 0.654296875 0.0834845734375 0.666015625 0.094373865625 0.6875 0.0916515421875 0.72265625 0.0480943734375 0.6881510421875 0 0.6024064421875 0
1 0.0562855125 0 0.060546875 0.007259528125 0.080078125 0.0181488203125 0.09375 0.03720508125 0.10546875 0.08620689687500001 0.109375 0.14609800312500001 0.1171875 0.1678765875 0.123046875 0.1760435578125 0.14453125 0.173321234375 0.171875 0.15154265 0.171875 0.129764065625 0.16015625 0.08620689687500001 0.1640625 0.0535390203125 0.1484375 0.0263157890625 0.1460774734375 0 0.0562855125 0
1 0.1484375 0 0.1484375 0.02087114375 0.16796875 0.058983665625 0.1640625 0.10254083437499999 0.19921875 0.23321234062500001 0.212890625 0.24682395625 0.23828125 0.2441016328125 0.263671875 0.23593466406250002 0.275390625 0.225045371875 0.291015625 0.225045371875 0.3125 0.2059891109375 0.31640625 0.1569872953125 0.30859375 0.1134301265625 0.302734375 0.094373865625 0.263671875 0.07259528125 0.24609375 0.0480943734375 0.2429569125 0 0.1484375 0
1 0.392578125 0.1705989109375 0.337890625 0.165154265625 0.328125 0.1842105265625 0.3125 0.2495462796875 0.306640625 0.2577132484375 0.298828125 0.252268603125 0.279296875 0.2577132484375 0.265625 0.276769509375 0.26171875 0.29854809375 0.279296875 0.3284936484375 0.3046875 0.3529945546875 0.30859375 0.3747731390625 0.3203125 0.3965517234375 0.3515625 0.434664246875 0.35546875 0.45644283124999996 0.376953125 0.486388384375 0.416015625 0.5190562609375 0.421875 0.5163339390624999 0.455078125 0.486388384375 0.51171875 0.407441015625 0.52734375 0.3802177859375 0.52734375 0.3529945546875 0.47265625 0.2441016328125 0.46875 0.216878403125 0.447265625 0.18693284999999998 0.435546875 0.19237749531249998 0.400390625 0.165154265625 0.392578125 0.1705989109375
1 0.8541469375 0 0.896484375 0.06715063593750001 0.912109375 0.0834845734375 0.92578125 0.08076225000000001 0.978515625 0.06715063593750001 1 0.05217785781249999 1 0 0.8541469375 0
1 0.220703125 0.382940109375 0.130859375 0.42105263125 0.115234375 0.43194192343750004 0.11328125 0.4401088921875 0.123046875 0.4537205078125 0.130859375 0.4537205078125 0.15234375 0.48366606093750003 0.1875 0.5598911078125 0.2109375 0.5871143375 0.21875 0.608892921875 0.21875 0.652450090625 0.20703125 0.7068965515625 0.20703125 0.7341197828125 0.212890625 0.7422867515625 0.2421875 0.739564428125 0.326171875 0.7041742281250001 0.337890625 0.6932849359375 0.34765625 0.679673321875 0.34765625 0.6361161531249999 0.31640625 0.47277676875 0.296875 0.40199637031249996 0.291015625 0.3938294015625 0.275390625 0.3938294015625 0.259765625 0.382940109375 0.220703125 0.382940109375
1 0.001953125 0.6225045375 0 0.8157894734375001 0.0390625 0.8157894734375001 0.0546875 0.8049001812500001 0.06640625 0.6742286749999999 0.056640625 0.6551724140624999 0.001953125 0.6225045375
1 0.076171875 0.4537205078125 0.001953125 0.4591651546875 0 0.8321234125 0.021484375 0.8348457343750001 0.025390625 0.8457350265624999 0.087890625 0.8457350265624999 0.099609375 0.84029038125 0.138671875 0.8511796734375 0.18359375 0.84845735 0.201171875 0.84029038125 0.20703125 0.8157894734375001 0.20703125 0.70145190625 0.21875 0.6470054453125 0.21484375 0.5980036296875 0.1875 0.5598911078125 0.1484375 0.47822141562500003 0.126953125 0.4537205078125 0.080078125 0.44827586249999996 0.076171875 0.4537205078125
1 0.11328125 0.434664246875 0.09375 0.3421052625 0.0859375 0.325771325 0.044921875 0.2631578953125 0.001953125 0.225045371875 0 0.45644283124999996 0.03515625 0.45644283124999996 0.107421875 0.44827586249999996 0.11328125 0.434664246875
1 0 0.6034482765625 0.017578125 0.6279491828125 0.03515625 0.6361161531249999 0.083984375 0.6061705984375 0.1015625 0.5762250453125 0.1015625 0.549001815625 0.09375 0.52722323125 0.068359375 0.49183303125 0.037109375 0.5027223234375 0 0.52722323125 0 0.6034482765625
1 0.677734375 0.68239564375 0.658203125 0.687840290625 0.63671875 0.7123411984375 0.63671875 0.766787659375 0.685546875 0.8457350265624999 0.693359375 0.8511796734375 0.78125 0.84845735 0.787109375 0.8348457343750001 0.806640625 0.8294010890625 0.828125 0.7994555359375 0.828125 0.7722323046875 0.8203125 0.7558983671874999 0.8125 0.70145190625 0.794921875 0.68239564375 0.763671875 0.6551724140624999 0.740234375 0.644283121875 0.677734375 0.68239564375
1 0.640625 0.40199637031249996 0.634765625 0.399274046875 0.615234375 0.426497278125 0.603515625 0.426497278125 0.572265625 0.3883847546875 0.541015625 0.4156079859375 0.5234375 0.4401088921875 0.515625 0.46188747656249995 0.51953125 0.5326678765625 0.53515625 0.608892921875 0.53125 0.6415607984375 0.53515625 0.71778584375 0.544921875 0.7259528125 0.568359375 0.7041742281250001 0.587890625 0.7041742281250001 0.626953125 0.75317604375 0.6328125 0.7504537203125 0.63671875 0.7123411984375 0.650390625 0.6932849359375 0.728515625 0.6497277671874999 0.73046875 0.6361161531249999 0.712890625 0.6225045375 0.69140625 0.592558984375 0.6953125 0.54355716875 0.6484375 0.47822141562500003 0.640625 0.4455535390625 0.640625 0.40199637031249996
1 0.423828125 0.5190562609375 0.400390625 0.513611615625 0.35546875 0.5816696921875 0.34375 0.608892921875 0.3515625 0.6415607984375 0.392578125 0.6987295828125 0.439453125 0.7368421046875 0.466796875 0.7803992734375 0.474609375 0.7858439203125 0.4921875 0.7831215968749999 0.50390625 0.7722323046875 0.53125 0.723230490625 0.52734375 0.6470054453125 0.53515625 0.6197822140625 0.5234375 0.5762250453125 0.51171875 0.48366606093750003 0.490234375 0.4537205078125 0.478515625 0.4537205078125 0.447265625 0.49727767656250005 0.423828125 0.5190562609375
1 0.671875 0.8539019968750001 0.6796875 0.84845735 0.671875 0.8266787656249999 0.591796875 0.709618875 0.568359375 0.7041742281250001 0.53125 0.745009075 0.52734375 0.7558983671874999 0.53125 0.766787659375 0.52734375 0.84845735 0.533203125 0.85662431875 0.671875 0.8539019968750001
1 1 0.7259528125 0.978515625 0.7259528125 0.974609375 0.731397459375 0.970703125 0.7259528125 0.931640625 0.7259528125 0.8984375 0.766787659375 0.8984375 0.7940108890625 0.90625 0.8212341203125 0.923828125 0.8511796734375 0.962890625 0.8511796734375 0.966796875 0.85662431875 1 0.8563218390625 1 0.7259528125
1 0.865234375 0.8511796734375 0.90625 0.84845735 0.9140625 0.8430127046875 0.90234375 0.8157894734375001 0.8984375 0.7722323046875 0.849609375 0.7368421046875 0.833984375 0.7150635203125 0.818359375 0.709618875 0.8203125 0.7504537203125 0.83203125 0.7994555359375 0.84375 0.8212341203125 0.865234375 0.8511796734375
1 1 0.7259528125 0.931640625 0.7259528125 0.8984375 0.766787659375 0.90625 0.8212341203125 0.931640625 0.85662431875 1 0.8547560578125 1 0.7259528125
1 1 0.2399380796875 0.99609375 0.2441016328125 1 0.260435571875 1 0.2399380796875
1 0.671875 0.260435571875 0.67578125 0.320326678125 0.64453125 0.38566243125 0.64453125 0.45644283124999996 0.65234375 0.47822141562500003 0.685546875 0.5245009078125 0.693359375 0.5299455531249999 0.71484375 0.52722323125 0.74609375 0.46733212343749997 0.84765625 0.2277676953125 0.841796875 0.2141560796875 0.826171875 0.208711434375 0.806640625 0.18693284999999998 0.751953125 0.11070780468750001 0.73828125 0.1188747734375 0.6796875 0.23865698750000003 0.6796875 0.2495462796875 0.671875 0.260435571875
1 0.74609375 0 0.74609375 0.0644283125 0.75390625 0.1134301265625 0.775390625 0.13248638906250002 0.822265625 0.2032667875 0.837890625 0.2141560796875 0.859375 0.21143375625 0.876953125 0.1978221421875 0.91015625 0.15154265 0.91796875 0.129764065625 0.91015625 0.08620689687500001 0.85537574375 0 0.74609375 0
1 0.5390625 0.260435571875 0.52734375 0.29854809375 0.58203125 0.3965517234375 0.603515625 0.426497278125 0.61328125 0.42377495468750004 0.6640625 0.34754990937499997 0.67578125 0.320326678125 0.67578125 0.29854809375 0.66796875 0.2713248640625 0.63671875 0.21143375625 0.607421875 0.1705989109375 0.599609375 0.1705989109375 0.57421875 0.20054446406249998 0.5625 0.2277676953125 0.5390625 0.260435571875
1 0.271484375 0.731397459375 0.248046875 0.7368421046875 0.2421875 0.745009075 0.2421875 0.7613430125 0.2578125 0.8157894734375001 0.287109375 0.8457350265624999 0.314453125 0.85662431875 0.41015625 0.8539019968750001 0.4453125 0.810344828125 0.4609375 0.7831215968749999 0.4609375 0.7722323046875 0.443359375 0.7422867515625 0.408203125 0.7150635203125 0.357421875 0.6551724140624999 0.3515625 0.6578947375 0.3515625 0.6742286749999999 0.333984375 0.6987295828125 0.271484375 0.731397459375
1 0.1015625 0.0698729578125 0.091796875 0.050816696875 0.060546875 0.0453720515625 0.0390625 0.08076225000000001 0.0390625 0.1188747734375 0.064453125 0.1488203265625 0.09375 0.14609800312500001 0.10546875 0.129764065625 0.1015625 0.0698729578125