1 1 0.623411978125 0.99609375 0.6125226859375 0.931640625 0.500907440625 0.908203125 0.5063520875 0.876953125 0.528130671875 0.787109375 0.5335753171875 0.734375 0.607078040625 0.828125 0.8303085296875 0.849609375 0.849364790625 0.86328125 0.84664246875 0.908203125 0.8221415609375 0.998046875 0.718693284375 1 0.71519315625 1 0.623411978125
1 0.927734375 0.24500907500000002 0.896484375 0.24500907500000002 0.833984375 0.27223230468750004 0.818359375 0.2994555359375 0.763671875 0.3430127046875 0.74609375 0.3675136109375 0.71875 0.449183303125 0.71875 0.4709618875 0.7265625 0.49274047187500003 0.755859375 0.5226860249999999 0.767578125 0.528130671875 0.875 0.5254083484375001 0.923828125 0.4954627953125 0.939453125 0.47912885625 0.95703125 0.4546279484375 0.97265625 0.3947368421875 0.97265625 0.362068965625 0.9765625 0.35662431875 0.97265625 0.291288565625 0.962890625 0.266787659375 0.951171875 0.266787659375 0.927734375 0.24500907500000002
1 0.7411458328125 1 0.74609375 0.9827586203124999 0.794921875 0.9255898359374999 0.806640625 0.920145190625 0.8359375 0.8629764062499999 0.8359375 0.841197821875 0.8203125 0.8194192375 0.8125 0.7867513609375 0.7578125 0.67241379375 0.7578125 0.6615245015625 0.734375 0.607078040625 0.75 0.5744101640625 0.77734375 0.5417422875 0.748046875 0.5226860249999999 0.740234375 0.5226860249999999 0.716796875 0.5444646093750001 0.681640625 0.593466425 0.658203125 0.6098003624999999 0.646484375 0.631578946875 0.599609375 0.6805807625 0.58203125 0.7050816703125 0.57421875 0.7431941921874999 0.578125 0.7649727765625001 0.609375 0.841197821875 0.5859375 0.8793103453125 0.578125 0.9446460984374999 0.6036551343750001 1 0.7411458328125 1
1 0.6008762671875 1 0.576171875 0.9528130671874999 0.521484375 0.9582577125 0.50390625 0.9337568062500001 0.484375 0.8793103453125 0.48046875 0.841197821875 0.470703125 0.8384754984375 0.443359375 0.8602540828125 0.412109375 0.9092558984375 0.376953125 0.936479128125 0.36328125 0.9609800359375 0.36328125 0.9718693281249999 0.37193080312500004 1 0.6008762671875 1
1 0.6881510421875 1 0.6875 0.999092559375 0.6875 0.9882032671875001 0.6484375 0.911978221875 0.60546875 0.841197821875 0.57421875 0.7431941921874999 0.57421875 0.7050816703125 0.580078125 0.7078039921875 0.60546875 0.666969146875 0.580078125 0.65335753125 0.564453125 0.65335753125 0.552734375 0.6424682390625 0.533203125 0.6424682390625 0.50390625 0.6833030859375 0.53125 0.754083484375 0.53125 0.7649727765625001 0.48828125 0.8303085296875 0.484375 0.8629764062499999 0.49609375 0.9065335749999999 0.50390625 0.928312159375 0.521484375 0.9528130671874999 0.533203125 0.9582577125 0.548828125 0.9582577125 0.576171875 0.941923775 0.6024064421875 1 0.6881510421875 1
1 0.544921875 0.4246823953125 0.53125 0.43829401093750003 0.5234375 0.4600725953125 0.5 0.5689655171875 0.49609375 0.6125226859375 0.548828125 0.6424682390625 0.607421875 0.658802178125 0.6171875 0.6560798546875 0.67578125 0.5907441015625 0.68359375 0.563520871875 0.68359375 0.536297640625 0.66015625 0.5090744109374999 0.65234375 0.4709618875 0.638671875 0.441016334375 0.591796875 0.4246823953125 0.560546875 0.4246823953125 0.556640625 0.41923775 0.544921875 0.4246823953125
1 0.671875 0.209618875 0.66796875 0.204174228125 0.671875 0.16061705937499998 0.623046875 0.09800362968750001 0.591796875 0.0707804 0.580078125 0.0707804 0.53515625 0.138838475 0.51953125 0.18239564375 0.51953125 0.204174228125 0.5 0.24773139687499998 0.46484375 0.41651542656249996 0.453125 0.4981851171875 0.45703125 0.5417422875 0.466796875 0.5553539015625 0.49609375 0.5744101640625 0.50390625 0.563520871875 0.515625 0.487295825 0.53125 0.43829401093750003 0.552734375 0.41923775 0.634765625 0.43557168749999997 0.640625 0.42740471874999997 0.63671875 0.41651542656249996 0.640625 0.362068965625 0.671875 0.31306715 0.671875 0.209618875
1 0.51953125 0.21506352031249998 0.568359375 0.27223230468750004 0.595703125 0.28856624375 0.609375 0.2858439203125 0.623046875 0.2776769515625 0.65234375 0.2368421046875 0.66796875 0.1987295828125 0.671875 0.16061705937499998 0.603515625 0.07622504531249999 0.580078125 0.0707804 0.5625 0.0898366609375 0.53515625 0.138838475 0.51953125 0.18239564375 0.51953125 0.21506352031249998
1 0.896484375 0.136116153125 0.849609375 0.136116153125 0.798828125 0.15245009062499998 0.794921875 0.14700544531249998 0.755859375 0.14700544531249998 0.697265625 0.1633393828125 0.6796875 0.18784029062500002 0.67578125 0.204174228125 0.67578125 0.2368421046875 0.671875 0.2422867515625 0.67578125 0.30762250468749996 0.69921875 0.37840290312499997 0.712890625 0.397459165625 0.73046875 0.4001814875 0.767578125 0.3375680578125 0.810546875 0.30490018124999996 0.837890625 0.266787659375 0.873046875 0.25589836718750003 0.884765625 0.24500907500000002 0.943359375 0.23411978281249998 0.9453125 0.204174228125 0.9375 0.1715063515625 0.923828125 0.15245009062499998 0.896484375 0.136116153125
1 0.65625 0.4981851171875 0.677734375 0.528130671875 0.701171875 0.5390199640625 0.7265625 0.536297640625 0.73828125 0.519963703125 0.73828125 0.5090744109374999 0.71875 0.47640653281249995 0.7265625 0.41107077968750005 0.6953125 0.3729582578125 0.673828125 0.3157894734375 0.65234375 0.34029038125 0.63671875 0.37840290312499997 0.640625 0.42740471874999997 0.65625 0.4981851171875
1 0 0.3947368421875 0.029296875 0.40290381093749994 0.04296875 0.42740471874999997 0.05078125 0.48185117968749996 0.0546875 0.60163339375 0.060546875 0.6098003624999999 0.06640625 0.607078040625 0.09765625 0.60163339375 0.0859375 0.42196007187499995 0.10546875 0.4001814875 0.10546875 0.38929219531250003 0.083984375 0.353901996875 0.009765625 0.3593466421875 0 0.3675136109375 0 0.3947368421875
1 0 0.362068965625 0.0078125 0.362068965625 0.068359375 0.353901996875 0.078125 0.3457350265625 0.046875 0.2803992734375 0.03125 0.1987295828125 0.013671875 0.174228675 0 0.1769509984375 0 0.362068965625
1 0.115234375 0.3157894734375 0.052734375 0.239564428125 0.044921875 0.239564428125 0.046875 0.274954628125 0.05859375 0.3021778578125 0.115234375 0.39201451875000004 0.125 0.38929219531250003 0.162109375 0.3811252265625 0.228515625 0.3375680578125 0.251953125 0.3157894734375 0.2578125 0.3021778578125 0.25 0.274954628125 0.224609375 0.239564428125 0.212890625 0.239564428125 0.166015625 0.2994555359375 0.134765625 0.3157894734375 0.115234375 0.3157894734375
1 0.099609375 0.0816696921875 0.080078125 0.0871143375 0.037109375 0.1252268609375 0.01953125 0.15517241406249999 0.01953125 0.1715063515625 0.0390625 0.21506352031249998 0.099609375 0.2994555359375 0.123046875 0.3212341203125 0.12890625 0.31851179687500003 0.150390625 0.31034482812499997 0.181640625 0.283121596875 0.205078125 0.24500907500000002 0.2265625 0.22595281250000002 0.23046875 0.15517241406249999 0.22265625 0.1333938296875 0.19140625 0.0898366609375 0.177734375 0.0598911078125 0.130859375 0.0598911078125 0.099609375 0.0816696921875
1 0.166015625 0 0.15234375 0.0408348453125 0.158203125 0.049001815625 0.173828125 0.049001815625 0.185546875 0.0598911078125 0.224609375 0.02722323125 0.244140625 0.02722323125 0.2734375 0.073502721875 0.27734375 0.10617059843750001 0.25 0.1715063515625 0.234375 0.18784029062500002 0.2265625 0.23139745937499998 0.259765625 0.2940108890625 0.291015625 0.30490018124999996 0.30859375 0.3021778578125 0.3359375 0.26950998125000003 0.375 0.138838475 0.375 0.10072595312499999 0.3515625 0.0190562609375 0.337890625 0 0.166015625 0
1 0.43359375 0.25317604375 0.4296875 0.2368421046875 0.416015625 0.223230490625 0.361328125 0.239564428125 0.314453125 0.30490018124999996 0.287109375 0.31034482812499997 0.263671875 0.2994555359375 0.248046875 0.326678765625 0.216796875 0.34845735 0.203125 0.3675136109375 0.263671875 0.37568058125000003 0.294921875 0.39201451875000004 0.30859375 0.4328493640625 0.3203125 0.536297640625 0.361328125 0.5607985484375 0.390625 0.558076225 0.439453125 0.49001814843749997 0.4453125 0.4981851171875 0.4296875 0.519963703125 0.43359375 0.5308529953125001 0.4296875 0.536297640625 0.44921875 0.536297640625 0.44921875 0.48185117968749996 0.4609375 0.43829401093750003 0.453125 0.362068965625 0.43359375 0.25317604375
1 0.236328125 0.179673321875 0.24609375 0.1769509984375 0.27734375 0.10617059843750001 0.27734375 0.08439201406249999 0.244140625 0.02722323125 0.228515625 0.02722323125 0.197265625 0.049001815625 0.18359375 0.073502721875 0.22265625 0.1333938296875 0.23046875 0.1497277671875 0.23046875 0.1715063515625 0.236328125 0.179673321875
1 0.236328125 0.179673321875 0.24609375 0.1769509984375 0.27734375 0.10617059843750001 0.27734375 0.08439201406249999 0.244140625 0.02722323125 0.228515625 0.02722323125 0.193359375 0.054446460937499996 0.18359375 0.073502721875 0.21875 0.1279491828125 0.23046875 0.15517241406249999 0.23046875 0.1715063515625 0.236328125 0.179673321875
1 0.103515625 0.40290381093749994 0.0859375 0.4328493640625 0.10546875 0.628856625 0.123046875 0.658802178125 0.138671875 0.6696914703125 0.1953125 0.67241379375 0.291015625 0.658802178125 0.30859375 0.628856625 0.31640625 0.5907441015625 0.31640625 0.5090744109374999 0.3046875 0.42196007187499995 0.30078125 0.405626134375 0.287109375 0.3865698734375 0.267578125 0.3811252265625 0.134765625 0.3865698734375 0.103515625 0.40290381093749994
1 0.1460774734375 1 0.14453125 0.9827586203124999 0.15234375 0.9555353906249999 0.1796875 0.911978221875 0.171875 0.8085299453125 0.150390625 0.7949183296875 0.107421875 0.81125226875 0.072265625 0.8384754984375 0.025390625 0.8384754984375 0.013671875 0.8439201453124999 0 0.8629764062499999 0 0.8793103453125 0.04296875 0.9773139750000001 0.0562855125 1 0.1460774734375 1
1 0 0.84664246875 0.0078125 0.84664246875 0.013671875 0.8384754984375 0.080078125 0.8330308531249999 0.103515625 0.81125226875 0.154296875 0.7840290375000001 0.1796875 0.7159709624999999 0.17578125 0.694192378125 0.162109375 0.675136115625 0.123046875 0.6642468234375001 0.10546875 0.6343012703124999 0.099609375 0.6098003624999999 0.087890625 0.6043557171875 0.064453125 0.6098003624999999 0.05078125 0.6506352093750001 0.041015625 0.6642468234375001 0 0.6778584390625 0 0.84664246875
1 0.01953125 0.67241379375 0.05078125 0.6506352093750001 0.0546875 0.558076225 0.05078125 0.5526315796875 0.05078125 0.4981851171875 0.046875 0.49274047187500003 0.04296875 0.42740471874999997 0.029296875 0.40290381093749994 0.001953125 0.397459165625 0 0.67241379375 0.01953125 0.67241379375
1 0.2429569125 1 0.2421875 0.9882032671875001 0.25 0.9555353906249999 0.216796875 0.9528130671874999 0.185546875 0.9255898359374999 0.177734375 0.9255898359374999 0.1640625 0.9392014515625 0.1484375 0.9718693281249999 0.1484375 1 0.2429569125 1
1 0.392578125 0.588021778125 0.373046875 0.6098003624999999 0.365234375 0.6261343015625 0.310546875 0.6860254078125 0.28125 0.7268602546875 0.26953125 0.754083484375 0.2890625 0.7704174234375001 0.29296875 0.8030853 0.26953125 0.8629764062499999 0.26953125 0.8956442828125001 0.26171875 0.911978221875 0.2578125 0.9446460984374999 0.322265625 0.9473684203125 0.345703125 0.9637023593749999 0.35546875 0.9609800359375 0.373046875 0.936479128125 0.404296875 0.9147005437500001 0.443359375 0.8548094374999999 0.490234375 0.8166969140625 0.5234375 0.75952813125 0.50390625 0.694192378125 0.48828125 0.666969146875 0.431640625 0.588021778125 0.416015625 0.5771324859375 0.392578125 0.588021778125
1 1 0.8520871140624999 0.99609375 0.8357531765624999 0.99609375 0.797640653125 0.990234375 0.7840290375000001 0.978515625 0.7785843921875 0.947265625 0.7840290375000001 0.900390625 0.8330308531249999 0.873046875 0.849364790625 0.845703125 0.8548094374999999 0.83203125 0.8847549906250001 0.83203125 0.928312159375 0.83984375 0.9773139750000001 0.8541469375 1 1 1 1 0.8520871140624999
1 1 0.7214156078125 0.984375 0.7431941921874999 0.994140625 0.7676951 1 0.76606170625 1 0.7214156078125
1 1 0.36070780468749997 0.994140625 0.36479128906249997 0.9765625 0.362068965625 0.9765625 0.38384755 0.9609375 0.449183303125 0.93359375 0.49274047187500003 0.984375 0.5907441015625 0.998046875 0.6043557171875 1 0.6034482765625 1 0.36070780468749997
1 0.85537574375 1 0.849609375 0.9909255890625 0.814453125 0.9745916515624999 0.759765625 0.9691470046875 0.74609375 0.9936479125 0.74609375 1 0.85537574375 1
1 0.369140625 0 0.3515625 0.013611615625 0.375 0.10072595312499999 0.37109375 0.1497277671875 0.376953125 0.1578947375 0.3828125 0.15517241406249999 0.427734375 0.1415607984375 0.4453125 0.12250453750000001 0.44921875 0.10072595312499999 0.4453125 0.0462794921875 0.431640625 0 0.369140625 0
1 0.552734375 0.09800362968750001 0.576171875 0.0707804 0.591796875 0.06533575312499999 0.638671875 0.11433756875000001 0.65234375 0.1116152453125 0.671875 0.0626134296875 0.673828125 0 0.4375 0.0027223234375 0.4453125 0.0462794921875 0.46484375 0.0680580765625 0.46875 0.08439201406249999 0.486328125 0.10889292187499999 0.505859375 0.11433756875000001 0.537109375 0.09800362968750001 0.552734375 0.09800362968750001