1 0 0.71519315625 0.01171875 0.694192378125 0.01171875 0.6560798546875 0 0.623411978125 0 0.71519315625
1 0.7628580734375 1 0.7578125 0.9718693281249999 0.7578125 0.9337568062500001 0.771484375 0.9147005437500001 0.802734375 0.9092558984375 0.80859375 0.9010889296875 0.796875 0.797640653125 0.78125 0.754083484375 0.751953125 0.718693284375 0.693359375 0.6860254078125 0.6953125 0.67241379375 0.689453125 0.6642468234375001 0.662109375 0.65335753125 0.591796875 0.675136115625 0.568359375 0.675136115625 0.517578125 0.6969147 0.5078125 0.710526315625 0.5078125 0.7214156078125 0.47265625 0.8139745921875001 0.47265625 0.841197821875 0.48046875 0.8575317609375 0.4921875 0.9555353906249999 0.5 0.9773139750000001 0.5143031875 1 0.7628580734375 1
1 0.873046875 0.45735027187500005 0.830078125 0.4246823953125 0.822265625 0.4246823953125 0.814453125 0.43557168749999997 0.8125 0.42740471874999997 0.8203125 0.42196007187499995 0.814453125 0.413793103125 0.802734375 0.40290381093749994 0.791015625 0.40290381093749994 0.771484375 0.3811252265625 0.736328125 0.370235934375 0.669921875 0.3321234125 0.654296875 0.3321234125 0.626953125 0.37568058125000003 0.60546875 0.38929219531250003 0.6015625 0.4001814875 0.6015625 0.4600725953125 0.607421875 0.4682395640625 0.642578125 0.46279491874999995 0.67578125 0.48185117968749996 0.67578125 0.5036297640625 0.66015625 0.563520871875 0.6796875 0.5961887484374999 0.68359375 0.623411978125 0.66796875 0.6451905625000001 0.673828125 0.65335753125 0.697265625 0.65335753125 0.716796875 0.6261343015625 0.740234375 0.6206896546875 0.7734375 0.6615245015625 0.78515625 0.694192378125 0.78515625 0.710526315625 0.814453125 0.7513611609375 0.85546875 0.7486388390625 0.8671875 0.7323049 0.87109375 0.6615245015625 0.880859375 0.6424682390625 0.888671875 0.6424682390625 0.8984375 0.628856625 0.90234375 0.6125226859375 0.9140625 0.5090744109374999 0.91015625 0.487295825 0.880859375 0.45735027187500005 0.873046875 0.45735027187500005
1 0.7734375 0.7323049 0.78515625 0.694192378125 0.7734375 0.666969146875 0.744140625 0.6261343015625 0.724609375 0.6206896546875 0.69140625 0.666969146875 0.69140625 0.68874773125 0.697265625 0.6969147 0.748046875 0.718693284375 0.763671875 0.7350272234374999 0.7734375 0.7323049
1 0.8430989578125001 1 0.84375 0.999092559375 0.84765625 0.9773139750000001 0.84375 0.9446460984374999 0.8359375 0.9228675140625 0.818359375 0.9092558984375 0.775390625 0.9147005437500001 0.76171875 0.9337568062500001 0.7578125 0.9555353906249999 0.7650627375 1 0.8430989578125001 1
1 0.267578125 0.0108892921875 0.26171875 0.0190562609375 0.23046875 0.1769509984375 0.234375 0.2858439203125 0.248046875 0.30490018124999996 0.25390625 0.3021778578125 0.314453125 0.25589836718750003 0.337890625 0.25589836718750003 0.365234375 0.27223230468750004 0.37890625 0.2640653359375 0.42578125 0.08439201406249999 0.42578125 0.0353902 0.419921875 0.0163339390625 0.404296875 0.005444646875 0.291015625 0.005444646875 0.267578125 0.0108892921875
1 0.091796875 0 0.08203125 0.0245009078125 0.078125 0.057168784375000004 0.06640625 0.0898366609375 0.0703125 0.1715063515625 0.05859375 0.21506352031249998 0.05859375 0.2803992734375 0.046875 0.34029038125 0.07421875 0.41107077968750005 0.08203125 0.4546279484375 0.146484375 0.5335753171875 0.154296875 0.5390199640625 0.17578125 0.536297640625 0.189453125 0.5172413796875001 0.306640625 0.5172413796875001 0.322265625 0.5117967328125 0.33984375 0.4709618875 0.34375 0.44373865625000003 0.337890625 0.43557168749999997 0.322265625 0.43012704218750003 0.306640625 0.40834845781249995 0.265625 0.38384755 0.25 0.3457350265625 0.25 0.3021778578125 0.23828125 0.291288565625 0.23828125 0.2803992734375 0.25 0.274954628125 0.234375 0.2586206890625 0.23828125 0.23139745937499998 0.25 0.21506352031249998 0.25 0.1987295828125 0.2421875 0.1932849359375 0.2421875 0.18239564375 0.25390625 0.1769509984375 0.25 0.15517241406249999 0.2578125 0.138838475 0.2578125 0.09528130625 0.27734375 0.07894736875 0.26953125 0.0680580765625 0.26953125 0.0353902 0.283203125 0.021778584375 0.310546875 0.021778584375 0.310546875 0.0108892921875 0.267578125 0.0108892921875 0.259765625 0.0163339390625 0.248046875 0.005444646875 0.220703125 0.005444646875 0.216796875 0 0.091796875 0
1 0.091796875 0 0.08203125 0.0190562609375 0.0625 0.1116152453125 0.0703125 0.144283121875 0.0703125 0.1715063515625 0.05859375 0.209618875 0.05859375 0.2858439203125 0.05078125 0.31851179687500003 0.05078125 0.362068965625 0.0703125 0.4001814875 0.08203125 0.4546279484375 0.146484375 0.5335753171875 0.16796875 0.5417422875 0.1875 0.519963703125 0.19140625 0.4600725953125 0.19921875 0.44373865625000003 0.2109375 0.362068965625 0.23046875 0.291288565625 0.2265625 0.18239564375 0.25390625 0.057168784375000004 0.25 0.0245009078125 0.2578125 0.0190562609375 0.251953125 0.0108892921875 0.224609375 0.0108892921875 0.212890625 0 0.091796875 0
1 0.41796875 0.144283121875 0.3828125 0.25317604375 0.3828125 0.2640653359375 0.41015625 0.334845734375 0.41015625 0.3947368421875 0.4140625 0.405626134375 0.44140625 0.405626134375 0.474609375 0.397459165625 0.529296875 0.34845735 0.5546875 0.31306715 0.5703125 0.274954628125 0.5625 0.2422867515625 0.484375 0.10072595312499999 0.455078125 0.0598911078125 0.443359375 0.06533575312499999 0.42578125 0.0898366609375 0.41796875 0.144283121875
1 0.25 0.3457350265625 0.271484375 0.39201451875000004 0.314453125 0.413793103125 0.337890625 0.4464609796875 0.34375 0.44373865625000003 0.373046875 0.413793103125 0.400390625 0.397459165625 0.41015625 0.37840290312499997 0.41015625 0.3511796734375 0.40625 0.32395644218749997 0.384765625 0.2776769515625 0.322265625 0.25589836718750003 0.271484375 0.28856624375 0.25390625 0.31306715 0.25 0.3457350265625
1 0.935546875 0.06533575312499999 0.90625 0.09528130625 0.90625 0.1769509984375 0.9296875 0.2586206890625 0.96484375 0.31851179687500003 0.982421875 0.3321234125 1 0.3294010890625 0.998046875 0.021778584375 0.935546875 0.06533575312499999
1 0.763671875 0.174228675 0.830078125 0.2504537203125 0.857421875 0.2776769515625 0.875 0.2803992734375 0.896484375 0.27223230468750004 0.91796875 0.2368421046875 0.8984375 0.1279491828125 0.87109375 0.073502721875 0.845703125 0.04355716875 0.794921875 0.0163339390625 0.763671875 0.02722323125 0.72265625 0.08439201406249999 0.73828125 0.1333938296875 0.763671875 0.174228675
1 0.52734375 0.49274047187500003 0.5390625 0.5308529953125001 0.546875 0.536297640625 0.576171875 0.5172413796875001 0.59375 0.487295825 0.59375 0.44373865625000003 0.57421875 0.4001814875 0.5703125 0.37840290312499997 0.556640625 0.3593466421875 0.533203125 0.36479128906249997 0.51953125 0.38929219531250003 0.51953125 0.43829401093750003 0.52734375 0.49274047187500003
1 0.591796875 0.37568058125000003 0.609375 0.3729582578125 0.619140625 0.370235934375 0.6484375 0.32395644218749997 0.65234375 0.2586206890625 0.6484375 0.2422867515625 0.630859375 0.22867513593750002 0.615234375 0.2504537203125 0.580078125 0.25589836718750003 0.5546875 0.31306715 0.5546875 0.32395644218749997 0.591796875 0.37568058125000003
1 0.568359375 0.25589836718750003 0.60546875 0.25317604375 0.619140625 0.24500907500000002 0.62890625 0.22595281250000002 0.625 0.1932849359375 0.62890625 0.1497277671875 0.619140625 0.1252268609375 0.611328125 0.1197822140625 0.560546875 0.1197822140625 0.5234375 0.1497277671875 0.5234375 0.1769509984375 0.568359375 0.25589836718750003
1 0.513671875 0.14700544531249998 0.52734375 0.144283121875 0.56640625 0.1116152453125 0.56640625 0.09528130625 0.578125 0.0626134296875 0.58203125 0.0027223234375 0.470703125 0 0.453125 0.029945553125000003 0.44921875 0.0517241375 0.46875 0.073502721875 0.484375 0.10617059843750001 0.513671875 0.14700544531249998
1 0.2560221359375 1 0.26171875 0.9936479125 0.279296875 0.9582577125 0.314453125 0.9310344828125 0.375 0.84664246875 0.3984375 0.8030853 0.41015625 0.7649727765625001 0.41015625 0.7050816703125 0.365234375 0.6479128859375 0.263671875 0.5553539015625 0.248046875 0.5553539015625 0.20703125 0.607078040625 0.17578125 0.6996370234375 0.1484375 0.754083484375 0.16796875 0.8030853 0.16796875 0.8629764062499999 0.171875 0.8684210531250001 0.16796875 0.9718693281249999 0.2005709140625 1 0.2560221359375 1
1 0.416015625 0.588021778125 0.400390625 0.6152450093749999 0.369140625 0.5989110703125 0.349609375 0.5989110703125 0.33984375 0.6179673328125 0.345703125 0.631578946875 0.400390625 0.6860254078125 0.4140625 0.7159709624999999 0.4140625 0.7486388390625 0.3984375 0.8085299453125 0.33203125 0.911978221875 0.365234375 0.936479128125 0.390625 0.9392014515625 0.408203125 0.920145190625 0.416015625 0.920145190625 0.4375 0.8901996375 0.4453125 0.8629764062499999 0.4609375 0.841197821875 0.51171875 0.6996370234375 0.5078125 0.6778584390625 0.490234375 0.65335753125 0.427734375 0.588021778125 0.416015625 0.588021778125
1 0.29171674687500004 1 0.283203125 0.9691470046875 0.2586082171875 1 0.29171674687500004 1
1 0.19618055625 1 0.169921875 0.9800362968749999 0.15625 0.999092559375 0.15625 1 0.19618055625 1
1 0.366796875 1 0.365234375 0.9963702359375001 0.363046875 1 0.366796875 1
1 0.3634344359375 1 0.3671875 0.9936479125 0.37890625 0.9555353906249999 0.376953125 0.941923775 0.341796875 0.920145190625 0.326171875 0.920145190625 0.28515625 0.9609800359375 0.29296875 0.9936479125 0.29342447968749996 1 0.3634344359375 1
1 0.1516927078125 1 0.16015625 0.9882032671875001 0.16796875 0.9555353906249999 0.16796875 0.8139745921875001 0.1640625 0.7921960078125 0.115234375 0.7350272234374999 0.052734375 0.7350272234374999 0.017578125 0.745916515625 0.0078125 0.75952813125 0 0.7921960078125 0 0.84664246875 0.01171875 0.8901996375 0.03125 0.928312159375 0.03125 0.95009074375 0.01171875 0.9827586203124999 0.014811198437500001 1 0.1516927078125 1
1 0.012760417187500001 1 0.0078125 0.9827586203124999 0.03125 0.9446460984374999 0.0234375 0.911978221875 0.0078125 0.8847549906250001 0 0.8520871140624999 0 1 0.012760417187500001 1
1 0 0.76606170625 0.00390625 0.7649727765625001 0.013671875 0.745916515625 0.048828125 0.7350272234374999 0.115234375 0.7350272234374999 0.130859375 0.7513611609375 0.146484375 0.7568058078125001 0.17578125 0.6996370234375 0.2109375 0.5907441015625 0.197265625 0.588021778125 0.146484375 0.6043557171875 0.068359375 0.658802178125 0.033203125 0.675136115625 0 0.7214156078125 0 0.76606170625
1 0 0.6034482765625 0.00390625 0.60163339375 0.029296875 0.588021778125 0.048828125 0.5553539015625 0.072265625 0.5335753171875 0.08203125 0.4981851171875 0.08203125 0.465517240625 0.06640625 0.4001814875 0.044921875 0.36479128906249997 0.029296875 0.353901996875 0.009765625 0.353901996875 0 0.36070780468749997 0 0.6034482765625
1 0.82421875 0.8793103453125 0.837890625 0.89836660625 0.876953125 0.8656987296875001 0.892578125 0.8656987296875001 0.931640625 0.920145190625 0.9453125 0.9174228671875 0.95703125 0.9065335749999999 0.95703125 0.8847549906250001 0.921875 0.781306715625 0.921875 0.75952813125 0.9375 0.7323049 0.919921875 0.7132486390625 0.888671875 0.762250453125 0.82421875 0.8085299453125 0.8203125 0.8629764062499999 0.82421875 0.8793103453125
1 1 0.7050816703125 0.994140625 0.702359346875 0.931640625 0.745916515625 0.921875 0.75952813125 0.921875 0.781306715625 0.98046875 0.95009074375 0.984375 0.9773139750000001 1 0.999092559375 1 0.7050816703125
1 0.578125 0.563520871875 0.595703125 0.5771324859375 0.63671875 0.5907441015625 0.650390625 0.5825771328125 0.66015625 0.563520871875 0.67578125 0.5090744109374999 0.67578125 0.48185117968749996 0.658203125 0.4682395640625 0.623046875 0.46279491874999995 0.611328125 0.4682395640625 0.59375 0.49274047187500003 0.58203125 0.519963703125 0.578125 0.563520871875
1 0.37890625 0.465517240625 0.3828125 0.5036297640625 0.40625 0.5254083484375001 0.421875 0.5744101640625 0.470703125 0.631578946875 0.486328125 0.6424682390625 0.4921875 0.6397459171875 0.51953125 0.628856625 0.50390625 0.5907441015625 0.50390625 0.5744101640625 0.5390625 0.5417422875 0.5234375 0.4709618875 0.51953125 0.4001814875 0.505859375 0.37568058125000003 0.466796875 0.40290381093749994 0.419921875 0.413793103125 0.37890625 0.465517240625
1 1 0.5254083484375001 0.990234375 0.5117967328125 0.966796875 0.500907440625 0.951171875 0.5063520875 0.94140625 0.519963703125 0.921875 0.58529945625 0.921875 0.6179673328125 0.931640625 0.631578946875 0.947265625 0.6424682390625 0.96484375 0.6397459171875 0.98828125 0.60163339375 1 0.536297640625 1 0.5254083484375001
1 1 0.41107077968750005 0.962890625 0.37568058125000003 0.931640625 0.3865698734375 0.890625 0.42196007187499995 0.890625 0.43829401093750003 0.931640625 0.500907440625 0.939453125 0.5063520875 0.974609375 0.500907440625 1 0.5145190562499999 1 0.41107077968750005
1 0.6484375 0.3021778578125 0.65234375 0.32395644218749997 0.73046875 0.35662431875 0.7421875 0.3457350265625 0.75 0.32395644218749997 0.75 0.291288565625 0.7421875 0.26950998125000003 0.701171875 0.223230490625 0.689453125 0.223230490625 0.673828125 0.239564428125 0.654296875 0.239564428125 0.65234375 0.2967332125 0.6484375 0.3021778578125
1 0.6875 0.16061705937499998 0.662109375 0.1415607984375 0.634765625 0.1415607984375 0.625 0.16061705937499998 0.62890625 0.22595281250000002 0.654296875 0.239564428125 0.67578125 0.2368421046875 0.69140625 0.2205081671875 0.6875 0.16061705937499998