1 0 0.513396096875 0.001953125 0.5120349359375 0.037109375 0.47392241406249996 0.052734375 0.46847776718749995 0.099609375 0.43036524531250003 0.11328125 0.411308984375 0.1171875 0.3949750453125 0.109375 0.36775181562500003 0.06640625 0.29152676875 0.03125 0.1989677859375 0 0.1321801265625 0 0.513396096875
1 0.49802788593749997 0 0.5 0.0247391109375 0.521484375 0.043795371875 0.537109375 0.043795371875 0.548828125 0.0546846640625 0.57421875 0.0628516328125 0.599609375 0.06557395625 0.61328125 0.051962340625000006 0.627261353125 0 0.49802788593749997 0
1 0.39132324218750003 0 0.376953125 0.011127495312500001 0.365234375 0.00568285 0.34375 0.035628403125 0.33984375 0.0628516328125 0.28515625 0.1717445546875 0.28515625 0.1989677859375 0.30078125 0.226191015625 0.357421875 0.305138384375 0.390625 0.3350839390625 0.396484375 0.3378062609375 0.435546875 0.305138384375 0.45703125 0.27519283125 0.4609375 0.25341424687499997 0.4921875 0.2153017234375 0.50390625 0.19352313906250002 0.5078125 0.1717445546875 0.533203125 0.14724364843749999 0.55078125 0.11729809375 0.546875 0.095519509375 0.533203125 0.07646324843749999 0.513671875 0.071018603125 0.505859375 0.07646324843749999 0.5 0.0682962796875 0.484375 0.0029605265625 0.48285784062500003 0 0.39132324218750003 0
1 0.6796875 0.2389740984375 0.591796875 0.201690109375 0.552734375 0.201690109375 0.537109375 0.2125794015625 0.521484375 0.2125794015625 0.515625 0.22074637031250002 0.49609375 0.29152676875 0.46484375 0.45486615312499995 0.46484375 0.498423321875 0.474609375 0.5120349359375 0.486328125 0.5229242281250001 0.5703125 0.558314428125 0.599609375 0.5610367515625 0.60546875 0.5528697828125 0.60546875 0.5256465515625 0.59375 0.471200090625 0.59375 0.42764292187499997 0.6015625 0.4058643375 0.625 0.3786411078125 0.66015625 0.3024160609375 0.6796875 0.27519283125 0.6796875 0.2389740984375
1 0.6796875 0.609375 0.6796875 0.2791525734375 0.6640625 0.29697141562499996 0.625 0.3786411078125 0.59765625 0.4167536296875 0.59375 0.4657554453125 0.60546875 0.52020190625 0.60546875 0.609375 0.6796875 0.609375
1 0 0.609375 0.161038103125 0.609375 0.17578125 0.585537659375 0.17578125 0.5310911984375 0.154296875 0.5065902906249999 0.134765625 0.5011456437499999 0.072265625 0.463033121875 0.048828125 0.47392241406249996 0.017578125 0.5011456437499999 0 0.52020190625 0 0.609375
1 0.17578125 0.5310911984375 0.1796875 0.5692037203125 0.185546875 0.57192604375 0.224609375 0.5229242281250001 0.244140625 0.5229242281250001 0.267578125 0.5447028125 0.27734375 0.5365358437500001 0.28125 0.4603107984375 0.27734375 0.42764292187499997 0.29296875 0.3514178765625 0.296875 0.28063747656250004 0.2890625 0.2588588921875 0.271484375 0.2343579859375 0.240234375 0.20713475468749998 0.208984375 0.245247278125 0.197265625 0.245247278125 0.177734375 0.21802404687500002 0.171875 0.22074637031250002 0.171875 0.26430353906250004 0.1640625 0.29697141562499996 0.1171875 0.36230716875 0.12109375 0.411308984375 0.099609375 0.4412545375 0.08203125 0.45486615312499995 0.083984375 0.46847776718749995 0.162109375 0.5120349359375 0.17578125 0.5310911984375
1 0.30859375 0.5909823046875 0.3203125 0.6018715968749999 0.337890625 0.6045939203125 0.345703125 0.5991492734375 0.373046875 0.5555921046875001 0.419921875 0.5174795828125001 0.4609375 0.4603107984375 0.46875 0.42764292187499997 0.45703125 0.40041969218749995 0.412109375 0.332361615625 0.388671875 0.3378062609375 0.365234375 0.31602767656249997 0.333984375 0.2724705078125 0.322265625 0.2724705078125 0.30078125 0.3024160609375 0.2890625 0.3949750453125 0.27734375 0.4385322140625 0.28515625 0.4657554453125 0.28125 0.5419804906250001 0.30859375 0.5909823046875
1 0.2823901359375 0.609375 0.28125 0.585537659375 0.28515625 0.5746483671875 0.28125 0.563759075 0.244140625 0.5229242281250001 0.220703125 0.528368875 0.165288596875 0.609375 0.2823901359375 0.609375
1 0.0099365234375 0 0.005859375 0.00568285 0 0.012216425 0 0.12944384375 0.06640625 0.2860821234375 0.09765625 0.34597323125 0.119140625 0.348695553125 0.126953125 0.3432509078125 0.16015625 0.29697141562499996 0.16796875 0.27519283125 0.16796875 0.20441243125000003 0.13671875 0.139076678125 0.140625 0.079185571875 0.1328125 0.0682962796875 0.1328125 0.05740698749999999 0.1047307796875 0 0.0099365234375 0
1 0.1974365234375 0 0.17578125 0.03018375625 0.14453125 0.09007486406250001 0.13671875 0.11729809375 0.13671875 0.139076678125 0.1484375 0.166299909375 0.19921875 0.2425249546875 0.208984375 0.245247278125 0.23046875 0.2153017234375 0.28515625 0.11729809375 0.2734375 0.079185571875 0.25 0.0465176953125 0.23828125 0.0192944640625 0.221921609375 0 0.1974365234375 0
1 0.5619091796875 0.609375 0.5703125 0.5800930125 0.5703125 0.563759075 0.564453125 0.5555921046875001 0.541015625 0.550147459375 0.478515625 0.5174795828125001 0.4609375 0.492978675 0.4609375 0.4766447375 0.455078125 0.47392241406249996 0.404296875 0.5338135203125 0.369140625 0.5610367515625 0.3515625 0.5909823046875 0.3515625 0.6018715968749999 0.35586914062499997 0.609375 0.5619091796875 0.609375
1 0.6796875 0 0.6796875 0.1369047625 0.6828125 0.1375 0.7234375 0.058333332812500006 0.7321875 0 0.6796875 0
1 1 0 0.8609375 0 0.7859375 0.058333332812500006 0.7984375 0.0916666671875 0.7953125 0.175 0.8265625 0.2208333328125 0.8921875 0.17916666718750002 0.9703125 0.1583333328125 1 0.12122395781249999 1 0
1 1 0.609375 1 0.530989584375 0.9984375 0.5291666671875 0.915625 0.5125 0.8984375 0.5125 0.8171875 0.525 0.7609375 0.5875 0.7585069437499999 0.609375 1 0.609375
1 0.8546875 0.4166666671875 0.8296875 0.3875 0.8234375 0.3958333328125 0.7859375 0.43333333281249997 0.7203125 0.5416666671875 0.7421875 0.5833333328125 0.7703125 0.5666666671875 0.8546875 0.45 0.8546875 0.4166666671875
1 1 0.1875 0.9828125 0.1875 0.9765625 0.2375 1 0.24711538437499997 1 0.1875
1 1 0.2625 0.9984375 0.2625 0.9828125 0.2791666671875 0.9734375 0.3708333328125 0.9859375 0.4166666671875 1 0.392559525 1 0.2625
1 0.9546875 0.4125 0.9421875 0.4 0.9328125 0.4 0.9046875 0.45 0.9234375 0.48333333281249996 0.9390625 0.48333333281249996 0.9546875 0.44166666718750003 0.9546875 0.4125
1 0.9390625 0.3166666671875 0.9203125 0.30416666718749996 0.9046875 0.30416666718749996 0.8828125 0.375 0.8890625 0.4166666671875 0.9109375 0.4166666671875 0.9328125 0.3916666671875 0.9328125 0.35 0.9109375 0.3375 0.9296875 0.3125 0.9390625 0.3375 0.9390625 0.3166666671875
1 0.7890625 0.0875 0.7671875 0.058333332812500006 0.7640625 0.058333332812500006 0.7265625 0.0666666671875 0.6953125 0.1375 0.7203125 0.2125 0.7671875 0.20833333281250002 0.7828125 0.175 0.7890625 0.0875
1 0.8203125 0.3333333328125 0.8046875 0.3 0.7953125 0.3 0.7734375 0.3125 0.7734375 0.35 0.7828125 0.3916666671875 0.8046875 0.40416666718750005 0.8203125 0.3791666671875 0.8203125 0.3333333328125
1 0 0.609375 0 1 0.440471734375 1 0.43681640625 0.9699218765625 0.4197265625 0.9582031234375 0.4239990234375 0.9347656234375 0.4389526359375 0.92109375 0.4474975578125 0.925 0.47099609375 0.9113281234375 0.4474975578125 0.90546875 0.4261352546875 0.925 0.4154541015625 0.9074218765625 0.4197265625 0.8957031234375 0.3983642578125 0.8800781234375 0.3919555671875 0.85859375 0.3791381828125 0.8859375 0.3577758796875 0.8859375 0.3385498046875 0.8722656234375 0.3470947265625 0.8644531234375 0.3449584953125 0.83125 0.3962280265625 0.84296875 0.4090454109375 0.81171875 0.4667236328125 0.8019531234375 0.4410888671875 0.7746093765625 0.4474975578125 0.76484375 0.47099609375 0.7785156234375 0.4731323234375 0.7921875 0.50517578125 0.7863281234375 0.50517578125 0.7316406234375 0.4474975578125 0.70234375 0.4432250984375 0.71015625 0.43681640625 0.6886718765625 0.5201293953125 0.6828125 0.522265625 0.6613281234375 0.5073120109375 0.66328125 0.4923583984375 0.6339843765625 0.46544189375 0.609375 0 0.609375
1 0 1 0.16337890625 1 0.16337890625 0.9933593765625 0.223193359375 0.9542968765625 0.2189208984375 0.9269531234375 0.2531005859375 0.9035156234375 0.2765991203125 0.86640625 0.3235961921875 0.8703125 0.3385498046875 0.8605468765625 0.33427734375 0.8332031234375 0.3150512703125 0.815625 0.2936889640625 0.81171875 0.2830078125 0.8253906234375 0.291552734375 0.8371093765625 0.2680541984375 0.8546875 0.2701904296875 0.8410156234375 0.2552368171875 0.82734375 0.2253295890625 0.8234375 0.2167846671875 0.81171875 0.2103759765625 0.8449218765625 0.1954223640625 0.84296875 0.1676513671875 0.8253906234375 0.1676513671875 0.8019531234375 0.1591064453125 0.8058593765625 0.171923828125 0.7433593765625 0.154833984375 0.7238281234375 0.10142822343749999 0.71015625 0.0715209953125 0.7140625 0.0416137703125 0.69453125 0 0.702802309375 0 1
1 0 0.8532725687500001 0.0245239265625 0.85078125 0.0779296875 0.8683593765625 0.1270629890625 0.86640625 0.1676513671875 0.8371093765625 0.171923828125 0.7472656234375 0.1569702140625 0.72578125 0.1313354484375 0.7140625 0.0800659171875 0.71015625 0.0501586921875 0.69453125 0 0.69453125 0 0.8532725687500001
1 0.6796875 1 0.6796875 0.609375 0.4866821296875 0.609375 0.4880859375 0.6183593765625 0.522265625 0.6417968765625 0.5073120109375 0.6671875 0.4774047859375 0.6671875 0.462451171875 0.6808593765625 0.47099609375 0.7121093765625 0.4816772453125 0.70234375 0.4838134765625 0.7199218765625 0.50517578125 0.7355468765625 0.50517578125 0.8488281234375 0.4859497078125 0.8546875 0.4816772453125 0.8390625 0.4667236328125 0.8449218765625 0.4752685546875 0.8566406234375 0.47099609375 0.8996093765625 0.5179931640625 0.9386718765625 0.5244018546875 0.98359375 0.6013061515625 0.98359375 0.6205322265625 0.9972656234375 0.6210306812499999 1 0.6796875 1
1 0.6796875 0.609375 0.5202514640625 0.609375 0.5265380859375 0.6496093765625 0.5179931640625 0.6613281234375 0.4560424796875 0.6828125 0.4496337890625 0.6925781234375 0.50517578125 0.7355468765625 0.4923583984375 0.8605468765625 0.4752685546875 0.8761718765625 0.4752685546875 0.8917968765625 0.4902221671875 0.91328125 0.5265380859375 0.9347656234375 0.5414916984375 0.93671875 0.5756713859375 0.909375 0.5970336921875 0.90546875 0.599169921875 0.8722656234375 0.64189453125 0.8410156234375 0.64189453125 0.8292968765625 0.6205322265625 0.8136718765625 0.64189453125 0.7902343765625 0.6547119140625 0.7238281234375 0.6796875 0.708604909375 0.6796875 0.609375
1 0.701027425 0.609375 0.681640625 0.6197680359375 0.6796875 0.62022175625 0.6796875 0.698715403125 0.689453125 0.71232701875 0.71875 0.7313832796875 0.744140625 0.734105603125 0.787109375 0.7068823734375 0.8046875 0.67693681875 0.80859375 0.655158234375 0.802734375 0.6306573281250001 0.783203125 0.6306573281250001 0.7679341625 0.609375 0.701027425 0.609375
1 0.9144148390625 1 0.91796875 0.9818370015625 0.91796875 0.9546137703124999 0.876953125 0.9028896328125 0.841796875 0.8756664015625001 0.744140625 0.8647771093750001 0.728515625 0.8756664015625001 0.71875 0.900167309375 0.71484375 0.9382798328125 0.703125 0.9763923546875001 0.7007053921875 1 0.9144148390625 1
1 0.853515625 0.8811110484375 0.8671875 0.8947226640625001 0.876953125 0.8974449859375 0.8828125 0.8892780171875 0.890625 0.8566101406250001 0.89453125 0.7531618640625 0.888671875 0.73955025 0.880859375 0.734105603125 0.779296875 0.73955025 0.767578125 0.734105603125 0.751953125 0.73955025 0.73828125 0.7586065109375 0.73046875 0.7803850953125 0.73046875 0.8021636796875 0.736328125 0.8103306484375 0.748046875 0.8103306484375 0.75390625 0.8239422640624999 0.73046875 0.840276203125 0.728515625 0.87022175625 0.787109375 0.8647771093750001 0.791015625 0.87022175625 0.826171875 0.87022175625 0.853515625 0.8811110484375
1 1 0.8010747515625001 0.9765625 0.8293869109375 0.953125 0.883833371875 0.953125 0.900167309375 0.95703125 0.9056119562500001 0.95703125 0.9491691250000001 0.96484375 0.9655030625000001 0.990234375 0.9900039703125 1 0.9900039703125 1 0.8010747515625001