1 0 0.55 0.214816821875 0.55 0.184375 0.4698531078125 0.184375 0.45896381562500005 0.174609375 0.44535220000000003 0.123828125 0.42357361562499996 0.100390625 0.42357361562499996 0.030078125 0.40179503125 0.002734375 0.41268432343750006 0 0.41649557656249997 0 0.55
1 0.5 0 0.4567997234375 0 0.4578125 0.0070581890625 0.4421875 0.023392128125 0.45390625 0.0288367734375 0.45390625 0.039726065625 0.4421875 0.0506153578125 0.4421875 0.0941725265625 0.4265625 0.13228505 0.385546875 0.1567859578125 0.369921875 0.1785645421875 0.354296875 0.1840091875 0.3484375 0.19217615625 0.35234375 0.2193993875 0.369921875 0.2602342328125 0.385546875 0.2656788796875 0.5 0.2656788796875 0.5 0
1 0.12746921093750002 0 0.121875 0.023392128125 0.1375 0.06150465000000001 0.162890625 0.09689485 0.217578125 0.145896665625 0.25078125 0.15406363437499998 0.278125 0.15406363437499998 0.28203125 0.1431743421875 0.28203125 0.083283234375 0.309375 0.012502835937500002 0.309375 0.0016135437499999999 0.308854065625 0 0.12746921093750002 0
1 0.319140625 0.16223060312499998 0.3484375 0.19217615625 0.354296875 0.19489847968750001 0.377734375 0.16223060312499998 0.420703125 0.14045201875 0.4421875 0.0941725265625 0.43828125 0.06150465000000001 0.420703125 0.03700374375 0.369921875 0.0043358671875 0.307421875 0.026114451562500002 0.2859375 0.0723939421875 0.28203125 0.0996171734375 0.28203125 0.126840403125 0.291796875 0.145896665625 0.319140625 0.16223060312499998
1 0.116015625 0.2656788796875 0.1453125 0.284735140625 0.153125 0.2792904953125 0.16484375 0.241177971875 0.17265625 0.1867315109375 0.17265625 0.13772969531249998 0.158984375 0.1132287890625 0.135546875 0.10778414218750001 0.121875 0.126840403125 0.11796875 0.1486189875 0.0984375 0.19217615625 0.0984375 0.235733325 0.116015625 0.2656788796875
1 0.0415317109375 0 0.03984375 0.0070581890625 0.04375 0.0723939421875 0.073046875 0.118673434375 0.0828125 0.1213957578125 0.100390625 0.12411808124999998 0.1375 0.0723939421875 0.1375 0.06150465000000001 0.112109375 0.0043358671875 0.0841125484375 0 0.0415317109375 0
1 0.5 0.55 0.5 0.3994810578125 0.48515625 0.355515540625 0.444140625 0.3037914015625 0.428515625 0.3037914015625 0.326953125 0.3963503859375 0.28203125 0.4535191703125 0.28203125 0.5134102765625 0.2932817734375 0.55 0.5 0.55
1 0.2919322625 0.55 0.278125 0.4970763390625 0.278125 0.46440846249999995 0.291796875 0.4344629078125 0.346484375 0.38001644687499997 0.35234375 0.36640483281249997 0.342578125 0.3473485703125 0.323046875 0.3473485703125 0.291796875 0.363682509375 0.276171875 0.336459278125 0.264453125 0.336459278125 0.201953125 0.40179503125 0.184375 0.4262959390625 0.18046875 0.4480745234375 0.21703186093750002 0.55 0.2919322625 0.55
1 0.041796875 0.3310146328125 0.05546875 0.3391816015625 0.096484375 0.3255699859375 0.1140625 0.311958371875 0.11015625 0.268401203125 0.0984375 0.241177971875 0.080859375 0.21667706406249998 0.069140625 0.21123241875 0.033984375 0.21667706406249998 0.01640625 0.23028867968750003 0.01640625 0.25751191093750003 0.03203125 0.311958371875 0.041796875 0.3310146328125
1 0.17265625 0.37729412500000004 0.2 0.3881834171875 0.205859375 0.39090573906250003 0.221484375 0.38001644687499997 0.2703125 0.3228476640625 0.2859375 0.27384584843750004 0.309375 0.2520672640625 0.31328125 0.21395474062500003 0.272265625 0.16223060312499998 0.225390625 0.1513413109375 0.186328125 0.12411808124999998 0.17265625 0.1486189875 0.16875 0.2193993875 0.153125 0.2901797875 0.18828125 0.3228476640625 0.18828125 0.3391816015625 0.17265625 0.37729412500000004
1 0 0 0 0.089054559375 0.03984375 0.0723939421875 0.04375 0.0506153578125 0.03984375 0.0451707125 0.0383005296875 0 0 0
1 1 0 0.8828358046875 0 0.871875 0.028008734375 0.87578125 0.0770105484375 0.8875 0.109678425 0.92265625 0.1477909484375 0.9421875 0.1913481171875 1 0.2682661171875 1 0
1 0.5 0.55 0.5667067375 0.55 0.575 0.534360821875 0.5828125 0.49624829843749996 0.5828125 0.44724648437500003 0.565234375 0.4173009296875 0.514453125 0.37918840781249996 0.506640625 0.37918840781249996 0.5 0.4402773375 0.5 0.55
1 0.5 0.18191073124999999 0.502734375 0.1831811484375 0.51640625 0.16412488593750002 0.53984375 0.115123071875 0.54375 0.071565903125 0.510546875 0.0307310578125 0.5 0.0225640890625 0.5 0.18191073124999999
1 0.5 0 0.5 0.0217118828125 0.518359375 0.036175703125 0.54765625 0.0770105484375 0.5359375 0.1260123640625 0.50078125 0.1967927625 0.5046875 0.3002410390625 0.50859375 0.305685684375 0.5046875 0.360132146875 0.514453125 0.37918840781249996 0.56328125 0.4091339609375 0.612109375 0.41185628437500005 0.627734375 0.40641163750000003 0.647265625 0.39552234531249997 0.65703125 0.376466084375 0.67265625 0.245794578125 0.68828125 0.175014178125 0.68828125 0.1423463015625 0.655078125 0.0960668109375 0.557421875 0.025286410937499997 0.53202351875 0 0.5 0
1 0.7174535109375 0.55 0.7078125 0.49624829843749996 0.6765625 0.403689315625 0.662890625 0.384633053125 0.655078125 0.384633053125 0.623828125 0.41185628437500005 0.584765625 0.4227455765625 0.5828125 0.5016929453125 0.56894938125 0.55 0.7174535109375 0.55
1 1 0.27363329062499997 0.93828125 0.1913481171875 0.905078125 0.1341793328125 0.858203125 0.0960668109375 0.826953125 0.08517751875 0.799609375 0.0960668109375 0.77421875 0.1260123640625 0.75078125 0.1695695328125 0.715625 0.27846245468749997 0.715625 0.3165749765625 0.74296875 0.38191073124999997 0.75078125 0.43091254531249995 0.772265625 0.46085809843750003 0.82890625 0.49624829843749996 0.846484375 0.498970621875 0.893359375 0.46630274531250004 0.951953125 0.46085809843750003 0.9890625 0.4145786078125 1 0.39497788125 1 0.27363329062499997
1 0.71171875 0 0.71171875 0.000785503125 0.725390625 0.036175703125 0.7859375 0.087899840625 0.842578125 0.079732871875 0.86015625 0.05523196406250001 0.86796875 0.0116747953125 0.8727550687499999 0 0.71171875 0
1 0.5 1 0.5 0.6854967937499999 0.475390625 0.6442708328125 0.428515625 0.6546875 0.319140625 0.7640625 0.123828125 0.8786458328125001 0.090625 0.928125 0.11478987031250001 1 0.5 1
1 0.5 1 0.5 0.689710365625 0.471484375 0.6442708328125 0.424609375 0.6598958328125 0.283984375 0.7901041671875 0.233203125 0.8057291671875 0.123828125 0.8786458328125001 0.090625 0.9333333328125001 0.11481854843749999 1 0.5 1
1 0 0.94698093125 0.0125 0.9489583328125001 0.026171875 0.9515625 0.04375 0.928125 0.07109375 0.8291666671875 0 0.7507587453125 0 0.94698093125
1 0.2109375328125 0.55 0 0.55203804375 0 0.703811553125 0.112109375 0.8057291671875 0.153125 0.8239583328125001 0.174609375 0.8265625 0.338671875 0.7223958328125 0.40703125 0.6416666671875 0.42612847187499997 0.55 0.2109375328125 0.55
1 0.10559895781249999 1 0.09453125 0.9645833328125001 0.084765625 0.9463541671875 0.045703125 0.9567708328125001 0.0359375 0.9854166671875 0.0420138890625 1 0.10559895781249999 1
1 0 1 0.0299107140625 1 0.03203125 0.9802083328125001 0 0.9669540218750001 0 1
1 0.5 0.55 0.47190624999999997 0.55 0.47734375 0.6104166671875 0.5 0.6233630953125 0.5 0.55
1 1 0.55 0.72112540625 0.55 0.7269868078125 0.798299934375 0.6973074453125 0.9784767500000001 1 0.9856157218749999 1 0.55
1 0.5 0.55 0.5 0.700184371875 0.6048981171875 0.990759125 0.6969040921875 0.9887791906250001 0.7265834546875001 0.8046423562499999 0.7250603796874999 0.55 0.5 0.55
1 0.5 0.9810110562500001 0.6066720734375 0.9782792765625 0.5 0.68854449375 0.5 0.9810110562500001