1 0 0.2272314453125 0.0219941015625 0.198828125 0.07099591718750001 0.167578125 0.0927745015625 0.140234375 0.09005217812500001 0.13046875 0.0519396546875 0.1265625 0 0.10793050156249999 0 0.2272314453125
1 0 0 0 0.10492350312500001 0.002937840625 0.10703125 0.024716425 0.11484375 0.06827359375 0.1265625 0.1009414703125 0.12265625 0.1662772234375 0.0796875 0.17716651562500002 0.0796875 0.2479469140625 0.10703125 0.28878176093749997 0.077734375 0.28878176093749997 0.058203125 0.27789246875 0.046484375 0.27789246875 0.030859375 0.264280853125 0.00546875 0.2234460078125 0.030859375 0.22616832968749997 0.03671875 0.1880558078125 0.03671875 0.09005217812500001 0.00546875 0.0810437640625 0 0 0
1 0.2734278578125 0 0.272447821875 0.003515625 0.28878176093749997 0.062109375 0.3187273140625 0.11484375 0.3622844828125 0.1109375 0.4711774046875 0.0875 0.4929559890625 0.0796875 0.5065676046875 0.066015625 0.51201225 0.054296875 0.5065676046875 0.050390625 0.5065676046875 0.019140625 0.4998979125 0 0.2734278578125 0
1 0.6796875 0 0.5004229328124999 0 0.51201225 0.058203125 0.4929559890625 0.0796875 0.443954175 0.0953125 0.367729128125 0.10703125 0.3568398359375 0.11484375 0.3758960984375 0.144140625 0.3895077125 0.15390625 0.4330648828125 0.1578125 0.5147345734375001 0.14609375 0.6796875 0.1117354859375 0.6796875 0
1 0.6796875 0.3777201328125 0.656295371875 0.3609375 0.6290721421875001 0.353125 0.6154605265625 0.358984375 0.5936819421874999 0.382421875 0.5501247734375 0.448828125 0.5433332937500001 0.4796875 0.6154605265625 0.4796875 0.6154605265625 0.476171875 0.6317944640625 0.444921875 0.6796875 0.4074374109375 0.6796875 0.3777201328125
1 0.6796875 0.17772962812499998 0.67807395625 0.17734375 0.569181034375 0.1578125 0.4929559890625 0.15 0.4493988203125 0.16171875 0.394952359375 0.16171875 0.394952359375 0.18125 0.40039700468749995 0.17734375 0.411286296875 0.18125 0.4330648828125 0.165625 0.44123185156250005 0.171484375 0.37317377500000004 0.2203125 0.37045145156250003 0.249609375 0.394952359375 0.290625 0.4984006359375 0.30234375 0.53923548125 0.316015625 0.55556941875 0.347265625 0.5637363890625 0.4078125 0.58279265 0.394140625 0.604571234375 0.362890625 0.6317944640625 0.347265625 0.6209051718749999 0.323828125 0.62634981875 0.296484375 0.6796875 0.2582173671875 0.6796875 0.17772962812499998
1 0.542842559375 0.4796875 0.5446801265625 0.476171875 0.5501247734375 0.343359375 0.5446801265625 0.323828125 0.525623865625 0.31015625 0.5092899281250001 0.30625 0.4221755890625 0.29453125 0.3405058984375 0.29453125 0.30239337499999996 0.30234375 0.272447821875 0.319921875 0.25883620625 0.415625 0.2615585296875 0.472265625 0.26673094375 0.4796875 0.542842559375 0.4796875
1 0 0.4796875 0.1290556421875 0.4796875 0.1363316703125 0.460546875 0.1227200546875 0.4390625 0.019271778125 0.43125 0 0.443348184375 0 0.4796875
1 0 0.351523165625 0.019271778125 0.34921875 0.035605717187500004 0.34140625 0.06827359375 0.34140625 0.1281647 0.31796875 0.1608325765625 0.321875 0.17716651562500002 0.34140625 0.2043897453125 0.3296875 0.24522459218749998 0.300390625 0.30511569843749997 0.245703125 0.3214496375 0.237890625 0.343228221875 0.218359375 0.3541175140625 0.194921875 0.343228221875 0.179296875 0.264280853125 0.12265625 0.237057621875 0.10703125 0.17172186875 0.0875 0.1145530859375 0.120703125 0.0764405625 0.167578125 0.01654945625 0.206640625 0 0.23038737031249998 0 0.351523165625
1 0.6796875 0 0.6796875 0.18203125 0.8833333328125 0.18203125 0.9276041671874999 0.148828125 0.9380208328125 0.105859375 0.9328125 0.035546875 0.9091145828125 0 0.6796875 0
1 0.6796875 0.4353236609375 0.6854166671875 0.4359375 0.6984375 0.359765625 0.6796875 0.353203125 0.6796875 0.4353236609375
1 0.7791666671875 0.31484375 0.6958333328124999 0.38125 0.7010416671875 0.41640625 0.7739583328124999 0.4125 0.7973958328124999 0.383203125 0.8026041671874999 0.324609375 0.7791666671875 0.31484375
1 0.6796875 0.346875 0.721875 0.35390625 0.7869791671875 0.305078125 0.7921875 0.281640625 0.7583333328124999 0.271875 0.6796875 0.3210286453125 0.6796875 0.346875
1 0.6796875 0.346875 0.721875 0.35390625 0.7869791671875 0.305078125 0.7921875 0.281640625 0.7583333328124999 0.271875 0.6796875 0.3210286453125 0.6796875 0.346875
1 0.9474877453125 0.4796875 0.940625 0.4671875 0.878125 0.459375 0.8520833328125 0.46328125 0.8375 0.4796875 0.9474877453125 0.4796875
1 0.8729166671874999 0.3421875 0.8 0.4125 0.8260416671874999 0.47890625 0.9067708328125 0.422265625 0.9276041671874999 0.379296875 0.9171875 0.355859375 0.8885416671874999 0.33828125 0.8729166671874999 0.3421875
1 0.8989583328125 0.240625 0.8416666671874999 0.25625 0.8390625 0.273828125 0.8572916671874999 0.2875 0.9458333328125 0.29921875 0.9744791671874999 0.277734375 0.9666666671874999 0.25625 0.8989583328125 0.240625
1 1 0.2607319078125 0.9979166671874999 0.26015625 0.971875 0.2796875 0.9692708328125 0.297265625 0.9927083328125 0.3109375 1 0.3059895828125 1 0.2607319078125
1 0.8182291671874999 0.199609375 0.8104166671874999 0.23671875 0.815625 0.25234375 0.8416666671874999 0.25234375 0.9015625 0.226953125 0.9067708328125 0.203515625 0.8833333328125 0.18984375 0.8364583328125 0.18984375 0.8182291671874999 0.199609375
1 1 0.19765625 0.9666666671874999 0.19765625 0.909375 0.225 0.9119791671874999 0.246484375 0.940625 0.25625 1 0.2598125 1 0.19765625
1 1 0.07052556875 0.971875 0.0609375 0.9484375 0.078515625 0.9354166671874999 0.17421875 0.940625 0.18984375 1 0.18984375 1 0.07052556875
1 0.8062268515625 0.4796875 0.8078125 0.426171875 0.7739583328124999 0.4125 0.7375 0.428125 0.7422965109375 0.4796875 0.8062268515625 0.4796875
1 1 0.35028935156249996 0.9770833328125 0.334375 0.9458333328125 0.334375 0.9302083328125 0.35 0.9328125 0.371484375 0.9979166671874999 0.4125 1 0.4122767859375 1 0.35028935156249996
0 0.6796875 0.5701746328125 0.6671875 0.56796875 0.5838541671875 0.5640625 0.5161458328124999 0.540625 0.4536458328125 0.5328125 0.4328125 0.540625 0.28177083281250004 0.65390625 0.2322916671875 0.675390625 0.1932291671875 0.7828125 0.190625 0.804296875 0.2375 0.847265625 0.2609375 0.88828125 0.42760416718750005 0.88828125 0.5473958328124999 0.91953125 0.6203125 0.884375 0.6619791671875 0.84140625 0.6796875 0.8320811171875 0.6796875 0.5701746328125
0 0 1 0.0169117640625 1 0.0447916671875 0.964453125 0.034375 0.870703125 0.01875 0.823828125 0 0.8117393093749999 0 1
0 0 0.7220703125 0.034375 0.745703125 0.0447916671875 0.780859375 0.0682291671875 0.790625 0.1046875 0.79453125 0.1515625 0.7828125 0.18020833281249998 0.765234375 0.2010416671875 0.733984375 0.19583333281249998 0.671484375 0.17239583281249998 0.64609375 0.14114583281249998 0.63828125 0.0734375 0.6421875 0.0005208328124999999 0.63046875 0 0.6314843734375 0 0.7220703125
0 0.2789402171875 1 0.25833333281250004 0.964453125 0.2192708328125 0.93125 0.1932291671875 0.93125 0.0838541671875 0.97421875 0.0578125 0.99765625 0.05811491875 1 0.2789402171875 1
0 0.0682291671875 0.79453125 0.0265625 0.81796875 0.05 0.941015625 0.0473958328125 0.98203125 0.18802083281249998 0.92734375 0.2192708328125 0.9234375 0.2427083328125 0.905859375 0.2427083328125 0.862890625 0.17239583281249998 0.7984375 0.0682291671875 0.79453125
0 0.5776041671875001 1 0.58125 0.964453125 0.5708333328124999 0.948828125 0.5317708328124999 0.915625 0.45885416718750005 0.89609375 0.32864583281250004 0.8921875 0.2609375 0.915625 0.2401041671875 0.93515625 0.278947765625 1 0.5776041671875001 1
0 0.6796875 1 0.6796875 0.9204741375000001 0.6359375 0.8921875 0.5942708328124999 0.90390625 0.5630208328124999 0.9234375 0.5604166671875 0.933203125 0.58125 0.956640625 0.58125 0.999609375 0.5817708328125 1 0.6796875 1
0 0.6796875 0.4796875 0.511328125 0.4796875 0.4848958328125 0.525 0.5005208328124999 0.53671875 0.5942708328124999 0.5640625 0.6776041671875 0.56796875 0.6796875 0.5684495187499999 0.6796875 0.4796875
0 0 0.4796875 0 0.5882626484375 0.0369791671875 0.6265625 0.0578125 0.634375 0.1515625 0.634375 0.2453125 0.6578125 0.2765625 0.64609375 0.3338541671875 0.60703125 0.346875 0.589453125 0.4875 0.491796875 0.4971875 0.4796875 0 0.4796875
1 1 1 1 0.9207812499999999 0.9927083328125 0.921875 0.8885416671874999 0.82421875 0.8052083328125 0.81640625 0.6984375 0.841796875 0.6796875 0.882109375 0.6796875 0.9477864578125 0.6828125 0.951171875 0.6880208328124999 0.986328125 0.6870192296875001 1 1 1
1 1 0.4796875 0.6796875 0.4796875 0.6796875 0.795561934375 0.7166666671875 0.80859375 0.7791666671875 0.8046875 0.8520833328125 0.71484375 0.925 0.71875 0.9770833328125 0.69140625 1 0.69296875 1 0.4796875
1 0.6796875 0.7434795671875 0.815625 0.74609375 0.8442708328125 0.720703125 0.8442708328125 0.638671875 0.8651041671874999 0.576171875 0.8260416671874999 0.58203125 0.76875 0.56640625 0.7427083328124999 0.58203125 0.6958333328124999 0.578125 0.6796875 0.5927571609375 0.6796875 0.7434795671875
1 1 0.6966517859375 0.9875 0.6953125 0.9640625 0.708984375 0.9484375 0.732421875 0.9484375 0.783203125 0.925 0.81640625 0.9223958328125 0.841796875 0.940625 0.859375 1 0.86115625 1 0.6966517859375