1 0.24166855781250002 0.36875 0.242938975 0.366796875 0.242938975 0.358984375 0.221160390625 0.335546875 0.172158575 0.300390625 0.1558246375 0.276953125 0.134046053125 0.265234375 0.0850442375 0.218359375 0.0605433296875 0.20078125 0.022430807812500002 0.19296875 0.0006522234374999999 0.196875 0 0.19714239218750002 0 0.36875 0.12224931875 0.36875 0.15854695937500002 0.353125 0.1912148359375 0.36875 0.24166855781250002 0.36875
1 0 0.200121165625 0.022430807812500002 0.19296875 0.0605433296875 0.19296875 0.057821007812500005 0.198828125 0.098655853125 0.22421875 0.11226746875 0.198828125 0.11226746875 0.183203125 0.12315676093750001 0.171484375 0.12315676093750001 0.151953125 0.0823219140625 0.12265625 0.011541515625 0.15 0.0006522234374999999 0.15 0 0.1495710578125 0 0.200121165625
1 0.17488089843750002 0.29453125 0.202104128125 0.30234375 0.22932735937499998 0.30234375 0.2565505890625 0.27890625 0.2946631125 0.27109375 0.324608665625 0.257421875 0.34094260468750004 0.210546875 0.34094260468750004 0.179296875 0.34638725 0.175390625 0.34094260468750004 0.163671875 0.3273309890625 0.15 0.3055524046875 0.1421875 0.1966594828125 0.11875 0.1531023140625 0.11484375 0.12315676093750001 0.167578125 0.106822821875 0.226171875 0.1095451453125 0.2359375 0.17488089843750002 0.29453125
1 0.4390625 0.10233016406249999 0.3491095734375 0.08359375 0.26743988281250003 0.071875 0.22388271249999997 0.07578125 0.21027109843749997 0.085546875 0.1912148359375 0.11484375 0.202104128125 0.12265625 0.278329175 0.134375 0.3273309890625 0.15 0.34638725 0.171484375 0.3300533125 0.253515625 0.33822028125000003 0.259375 0.3491095734375 0.25546875 0.40355603437500004 0.259375 0.4390625 0.282018590625 0.4390625 0.10233016406249999
1 0.4390625 0.283131465625 0.42533461875 0.27109375 0.38722209687500003 0.25546875 0.33822028125000003 0.259375 0.26743988281250003 0.275 0.23749432812500001 0.296484375 0.22660503593749998 0.319921875 0.22932735937499998 0.3453125 0.245661296875 0.35703125 0.2565505890625 0.35703125 0.2892184671875 0.3375 0.3545542203125 0.3453125 0.3926667421875 0.3140625 0.4390625 0.29662669375 0.4390625 0.283131465625
1 0.4390625 0 0.20667763125 0 0.20754877500000002 0.009375 0.2756068515625 0.058203125 0.26743988281250003 0.0640625 0.245661296875 0.0484375 0.2347720046875 0.05234375 0.22932735937499998 0.0484375 0.22932735937499998 0.06796875 0.2837738203125 0.06796875 0.3273309890625 0.0796875 0.40355603437500004 0.071875 0.4390625 0.065506490625 0.4390625 0
1 0 0 0 0.1386464921875 0.00609686875 0.1421875 0.071432621875 0.12265625 0.098655853125 0.10703125 0.177603221875 0.050390625 0.1884925140625 0.034765625 0.177603221875 0.011328125 0.1649716421875 0 0 0
1 0.6864583328125 0.1265625 0.6317708328125 0.167578125 0.61875 0.2515625 0.6604166671874999 0.28671875 0.7697916671874999 0.31796875 0.8661458328125 0.253515625 0.8921875 0.175390625 0.8713541671874999 0.144140625 0.8166666671874999 0.1109375 0.7333333328125 0.1109375 0.6864583328125 0.1265625
1 0.4390625 0.2911830359375 0.525 0.27890625 0.5901041671875 0.233984375 0.5744791671875 0.140234375 0.5432291671875 0.097265625 0.5145833328125 0.08359375 0.4625 0.0875 0.4390625 0.09734374999999999 0.4390625 0.2911830359375
1 0.4390625 0.292118565625 0.509375 0.2828125 0.5901041671875 0.237890625 0.5744791671875 0.140234375 0.5197916671875 0.08359375 0.478125 0.08359375 0.4390625 0.09975754375 0.4390625 0.292118565625
1 0.5979166671875 0.36875 0.5458333328125 0.3296875 0.509375 0.32578125 0.49266493125000005 0.36875 0.5979166671875 0.36875
1 1 0.031313345312500004 0.978125 0.040625 0.9442708328125 0.066015625 0.946875 0.08359375 0.9677083328125 0.1109375 1 0.1169921875 1 0.031313345312500004
1 1 0.1254934203125 0.9572916671874999 0.11875 0.9104166671874999 0.1265625 0.8921875 0.151953125 0.9078125 0.171484375 0.8973958328125 0.206640625 0.8479166671874999 0.290625 0.8739583328125 0.3140625 0.946875 0.290625 1 0.291998921875 1 0.1254934203125
1 0.4390625 0.493928571875 0.31302083281250004 0.4453125 0.1541666671875 0.599609375 0 0.685395665625 0 0.82001953125 0.18802083281249998 0.92578125 0.3390625 0.9765625 0.3885416671875 0.943359375 0.4390625 0.85724431875 0.4390625 0.493928571875
1 0.4390625 0.49329044062499994 0.3182291671875 0.4453125 0.1541666671875 0.599609375 0 0.685395665625 0 0.820122465625 0.17239583281249998 0.91796875 0.3338541671875 0.9765625 0.3885416671875 0.943359375 0.4390625 0.867578125 0.4390625 0.49329044062499994
1 0.4390625 0.36875 0.16417215000000002 0.36875 0.1619791671875 0.375 0.190625 0.423828125 0.2296875 0.4375 0.3182291671875 0.4375 0.35208333281250004 0.412109375 0.3546875 0.3828125 0.42760416718750005 0.4375 0.4390625 0.43671875 0.4390625 0.36875
1 0.4390625 0.36875 0.3484375 0.36875 0.35208333281250004 0.376953125 0.41197916718750005 0.4296875 0.4390625 0.434765625 0.4390625 0.36875
1 0 0.5620876734375 0.0005208328124999999 0.5625 0.09427083281250001 0.61328125 0.1385416671875 0.595703125 0.14375 0.552734375 0.1177083328125 0.513671875 0.1177083328125 0.451171875 0.0838541671875 0.390625 0 0.3846354171875 0 0.5620876734375
1 0.3161458328125 1 0.32083333281250004 0.982421875 0.3026041671875 0.97265625 0.1776041671875 0.93359375 0.1515625 0.9375 0.1515625 0.94921875 0.18802083281249998 0.9921875 0.20677083281250003 1 0.3161458328125 1
1 0.1359375 0.50390625 0.1776041671875 0.52734375 0.221875 0.513671875 0.1828125 0.46484375 0.1619791671875 0.46484375 0.13333333281249998 0.486328125 0.1359375 0.50390625
1 1 0.36875 0.7772786453125 0.36875 0.7630208328125001 0.397265625 0.7213541671874999 0.432421875 0.6796875 0.487109375 0.6796875 0.506640625 0.6588541671874999 0.533984375 0.6614583328125001 0.5515625 0.6848958328125001 0.600390625 0.703125 0.61015625 0.7708333328125001 0.62578125 0.8125 0.62578125 0.84375 0.6375 0.9635416671874999 0.64140625 1 0.623828125 1 0.36875
1 0.5572916671875 0.84453125 0.5755208328125 0.869921875 0.5703125 0.897265625 0.5807291671875 0.936328125 0.6171875 0.975390625 0.6666666671874999 0.99296875 0.71875 0.996875 0.8177083328125001 0.98515625 0.8802083328125001 0.96171875 0.9505208328125001 0.908984375 0.9973958328125001 0.838671875 0.9427083328125001 0.79375 0.9114583328125001 0.7859375 0.8229166671874999 0.72734375 0.6927083328125001 0.7234375 0.640625 0.73515625 0.5911458328125 0.768359375 0.5859375 0.795703125 0.5572916671875 0.84453125
1 0.5059027765625 0.36875 0.4973958328125 0.377734375 0.4817708328125 0.397265625 0.4791666671875 0.41875 0.4817708328125 0.432421875 0.5338541671875 0.459765625 0.5208333328125 0.48515625 0.578125 0.496875 0.5989583328125 0.47734375 0.6197916671875 0.4734375 0.625 0.49296875 0.6614583328125001 0.4890625 0.6901041671874999 0.475390625 0.7213541671874999 0.432421875 0.7578125 0.401171875 0.7734375 0.369921875 0.774609375 0.36875 0.5059027765625 0.36875