1 0 0 0 0.353288528125 0.065234375 0.40380274531250004 0.088671875 0.41469203749999994 0.146847534375 0.46875 0.2703125 0.46875 0.2703125 0.43919294531249997 0.2625 0.4119697140625 0.26640625 0.3520786078125 0.2625 0.3248553765625 0.28203125 0.286742853125 0.27421875 0.2595196234375 0.27421875 0.17784993124999998 0.2703125 0.17240528593749999 0.27421875 0.1506267015625 0.334765625 0.11523650156250001 0.3484375 0.096180240625 0.285183546875 0 0 0
1 0.45 0.1041527578125 0.397265625 0.0989025640625 0.369921875 0.10979185625000001 0.34453125 0.1342927625 0.32890625 0.17240528593749999 0.32890625 0.2595196234375 0.33671875 0.297632146875 0.358203125 0.3439116375 0.3796875 0.3520786078125 0.405078125 0.3548009296875 0.45 0.3391475734375 0.45 0.1041527578125
1 0.72109375 0.28958333281250004 0.75625 0.33125 0.840234375 0.3182291671875 0.88125 0.2635416671875 0.896875 0.2166666671875 0.896875 0.13333333281249998 0.863671875 0.07864583281250001 0.832421875 0.0578125 0.754296875 0.0838541671875 0.68984375 0.18020833281249998 0.72109375 0.28958333281250004
1 0.9217187499999999 0.46875 0.92421875 0.43541666718750005 0.910546875 0.4067708328125 0.867578125 0.37552083281250004 0.773828125 0.35989583281250004 0.72890625 0.425 0.72265625 0.46875 0.9217187499999999 0.46875
1 0.92421875 0.46875 0.92421875 0.4302083328125 0.867578125 0.37552083281250004 0.769921875 0.35989583281250004 0.725 0.440625 0.7212775734375001 0.46875 0.92421875 0.46875
1 0.6097098203125 0.46875 0.68203125 0.440625 0.678125 0.40416666718750005 0.633203125 0.34427083281250004 0.613671875 0.34427083281250004 0.574609375 0.39114583281250004 0.53359375 0.4145833328125 0.5809895843749999 0.46875 0.6097098203125 0.46875
1 0.51015625 0.27395833281250004 0.5140625 0.346875 0.547265625 0.34427083281250004 0.6703125 0.18020833281249998 0.637109375 0.1203125 0.601953125 0.14114583281249998 0.51015625 0.27395833281250004
1 0.573168103125 0.46875 0.523828125 0.4171875 0.496484375 0.4067708328125 0.48671875 0.4302083328125 0.49828124999999995 0.46875 0.573168103125 0.46875
1 0.51015625 0.39895833281250004 0.52578125 0.409375 0.558984375 0.4067708328125 0.60390625 0.3572916671875 0.615625 0.3260416671875 0.605859375 0.28177083281250004 0.50625 0.3729166671875 0.51015625 0.39895833281250004
1 0.47205882343749994 0 0.4671875 0.055208332812500004 0.56875 0.1020833328125 0.586328125 0.1046875 0.6078125 0.08125 0.6315104171875 0 0.47205882343749994 0
1 0.71710668125 0 0.7171875 0.003125 0.69375 0.0760416671875 0.7171875 0.1020833328125 0.801171875 0.052604167187499995 0.836328125 0.0421875 0.855859375 0.0578125 0.88125 0.0395833328125 0.887847221875 0 0.71710668125 0
0 0 0.9202898140624999 0.002734375 0.9202898140624999 0.045703125 0.9039558750000001 0.096484375 0.865843353125 0.121875 0.8358978 0.121875 0.786895984375 0.09453125 0.656224478125 0.08671875 0.590888725 0.069140625 0.560943171875 0.030078125 0.5391645875 0.010546875 0.5064967109375 0 0.5085967890624999 0 0.9202898140624999
0 0.324062771875 1 0.30546875 0.961124659375 0.3015625 0.9339014296875 0.278125 0.8903442609375001 0.2703125 0.8631210296875 0.229296875 0.795062953125 0.213671875 0.7841736609375 0.186328125 0.795062953125 0.174609375 0.8113968921874999 0.088671875 0.882177290625 0.075 0.9012335531249999 0.127734375 0.8930665828125001 0.14140625 0.917567490625 0.153125 0.96656930625 0.1584549515625 1 0.324062771875 1
0 0.32231282499999997 1 0.309375 0.9774585984375002 0.29375 0.917567490625 0.27421875 0.8848996140625001 0.2703125 0.8631210296875 0.2546875 0.8467870921875 0.23515625 0.8032299234375 0.213671875 0.7841736609375 0.186328125 0.795062953125 0.155078125 0.8277308296874999 0.108203125 0.86039870625 0.07890625 0.89578890625 0.092578125 0.8985112296875 0.119921875 0.8876219375 0.135546875 0.8985112296875 0.1453125 0.917567490625 0.14921875 0.9556800140625 0.15703125 0.9774585984375002 0.1578013578125 1 0.32231282499999997 1
0 0 1 0.160041775 1 0.1453125 0.9230121375 0.131640625 0.8930665828125001 0.080859375 0.8930665828125001 0.022265625 0.9202898140624999 0 0.9257664875 0 1
0 0.45 1 0.45 0.9202898140624999 0.43828125 0.89578890625 0.43046875 0.8631210296875 0.403125 0.8086745687500001 0.3953125 0.7760066921875 0.385546875 0.7623950765625 0.373828125 0.7623950765625 0.307421875 0.8113968921874999 0.280078125 0.8386201218749999 0.2703125 0.8576763843749999 0.30546875 0.944790721875 0.33289090625 1 0.45 1
0 0.2304560734375 0.46875 0.2078125 0.4928850953125 0.18828125 0.5582208484375 0.18828125 0.5854440796875 0.2 0.612667309375 0.221484375 0.648057509375 0.24296875 0.6671137703125 0.268359375 0.6589468015625 0.287890625 0.6371682171875 0.307421875 0.626278925 0.340625 0.5854440796875 0.340625 0.5582208484375 0.325 0.5146636796874999 0.2920593265625 0.46875 0.2304560734375 0.46875
0 0.0042920984375 0.46875 0.0203125 0.520108325 0.033984375 0.5391645875 0.07890625 0.5691101406250001 0.090625 0.596333371875 0.0984375 0.6507798328125001 0.123828125 0.648057509375 0.184375 0.596333371875 0.184375 0.5691101406250001 0.2078125 0.4874404484375 0.2078125 0.46875 0.0042920984375 0.46875
1 0.45 0.46875 0.45 0.5458075359375 0.598046875 0.532747278125 0.617578125 0.52730263125 0.6234375 0.5191356625 0.61953125 0.4864677859375 0.6138816546875 0.46875 0.45 0.46875
1 0.45 0.9621809406249999 0.508203125 0.96287431875 0.51796875 0.95470735 0.5140625 0.9492627046875001 0.5140625 0.9002608890625 0.521875 0.8784823046875001 0.553125 0.8294804906250001 0.5609375 0.7913679671875 0.555078125 0.7832009984375 0.547265625 0.78864564375 0.476953125 0.78864564375 0.45 0.7636002718749999 0.45 0.9621809406249999
1 0.45 0.7645530859375 0.457421875 0.77231170625 0.4828125 0.785923321875 0.555078125 0.7832009984375 0.594140625 0.77231170625 0.613671875 0.7559777671875001 0.646875 0.7042536296874999 0.6625 0.671585753125 0.66640625 0.6389178765625 0.6390625 0.540914246875 0.629296875 0.52730263125 0.582421875 0.532747278125 0.578515625 0.5381919234375 0.535546875 0.5381919234375 0.531640625 0.5436365703125 0.45 0.5485840953125 0.45 0.7645530859375
1 0.521875 0.9492627046875001 0.54921875 0.9601519968750001 0.875390625 0.96287431875 0.88515625 0.95470735 0.91640625 0.8131465515624999 0.9203125 0.7695893828125 0.91640625 0.7532554453125 0.8890625 0.6933643375 0.851953125 0.6470848453125 0.840234375 0.6470848453125 0.816796875 0.663418784375 0.699609375 0.6525294921875 0.68203125 0.671585753125 0.664453125 0.7614224140625 0.660546875 0.7559777671875001 0.656640625 0.7614224140625 0.625390625 0.7614224140625 0.574609375 0.78864564375 0.5609375 0.8077019062499999 0.54921875 0.845814428125 0.52578125 0.8839269515625 0.51796875 0.91115018125 0.521875 0.9165948281249999 0.51796875 0.9383734125000001 0.521875 0.9492627046875001
1 0.523828125 0.9574296734375001 0.54140625 0.9601519968750001 0.726953125 0.96287431875 0.740625 0.95470735 0.74453125 0.9220394734374999 0.73671875 0.8784823046875001 0.7015625 0.8077019062499999 0.668359375 0.7614224140625 0.625390625 0.7614224140625 0.574609375 0.78864564375 0.5609375 0.8077019062499999 0.54140625 0.8567037203125001 0.521875 0.8839269515625 0.5140625 0.9057055359374999 0.5140625 0.9383734125000001 0.523828125 0.9574296734375001
1 1 0.46875 0.6764415921875 0.46875 0.6859375 0.49191243125 0.71328125 0.5300249546875 0.725 0.584471415625 0.758203125 0.6470848453125 0.7796875 0.655251815625 0.816796875 0.6579741375 0.824609375 0.6470848453125 0.832421875 0.6470848453125 0.836328125 0.6361955531250001 0.85390625 0.6225839390625 0.8578125 0.6008053531249999 0.891015625 0.5545258625 0.906640625 0.5436365703125 0.926171875 0.5164133390625001 0.945703125 0.5000794015625 0.969140625 0.51096869375 0.992578125 0.505524046875 1 0.498940975 1 0.46875
1 0.9046875 0.8675930125000001 0.9203125 0.8784823046875001 0.945703125 0.881204628125 0.959375 0.8675930125000001 0.9671875 0.802257259375 0.9671875 0.7042536296874999 0.953515625 0.6743080765625 0.918359375 0.679752721875 0.867578125 0.6253062609375 0.859765625 0.6253062609375 0.85390625 0.6443625234375 0.89296875 0.698808984375 0.9203125 0.7641447375 0.9203125 0.7913679671875 0.9046875 0.8675930125000001
1 1 0.54449215625 0.996484375 0.5381919234375 0.976953125 0.5164133390625001 0.949609375 0.5000794015625 0.926171875 0.5164133390625001 0.887109375 0.5599705078125 0.8578125 0.60625 0.867578125 0.6253062609375 0.91640625 0.6770303999999999 0.941796875 0.679752721875 0.949609375 0.6743080765625 0.9984375 0.611694646875 1 0.6073389296875 1 0.54449215625