1 0.3772509765625 0.36875 0.3578125 0.3235934671875 0.35 0.280036296875 0.344140625 0.27186932812500003 0.3265625 0.2745916515625 0.2875 0.2909255890625 0.28359375 0.3617059890625 0.32233886875 0.36875 0.3772509765625 0.36875
1 0.27174595468749996 0.36875 0.2796875 0.3617059890625 0.2875 0.334482759375 0.2796875 0.220145190625 0.271875 0.192921959375 0.262109375 0.1793103453125 0.191796875 0.168421053125 0.152734375 0.184754990625 0.137109375 0.184754990625 0.101953125 0.15753176093750001 0.084375 0.1602540828125 0.07265625 0.2038112515625 0.0765625 0.31814882031249997 0.08828125 0.3617059890625 0.0933349609375 0.36875 0.27174595468749996 0.36875
1 0.459375 0.36875 0.459375 0.023664484375 0.4515625 0.02413793125 0.391015625 0.037749546875 0.365625 0.06225045312500001 0.35 0.1439201453125 0.35 0.280036296875 0.3578125 0.31270417500000003 0.3794640171875 0.36875 0.459375 0.36875
1 0.21267981093750002 0 0.2015625 0.0295825765625 0.211328125 0.054083484375000004 0.238671875 0.0649727765625 0.297265625 0.11397459218749999 0.336328125 0.13575317656250002 0.35 0.12214156093749999 0.365625 0.0568058078125 0.39296875 0.02413793125 0.39470052031249997 0 0.21267981093750002 0
1 0.269921875 0.1793103453125 0.303125 0.1439201453125 0.30703125 0.12758620625 0.297265625 0.11397459218749999 0.242578125 0.0704174234375 0.211328125 0.054083484375000004 0.2015625 0.04047186875 0.2015625 0.018693284375 0.19765625 0.018693284375 0.168359375 0.0486388390625 0.15078125 0.07858439218749999 0.1546875 0.11125226875000001 0.191796875 0.168421053125 0.234765625 0.168421053125 0.269921875 0.1793103453125
1 0.152734375 0.184754990625 0.183984375 0.168421053125 0.1859375 0.1602540828125 0.15859375 0.12214156093749999 0.146875 0.07858439218749999 0.137109375 0.0704174234375 0.1234375 0.0731397453125 0.098046875 0.1030853 0.070703125 0.11941923750000001 0.06484375 0.13303085312500001 0.082421875 0.1520871140625 0.109765625 0.16297640625 0.137109375 0.184754990625 0.152734375 0.184754990625
0 0.459375 0.36875 1 0.36875 1 0 0.459375 0 0.459375 0.36875
0 0.5953125 0.1364583328125 0.59921875 0.0947916671875 0.589453125 0.0713541671875 0.573828125 0.0609375 0.55625 0.0635416671875 0.54453125 0.11041666718750001 0.566015625 0.1442708328125 0.585546875 0.1546875 0.5953125 0.1364583328125
0 0.597265625 0.22760416718749998 0.5875 0.1625 0.566015625 0.1442708328125 0.542578125 0.10260416718750001 0.52890625 0.1052083328125 0.51328125 0.115625 0.50546875 0.1989583328125 0.558203125 0.23802083281250003 0.597265625 0.22760416718749998
0 0.459375 0.21209935937500002 0.476171875 0.22760416718749998 0.50546875 0.1989583328125 0.51328125 0.1520833328125 0.51328125 0.1260416671875 0.503515625 0.1130208328125 0.478125 0.115625 0.460546875 0.1234375 0.459375 0.1263392859375 0.459375 0.21209935937500002
0 0.51328125 0.2822916671875 0.562109375 0.3265625 0.577734375 0.3213541671875 0.60703125 0.2666666671875 0.60703125 0.24583333281250003 0.593359375 0.2328125 0.554296875 0.23802083281250003 0.52890625 0.225 0.509375 0.2614583328125 0.51328125 0.2822916671875
0 0.459375 0.36875 0.4709173390625 0.36875 0.5171875 0.2979166671875 0.509375 0.271875 0.459375 0.21811155937499999 0.459375 0.36875
0 0.612890625 0.3682291671875 0.648046875 0.3526041671875 0.6265625 0.2979166671875 0.6265625 0.2770833328125 0.603125 0.2770833328125 0.571875 0.3291666671875 0.612890625 0.3682291671875
0 0.609375 0.36875 0.597265625 0.3526041671875 0.534765625 0.3057291671875 0.509375 0.3083333328125 0.47161458281249996 0.36875 0.609375 0.36875
0 0.8609375 0.36875 0.8609375 0.31875 0.831640625 0.2640625 0.780859375 0.2484375 0.765234375 0.2328125 0.74375 0.23541666718749998 0.71640625 0.2510416671875 0.6734375 0.3552083328125 0.6734375 0.36875 0.8609375 0.36875
0 0.663671875 0.22760416718749998 0.722265625 0.22760416718749998 0.73984375 0.20416666718749998 0.74375 0.1833333328125 0.7359375 0.1625 0.702734375 0.11822916718750001 0.61875 0.084375 0.603125 0.1052083328125 0.5875 0.1625 0.59921875 0.21979166718749998 0.616796875 0.2484375 0.632421875 0.2536458328125 0.644140625 0.2328125 0.663671875 0.22760416718749998
0 1 0 0.9684895828125001 0 0.9625 0.0479166671875 0.978125 0.0947916671875 1 0.1205269609375 1 0
0 0.8340624999999999 0 0.853125 0.0635416671875 0.882421875 0.10260416718750001 0.901953125 0.1130208328125 0.964453125 0.0869791671875 0.95859375 0.0166666671875 0.9657366078125001 0 0.8340624999999999 0
0 0.46666666718750005 0 0.459375 0.029166667187500002 0.459375 0.12291666718750001 0.511328125 0.1130208328125 0.538671875 0.0973958328125 0.55234375 0.058333332812500006 0.540625 0.0270833328125 0.540625 0 0.46666666718750005 0
0 0.5467329546874999 0 0.54453125 0.0322916671875 0.554296875 0.050520832812500006 0.608984375 0.0817708328125 0.61875 0.0739583328125 0.61484375 0.0270833328125 0.6220128671875 0 0.5467329546874999 0
0 0.6225643375 0 0.61484375 0.058333332812500006 0.628515625 0.0869791671875 0.687109375 0.1078125 0.745703125 0.1598958328125 0.800390625 0.0817708328125 0.8375 0.0635416671875 0.84140625 0.021875 0.83375 0 0.6225643375 0
0 0.8765625 0.1 0.851171875 0.0765625 0.8140625 0.0791666671875 0.788671875 0.0973958328125 0.759375 0.1416666671875 0.7515625 0.1625 0.7515625 0.21458333281250003 0.784765625 0.2484375 0.831640625 0.2640625 0.874609375 0.24322916718749998 0.88046875 0.23020833281250003 0.8765625 0.1
0 1 0.12395833281249999 0.983984375 0.10260416718750001 0.946875 0.1 0.929296875 0.1078125 0.915625 0.13125 0.9234375 0.1677083328125 0.948828125 0.2171875 0.987890625 0.22760416718749998 1 0.21335784375000003 1 0.12395833281249999
0 0.917578125 0.2484375 0.9390625 0.225 0.9390625 0.20416666718749998 0.915625 0.13125 0.9 0.1260416671875 0.88046875 0.1625 0.88046875 0.23020833281250003 0.894140625 0.2484375 0.917578125 0.2484375
0 1 0.25986111093750003 0.983984375 0.2328125 0.9390625 0.225 0.90390625 0.2770833328125 0.9 0.365625 0.90234375 0.36875 0.9822048609374999 0.36875 0.98984375 0.3604166671875 1 0.33559027812500003 1 0.25986111093750003
0 0.8453125 0.2875 0.8609375 0.31875 0.8609375 0.3447916671875 0.890234375 0.3578125 0.9 0.3395833328125 0.90390625 0.2666666671875 0.886328125 0.24322916718749998 0.87265625 0.24583333281250003 0.8453125 0.2666666671875 0.8453125 0.2875
0 0.3835944671875 1 0.3244791671875 0.8852909484375001 0.3010416671875 0.86169748125 0.2736979171875 0.8471784249999998 0.24375 0.8580677171875 0.20859375 0.90343976875 0.1786458328125 0.9669606390624998 0.166793821875 1 0.3835944671875 1
0 0.459375 1 0.459375 0.7810901609374999 0.45729166718750003 0.7800277906249999 0.4 0.78728731875 0.3036458328125 0.8308444875 0.2997395828125 0.8417337796875 0.3075520828125 0.867142128125 0.34921875 0.9433671734375 0.3724365234375 1 0.459375 1
0 0 1 0.1729146328125 1 0.1799479171875 0.970590403125 0.20208333281250002 0.917958825 0.2046875 0.8744016562500001 0.21770833281250002 0.8598825999999999 0.20078125 0.8471784249999998 0.1903645828125 0.8290296046875 0.1265625 0.801806375 0.0809895828125 0.8145105484374999 0.051041667187499994 0.8417337796875 0 0.9161606953125 0 1
0 1 1 1 0.36875 0.459375 0.36875 0.459375 0.8940016312499999 0.48104236718750004 0.9264822031249998 0.4996794859375 1 1 1