1 0.9317044531249999 1 0.84375 0.75952813125 0.80859375 0.6833030859375 0.787109375 0.658802178125 0.728515625 0.6696914703125 0.71875 0.6833030859375 0.71875 0.7050816703125 0.7421875 0.7649727765625001 0.7421875 0.7921960078125 0.724609375 0.81125226875 0.697265625 0.82758620625 0.658203125 0.82758620625 0.646484375 0.8221415609375 0.615234375 0.7785843921875 0.603515625 0.7785843921875 0.568359375 0.8058076218749999 0.546875 0.8357531765624999 0.5703125 0.8956442828125001 0.59375 0.928312159375 0.60546875 0.9555353906249999 0.62109375 0.9718693281249999 0.6311848953125 1 0.9317044531249999 1
1 0.62777549375 1 0.5625 0.8847549906250001 0.525390625 0.8384754984375 0.505859375 0.849364790625 0.435546875 0.936479128125 0.39231103125 1 0.62777549375 1
1 0.234375 0.0027223234375 0.234375 0.013611615625 0.302734375 0.10889292187499999 0.322265625 0.10889292187499999 0.388671875 0.07622504531249999 0.427734375 0.07622504531249999 0.455078125 0.092558984375 0.494140625 0.1034482765625 0.505859375 0.11433756875000001 0.521484375 0.11433756875000001 0.548828125 0.136116153125 0.5625 0.1715063515625 0.55859375 0.3675136109375 0.591796875 0.3811252265625 0.634765625 0.4464609796875 0.65234375 0.44373865625000003 0.681640625 0.43012704218750003 0.6953125 0.41107077968750005 0.703125 0.362068965625 0.72265625 0.31306715 0.72265625 0.2422867515625 0.71484375 0.18784029062500002 0.67578125 0.0462794921875 0.67578125 0.029945553125000003 0.658203125 0 0.234375 0.0027223234375
1 0.724609375 0.3375680578125 0.7109375 0.3511796734375 0.68359375 0.519963703125 0.68359375 0.5961887484374999 0.6875 0.6125226859375 0.712890625 0.65335753125 0.720703125 0.658802178125 0.74609375 0.6560798546875 0.822265625 0.6424682390625 0.83203125 0.6343012703124999 0.85546875 0.49274047187500003 0.859375 0.42196007187499995 0.8671875 0.38384755 0.86328125 0.37840290312499997 0.86328125 0.3457350265625 0.849609375 0.326678765625 0.791015625 0.3212341203125 0.724609375 0.3375680578125
1 0.673828125 0 0.671875 0.0190562609375 0.7109375 0.15517241406249999 0.7265625 0.2640653359375 0.736328125 0.27223230468750004 0.775390625 0.27223230468750004 0.822265625 0.283121596875 0.853515625 0.30490018124999996 0.8671875 0.3457350265625 0.87109375 0.3457350265625 0.88671875 0.3021778578125 0.890625 0.274954628125 0.91796875 0.22595281250000002 0.9453125 0.15517241406249999 0.9453125 0.1333938296875 0.9375 0.117059890625 0.9375 0.08439201406249999 0.93359375 0.07894736875 0.93359375 0.0027223234375 0.673828125 0
1 0.822265625 0.27223230468750004 0.873046875 0.31034482812499997 0.87890625 0.30762250468749996 0.92578125 0.209618875 0.9453125 0.15517241406249999 0.9453125 0.1333938296875 0.935546875 0.11433756875000001 0.830078125 0.02722323125 0.80859375 0.057168784375000004 0.79296875 0.10617059843750001 0.76171875 0.1715063515625 0.7578125 0.204174228125 0.822265625 0.27223230468750004
1 1 0.209618875 0.978515625 0.14700544531249998 0.955078125 0.14700544531249998 0.9453125 0.16061705937499998 0.9296875 0.209618875 0.88671875 0.2967332125 0.8828125 0.34029038125 0.86328125 0.41651542656249996 0.85546875 0.5090744109374999 0.84375 0.563520871875 0.84375 0.60163339375 0.8515625 0.60163339375 0.912109375 0.54990925625 0.923828125 0.54990925625 0.958984375 0.528130671875 0.98828125 0.4981851171875 1 0.465517240625 1 0.209618875
1 0.390625 0.5254083484375001 0.4296875 0.5090744109374999 0.43359375 0.43829401093750003 0.388671875 0.43012704218750003 0.357421875 0.413793103125 0.337890625 0.413793103125 0.3359375 0.42196007187499995 0.359375 0.47640653281249995 0.3671875 0.519963703125 0.373046875 0.528130671875 0.390625 0.5254083484375001
1 0.4375 0.579854809375 0.4453125 0.607078040625 0.455078125 0.6206896546875 0.525390625 0.631578946875 0.564453125 0.6152450093749999 0.580078125 0.6152450093749999 0.615234375 0.6424682390625 0.6328125 0.6397459171875 0.64453125 0.5961887484374999 0.640625 0.48185117968749996 0.62890625 0.43829401093750003 0.591796875 0.3865698734375 0.552734375 0.3811252265625 0.517578125 0.40290381093749994 0.458984375 0.41923775 0.4375 0.43829401093750003 0.4296875 0.465517240625 0.4375 0.579854809375
1 0.419921875 0.07622504531249999 0.396484375 0.07622504531249999 0.294921875 0.1252268609375 0.28515625 0.144283121875 0.27734375 0.2368421046875 0.29296875 0.2967332125 0.29296875 0.3511796734375 0.298828125 0.36479128906249997 0.310546875 0.370235934375 0.341796875 0.40834845781249995 0.408203125 0.43557168749999997 0.42578125 0.4328493640625 0.470703125 0.40834845781249995 0.517578125 0.397459165625 0.541015625 0.3811252265625 0.5546875 0.362068965625 0.5625 0.30762250468749996 0.5625 0.1769509984375 0.5546875 0.1497277671875 0.525390625 0.1197822140625 0.447265625 0.092558984375 0.419921875 0.07622504531249999
1 0 0 0 0.4285883375 0.01953125 0.42740471874999997 0.044921875 0.41923775 0.052734375 0.4246823953125 0.123046875 0.4246823953125 0.1328125 0.41107077968750005 0.13671875 0.38384755 0.158203125 0.34845735 0.201171875 0.34845735 0.251953125 0.370235934375 0.271484375 0.370235934375 0.28515625 0.34029038125 0.2890625 0.3021778578125 0.28125 0.26950998125000003 0.248046875 0.223230490625 0.068359375 0.021778584375 0.041015625 0 0 0
1 0 0 0 0.428550959375 0.015625 0.42740471874999997 0.044921875 0.41923775 0.123046875 0.4246823953125 0.1328125 0.41107077968750005 0.13671875 0.38384755 0.1484375 0.35662431875 0.158203125 0.34845735 0.201171875 0.34845735 0.251953125 0.370235934375 0.271484375 0.370235934375 0.2890625 0.32395644218749997 0.28125 0.26950998125000003 0.244140625 0.21778584374999999 0.068359375 0.021778584375 0.041015625 0 0 0
1 0.296875 0.1116152453125 0.228515625 0.0108892921875 0.216796875 0 0.0546875 0.0027223234375 0.251953125 0.22867513593750002 0.267578125 0.24500907500000002 0.27734375 0.2422867515625 0.28125 0.16061705937499998 0.296875 0.1116152453125
1 0 0.8126134296874999 0.0078125 0.8030853 0.03125 0.737749546875 0.03125 0.710526315625 0.01953125 0.666969146875 0 0.608633653125 0 0.8126134296874999
1 0.158203125 0.353901996875 0.140625 0.38384755 0.140625 0.4328493640625 0.13671875 0.43829401093750003 0.140625 0.44373865625000003 0.140625 0.5090744109374999 0.14453125 0.5145190562499999 0.14453125 0.6179673328125 0.13671875 0.67241379375 0.140625 0.7323049 0.166015625 0.7676951 0.216796875 0.7731397453125 0.220703125 0.7785843921875 0.265625 0.77586206875 0.326171875 0.762250453125 0.3515625 0.737749546875 0.3671875 0.6560798546875 0.3671875 0.519963703125 0.359375 0.487295825 0.33203125 0.41651542656249996 0.298828125 0.3865698734375 0.251953125 0.37568058125000003 0.220703125 0.3593466421875 0.158203125 0.353901996875
1 0 0.59316394375 0.00390625 0.60163339375 0.03125 0.68874773125 0.0390625 0.737749546875 0.056640625 0.7568058078125001 0.06640625 0.754083484375 0.119140625 0.72413793125 0.1328125 0.6996370234375 0.1328125 0.666969146875 0.140625 0.623411978125 0.140625 0.5417422875 0.126953125 0.45735027187500005 0.099609375 0.43557168749999997 0.064453125 0.4246823953125 0.037109375 0.4246823953125 0.001953125 0.4519056265625 0 0.4546279484375 0 0.59316394375
1 0.3899739578125 1 0.47265625 0.8847549906250001 0.515625 0.7704174234375001 0.505859375 0.745916515625 0.478515625 0.7350272234374999 0.419921875 0.6860254078125 0.380859375 0.6642468234375001 0.3671875 0.6778584390625 0.3515625 0.7431941921874999 0.32421875 0.77586206875 0.3203125 0.8303085296875 0.306640625 0.849364790625 0.259765625 0.8874773140625001 0.234375 0.9228675140625 0.234375 0.9337568062500001 0.251953125 0.9582577125 0.271484375 0.9691470046875 0.2890625 0.9936479125 0.2913411453125 1 0.3899739578125 1
1 0.474609375 0.7295825765624999 0.505859375 0.745916515625 0.515625 0.75952813125 0.515625 0.781306715625 0.51953125 0.781306715625 0.548828125 0.7513611609375 0.56640625 0.7214156078125 0.5625 0.68874773125 0.525390625 0.631578946875 0.482421875 0.631578946875 0.447265625 0.6206896546875 0.4140625 0.6560798546875 0.41015625 0.67241379375 0.419921875 0.6860254078125 0.474609375 0.7295825765624999
1 0.55859375 0.6778584390625 0.5703125 0.7214156078125 0.580078125 0.7295825765624999 0.59375 0.7268602546875 0.619140625 0.6969147 0.646484375 0.6805807625 0.65234375 0.666969146875 0.634765625 0.6479128859375 0.607421875 0.6370235937500001 0.580078125 0.6152450093749999 0.564453125 0.6152450093749999 0.533203125 0.631578946875 0.53125 0.6397459171875 0.55859375 0.6778584390625
1 0.880859375 0.8439201453124999 0.88671875 0.841197821875 0.919921875 0.8330308531249999 0.935546875 0.8221415609375 0.9453125 0.8030853 0.94921875 0.6778584390625 0.94140625 0.6343012703124999 0.857421875 0.631578946875 0.791015625 0.65335753125 0.83984375 0.7486388390625 0.8671875 0.8248638843749999 0.880859375 0.8439201453124999
1 0.06640625 0.8684210531250001 0.06640625 0.9010889296875 0.0859375 0.9718693281249999 0.099609375 0.9909255890625 0.1328125 0.9882032671875001 0.302734375 0.849364790625 0.3203125 0.8194192375 0.31640625 0.77586206875 0.197265625 0.7785843921875 0.162109375 0.7676951 0.134765625 0.7295825765624999 0.111328125 0.7350272234374999 0.08984375 0.7649727765625001 0.0859375 0.8085299453125 0.06640625 0.8684210531250001