1 0.072487209375 0 0.06015625 0.04392298125 0.05625 0.0983694421875 0.062109375 0.1119810578125 0.073828125 0.117425703125 0.105078125 0.1555382265625 0.18515625 0.1745944875 0.210546875 0.1555382265625 0.228125 0.13103731875 0.2359375 0.109258734375 0.269140625 0.06842388906249999 0.300390625 0.06842388906249999 0.366796875 0.09564711875000001 0.378515625 0.09564711875000001 0.384375 0.08748015 0.403476615625 0 0.072487209375 0
1 0.36482340468749996 0.3390625 0.3765625 0.3161552859375 0.415625 0.169149840625 0.415625 0.13103731875 0.370703125 0.101091765625 0.280859375 0.06842388906249999 0.261328125 0.07931318125 0.19296875 0.190928425 0.17734375 0.23993024062499999 0.17734375 0.2671534703125 0.16171875 0.3161552859375 0.158979628125 0.3390625 0.36482340468749996 0.3390625
1 0 0 0 0.0533927765625 0.011328125 0.06297924218749999 0.04453125 0.06025691875 0.05625 0.04392298125 0.06015625 0.022144396875 0.071875 0.0003658125 0.0719187421875 0 0 0
1 0.4296875 0.3390625 1 0.3390625 1 0 0.4296875 0 0.4296875 0.3390625
1 1 0.0704861109375 0.984375 0.08854166718749999 0.9765625 0.125 0.98046875 0.1875 1 0.218276515625 1 0.0704861109375
1 0.71484375 0.2604166671875 0.73046875 0.21354166718749998 0.73046875 0.15625 0.693359375 0.1328125 0.63671875 0.1979166671875 0.65625 0.2708333328125 0.666015625 0.2838541671875 0.6875 0.28125 0.701171875 0.2786458328125 0.71484375 0.2604166671875
1 0.964453125 0.3390625 0.96484375 0.3385416671875 0.9765625 0.265625 0.927734375 0.23697916718749998 0.900390625 0.1744791671875 0.880859375 0.1796875 0.837890625 0.23177083281250002 0.79296875 0.2916666671875 0.7734375 0.3385416671875 0.7734375 0.3390625 0.964453125 0.3390625
1 0.841796875 0.1692708328125 0.830078125 0.1692708328125 0.80859375 0.203125 0.8125 0.22916666718749998 0.828125 0.23958333281250002 0.84765625 0.21875 0.841796875 0.1692708328125
1 0.59800091875 0.3390625 0.603515625 0.3307291671875 0.64453125 0.3020833328125 0.65234375 0.2552083328125 0.626953125 0.20052083281250002 0.591796875 0.1848958328125 0.548828125 0.1328125 0.521484375 0.1328125 0.47265625 0.1927083328125 0.45703125 0.2760416671875 0.46259191250000004 0.3390625 0.59800091875 0.3390625
1 0.4296875 0.27764423125 0.45703125 0.2552083328125 0.46875 0.1979166671875 0.48828125 0.1614583328125 0.484375 0.1354166671875 0.4296875 0.0672043 0.4296875 0.27764423125
1 0.515625 0 0.533203125 0.0234375 0.546875 0.0208333328125 0.546875 0 0.515625 0
1 0.45552884687499995 0 0.4453125 0.010416667187500001 0.4296875 0.05729166718749999 0.474609375 0.1223958328125 0.5 0.125 0.515625 0.109375 0.53125 0.0208333328125 0.515625 0 0.45552884687499995 0
1 0.521484375 0.1328125 0.5546875 0.1302083328125 0.57421875 0.046875 0.564453125 0.0286458328125 0.544921875 0.0234375 0.51953125 0.0625 0.515625 0.125 0.521484375 0.1328125
1 0.68359375 0.125 0.607421875 0.0286458328125 0.599609375 0.0286458328125 0.57421875 0.046875 0.5546875 0.1302083328125 0.595703125 0.1848958328125 0.615234375 0.1953125 0.63671875 0.1927083328125 0.6796875 0.1458333328125 0.68359375 0.125
1 0.6066706734375 0 0.60546875 0.0208333328125 0.681640625 0.1223958328125 0.720703125 0.1432291671875 0.75390625 0.140625 0.783203125 0.1171875 0.8125 0.07291666718749999 0.8125 0.03125 0.80078125 0 0.7363281265625 0 0.728515625 0.0026041671875 0.7282986109375 0 0.6066706734375 0
1 0.77734375 0.3177083328125 0.8125 0.25 0.8125 0.21354166718749998 0.802734375 0.20052083281250002 0.771484375 0.1901041671875 0.740234375 0.1588541671875 0.73046875 0.1822916671875 0.7265625 0.234375 0.70703125 0.2760416671875 0.744140625 0.3203125 0.77734375 0.3177083328125
1 0.767859375 0.3390625 0.767578125 0.3359375 0.751953125 0.3307291671875 0.705078125 0.2838541671875 0.662109375 0.2890625 0.6484375 0.3020833328125 0.665771484375 0.3390625 0.767859375 0.3390625
1 0.87744140625 0 0.873046875 0.0078125 0.837890625 0.0078125 0.8203125 0.0364583328125 0.8046875 0.09375 0.830078125 0.1588541671875 0.8671875 0.1666666671875 0.8984375 0.140625 0.90625 0.09895833281250001 0.94140625 0.0625 0.9375 0.0260416671875 0.91796875 0 0.87744140625 0
1 0.794921875 0.1067708328125 0.75 0.1510416671875 0.771484375 0.1901041671875 0.787109375 0.20052083281250002 0.8125 0.1979166671875 0.828125 0.171875 0.828125 0.15625 0.806640625 0.1067708328125 0.794921875 0.1067708328125
1 1 0.21354166718749998 0.9765625 0.1822916671875 0.98046875 0.08854166718749999 0.966796875 0.07552083281250001 0.927734375 0.08072916718749999 0.90625 0.109375 0.8984375 0.15625 0.91796875 0.21875 0.951171875 0.2526041671875 1 0.25 1 0.21354166718749998
1 1 0.3390625 1 0.24925595312499998 0.9765625 0.265625 0.96875 0.328125 0.9805989578125001 0.3390625 1 0.3390625
1 1 0 0.9184451218749998 0 0.966796875 0.07552083281250001 0.984375 0.078125 1 0.0663496375 1 0
1 0 1 0.4296875 1 0.4296875 0.3390625 0 0.3390625 0 1
1 0.032421875 0.3390625 0.039453125 0.3484375 0.070703125 0.3640625 0.10390625 0.3614583328125 0.1257421875 0.3390625 0.032421875 0.3390625
1 0.115625 0.8510416671875 0.11171875 0.8927083328125001 0.121484375 0.9161458328125001 0.137109375 0.9265625 0.1546875 0.9239583328125001 0.16640625 0.8770833328125001 0.144921875 0.8432291671875 0.125390625 0.8328125 0.115625 0.8510416671875
1 0.113671875 0.7598958328125 0.1234375 0.825 0.144921875 0.8432291671875 0.168359375 0.8848958328125001 0.18203125 0.8822916671875 0.19765625 0.871875 0.20546875 0.7885416671875001 0.152734375 0.7494791671875001 0.113671875 0.7598958328125
1 0.2640625 0.8302083328125001 0.26015625 0.7833333328125 0.234765625 0.7598958328125 0.20546875 0.7885416671875001 0.19765625 0.8354166671875 0.19765625 0.8614583328125001 0.207421875 0.8744791671875 0.2328125 0.871875 0.250390625 0.8640625 0.2640625 0.8302083328125001
1 0.19765625 0.7052083328125001 0.148828125 0.6609375 0.133203125 0.6661458328125001 0.10390625 0.7208333328125001 0.10390625 0.7416666671875001 0.117578125 0.7546875 0.156640625 0.7494791671875001 0.18203125 0.7625 0.2015625 0.7260416671875 0.19765625 0.7052083328125001
1 0.2015625 0.715625 0.262109375 0.7807291671875001 0.33046875 0.778125 0.35 0.7572916671875001 0.35 0.7 0.33828125 0.6479166671875 0.324609375 0.6296875 0.308984375 0.6296875 0.273828125 0.6036458328125001 0.246484375 0.6088541671875 0.19375 0.6895833328125001 0.2015625 0.715625
1 0.098046875 0.6192708328125001 0.062890625 0.6348958328125001 0.084375 0.6895833328125001 0.084375 0.7104166671875 0.1078125 0.7104166671875 0.1390625 0.6583333328125001 0.098046875 0.6192708328125001
1 0.06484375 0.6322916671875 0.09609375 0.6114583328125001 0.1 0.54375 0.074609375 0.5098958328125 0.027734375 0.49427083281249995 0.008203125 0.5098958328125 0.00234375 0.528125 0.03359375 0.5802083328125001 0.04140625 0.621875 0.055078125 0.6348958328125001 0.06484375 0.6322916671875
1 0.113671875 0.6348958328125001 0.176171875 0.6817708328125001 0.2015625 0.6791666671875 0.240625 0.6166666671875 0.2484375 0.5854166671875 0.22890625 0.5333333328125 0.211328125 0.5098958328125 0.176171875 0.4838541671875 0.152734375 0.4838541671875 0.1078125 0.54375 0.09609375 0.6114583328125001 0.113671875 0.6348958328125001
1 0.246484375 0.5671875 0.262109375 0.5828125 0.271875 0.5802083328125001 0.320703125 0.5359375 0.334375 0.496875 0.33046875 0.47083333281249995 0.293359375 0.3953125 0.250390625 0.4057291671875 0.20546875 0.465625 0.20546875 0.5020833328125 0.22890625 0.528125 0.246484375 0.5671875
1 0.4296875 0.3390625 0.3108362265625 0.3390625 0.29921875 0.3770833328125 0.31484375 0.4447916671875 0.340234375 0.4838541671875 0.35 0.48125 0.418359375 0.44739583281249995 0.4296875 0.42222222187499997 0.4296875 0.3390625
1 0.4296875 0.442336309375 0.348046875 0.4734375 0.334375 0.4916666671875 0.334375 0.54375 0.34609375 0.5697916671875 0.355859375 0.5828125 0.39296875 0.590625 0.4125 0.575 0.41640625 0.5177083328125 0.4296875 0.489375 0.4296875 0.442336309375
1 0.4296875 1 0.4296875 0.8059244796874999 0.410546875 0.7963541671875001 0.391015625 0.8015625 0.31484375 0.8822916671875 0.29921875 0.9239583328125001 0.2958639703125 1 0.4296875 1
1 0.38125 0.8041666671875 0.363671875 0.7755208328125 0.285546875 0.7807291671875001 0.26796875 0.79375 0.26015625 0.8614583328125001 0.28359375 0.8979166671875 0.2875 0.91875 0.29921875 0.91875 0.3109375 0.8875 0.38125 0.8041666671875
1 0 0.8583333328125 0.008203125 0.8692708328125001 0.0921875 0.903125 0.1078125 0.8822916671875 0.1234375 0.825 0.11171875 0.7677083328125 0.094140625 0.7390625 0.078515625 0.7338541671875 0.066796875 0.7546875 0.047265625 0.7598958328125 0 0.7598958328125 0 0.8583333328125
1 0.14296875 0.465625 0.113671875 0.43177083281249995 0.086328125 0.4213541671875 0.047265625 0.4265625 0.021875 0.465625 0.02578125 0.4916666671875 0.055078125 0.4994791671875 0.1078125 0.5385416671875001 0.146875 0.48645833281249995 0.14296875 0.465625
1 0.296142578125 1 0.29921875 0.934375 0.277734375 0.9265625 0.25625 0.95 0.240625 0.9864583328125001 0.240625 1 0.296142578125 1
1 0.24114583281250002 1 0.25234375 0.9552083328125001 0.27578125 0.9239583328125001 0.27578125 0.8927083328125001 0.254296875 0.8640625 0.199609375 0.8744791671875 0.172265625 0.8901041671875 0.15859375 0.9291666671875 0.1703125 0.9604166671875 0.1703125 0.996875 0.17421875 1 0.24114583281250002 1
1 0.1633522734375 1 0.16640625 0.9552083328125001 0.156640625 0.9369791671875 0.101953125 0.9057291671875 0.0921875 0.9135416671875 0.09609375 0.9604166671875 0.08561580937499999 1 0.1633522734375 1
1 0 1 0.08671875 1 0.09609375 0.9291666671875 0.082421875 0.9005208328125001 0.023828125 0.8796875 0 0.8585069453124999 0 1
1 0.285546875 0.6140625 0.33828125 0.6322916671875 0.3578125 0.5958333328125001 0.328515625 0.5463541671875 0.305078125 0.5463541671875 0.27578125 0.575 0.271875 0.5958333328125001 0.285546875 0.6140625
1 0.4296875 0.6032986109375 0.418359375 0.5932291671875 0.367578125 0.6036458328125001 0.34609375 0.6479166671875 0.35 0.7572916671875001 0.387109375 0.8015625 0.396875 0.7989583328125 0.4296875 0.7944324703125 0.4296875 0.6032986109375
1 0 0.4737980765625 0.021875 0.4760416671875 0.04140625 0.41875 0 0.407708334375 0 0.4737980765625
1 0 0.4077083328125 0.031640625 0.41614583281249995 0.0765625 0.4135416671875 0.07265625 0.36666666718749996 0.035546875 0.34322916718749996 0 0.3629774296875 0 0.4077083328125
1 0.1340959828125 0.3390625 0.101953125 0.3640625 0.07265625 0.371875 0.07265625 0.39791666718749996 0.082421875 0.4213541671875 0.129296875 0.4421875 0.1546875 0.43958333281249995 0.17421875 0.36666666718749996 0.156276040625 0.3390625 0.1340959828125 0.3390625
1 0.199609375 0.44739583281249995 0.168359375 0.4265625 0.1390625 0.45 0.152734375 0.4838541671875 0.2015625 0.4916666671875 0.20546875 0.45520833281249995 0.199609375 0.44739583281249995
1 0.187890625 0.3484375 0.17421875 0.371875 0.16640625 0.41875 0.195703125 0.44739583281249995 0.21328125 0.4447916671875 0.23671875 0.403125 0.23671875 0.38229166718749996 0.219140625 0.3484375 0.187890625 0.3484375
1 0.22763671875 0.3390625 0.23671875 0.3875 0.27578125 0.3927083328125 0.29921875 0.3770833328125 0.309912109375 0.3390625 0.22763671875 0.3390625
1 0.4296875 0.84189258125 0.441796875 0.8362664468750001 0.4515625 0.811765540625 0.46328125 0.7518744328125 0.475 0.7300958484375 0.47890625 0.697427971875 0.490625 0.670204740625 0.490625 0.653870803125 0.4984375 0.6375368640625 0.5296875 0.5068653578125 0.5296875 0.4905314203125 0.504296875 0.4660305125 0.4296875 0.431366265625 0.4296875 0.84189258125
1 0.48671875 0.3390625 0.48671875 0.365304559375 0.50234375 0.4034170828125 0.5296875 0.4469742515625 0.535546875 0.45514122031250004 0.56875 0.452418896875 0.598046875 0.43336263593749996 0.6546875 0.37619385156249996 0.6546875 0.3544152671875 0.646875 0.34352597500000004 0.6458075625 0.3390625 0.48671875 0.3390625
1 0.6548048234375 0.3390625 0.65859375 0.37074920625 0.646875 0.392527790625 0.6546875 0.523199296875 0.6390625 0.5558671734375 0.64296875 0.610313634375 0.664453125 0.645703834375 0.7171875 0.6429815109374999 0.738671875 0.6348145421875 0.781640625 0.6021466656250001 0.816796875 0.5694787890624999 0.8265625 0.5504225265625 0.8265625 0.4905314203125 0.8109375 0.365304559375 0.8038772578125 0.3390625 0.6548048234375 0.3390625
1 0.7922685875 1 0.793359375 0.9996058296874999 0.79921875 0.985994215625 0.789453125 0.9723825999999999 0.738671875 0.9832718921874999 0.72890625 0.9968835078125 0.7283472703125 1 0.7922685875 1
1 1 0.7293698953125001 0.9828125 0.697427971875 0.965234375 0.6783717109375 0.930078125 0.7110395875 0.92421875 0.7355404953125 0.959375 0.784542309375 0.96328125 0.811765540625 0.975 0.8280994781250002 0.99453125 0.898879878125 1 0.910313634375 1 0.7293698953125001
1 1 0.43390710156249995 0.9984375 0.436084959375 0.97109375 0.5014207125000001 0.9671875 0.5340885890625 1 0.568389859375 1 0.43390710156249995
1 0.4296875 1 0.68203125 1 0.68203125 0.9914388609374999 0.660546875 0.9342700765625 0.625390625 0.9560486609375001 0.605859375 0.9560486609375001 0.531640625 0.9124914921875 0.50234375 0.8716566468749999 0.490625 0.8335441249999999 0.48671875 0.7954316015625 0.465234375 0.792709278125 0.45546875 0.8172101859375 0.433984375 0.8471557390625 0.4296875 0.8491521093750001 0.4296875 1
1 0.72109375 0.768208371875 0.613671875 0.6947056484375 0.558984375 0.6620377718749999 0.547265625 0.6620377718749999 0.5296875 0.6865386796875 0.490625 0.7790976640625 0.490625 0.811765540625 0.50234375 0.8662120015625 0.527734375 0.907046846875 0.598046875 0.950604015625 0.61953125 0.9533263390624999 0.637109375 0.9451593687500001 0.66640625 0.915213815625 0.709375 0.8172101859375 0.72109375 0.784542309375 0.72109375 0.768208371875
1 1 0.9800051046875 0.99453125 0.9533263390624999 0.990625 0.8879905859375 0.95546875 0.7790976640625 0.926171875 0.749152109375 0.906640625 0.749152109375 0.855859375 0.7818199859375 0.848046875 0.7818199859375 0.832421875 0.75459675625 0.793359375 0.77093069375 0.76796875 0.80632089375 0.77578125 0.8498780625 0.77578125 0.8662120015625 0.76796875 0.8825459390624999 0.77578125 0.9097691703125002 0.77578125 0.9424370468750001 0.7875 0.9369924000000001 0.78359375 0.9097691703125002 0.793359375 0.9016021999999999 0.79140625 0.9424370468750001 0.801171875 0.9887165375 0.8173624671875 1 0.9970205343749999 1 1 0.99520823125 1 0.9800051046875
1 0.8438578296875001 1 0.865625 0.9696602765625 0.86953125 0.9533263390624999 0.865625 0.898879878125 0.851953125 0.8798236156249999 0.805078125 0.8743789703125 0.7953125 0.9043245234375 0.7953125 0.9751049234375 0.808984375 0.9996058296874999 0.8095499687500001 1 0.8438578296875001 1
1 1 0.5773375703125 0.902734375 0.48780909687499996 0.879296875 0.471475159375 0.855859375 0.471475159375 0.83828125 0.5123100046875 0.8265625 0.5613118187499999 0.81875 0.5722011109375 0.8109375 0.6375368640625 0.863671875 0.6947056484375 0.906640625 0.732818171875 0.9203125 0.7355404953125 0.92421875 0.71920655625 0.97109375 0.6647600953125 0.975 0.64842615625 1 0.6092247046875 1 0.5773375703125
1 0.8385142015625 0.3390625 0.836328125 0.340803653125 0.81484375 0.37074920625 0.82265625 0.44152960468749997 0.83046875 0.46875283593749995 0.840234375 0.4823644515625 0.848046875 0.4823644515625 0.851953125 0.471475159375 0.883203125 0.471475159375 0.937890625 0.515032328125 0.94765625 0.5123100046875 0.975 0.47419748125000005 0.975 0.4469742515625 0.9359375 0.37074920625 0.9132039390625 0.3390625 0.8385142015625 0.3390625
1 0.648828125 0.6293698953125 0.637109375 0.6293698953125 0.613671875 0.6511484796875 0.586328125 0.6565931265625 0.58046875 0.6647600953125 0.601953125 0.6892610031249999 0.687890625 0.7437074640625 0.707421875 0.75459675625 0.72109375 0.7518744328125 0.73671875 0.6756493875 0.75625 0.6429815109374999 0.754296875 0.6293698953125 0.687890625 0.6511484796875 0.672265625 0.6511484796875 0.648828125 0.6293698953125
1 0.76796875 0.8008762484374999 0.785546875 0.776375340625 0.816796875 0.75459675625 0.836328125 0.75459675625 0.84609375 0.7300958484375 0.84609375 0.7083172640625 0.836328125 0.6947056484375 0.816796875 0.6783717109375 0.769921875 0.6565931265625 0.746484375 0.6565931265625 0.740625 0.6647600953125 0.72109375 0.7518744328125 0.725 0.7790976640625 0.71328125 0.811765540625 0.725 0.87710129375 0.746484375 0.907046846875 0.75625 0.9043245234375 0.771875 0.8662120015625 0.76796875 0.8008762484374999