1 0.6 0.10841077187499999 0.518359375 0.10743818125 0.50859375 0.11560515 0.5125 0.1210497953125 0.5125 0.17005161093750001 0.5046875 0.1918301953125 0.4734375 0.240832009375 0.465625 0.2789445328125 0.471484375 0.2871115015625 0.479296875 0.28166685625 0.549609375 0.28166685625 0.596484375 0.32522402499999997 0.6 0.3262040609375 0.6 0.10841077187499999
1 0.6 0.330260321875 0.569140625 0.29800079375 0.54375 0.284389178125 0.471484375 0.2871115015625 0.432421875 0.29800079375 0.412890625 0.3143347328125 0.3796875 0.3660588703125 0.3640625 0.398726746875 0.36015625 0.4313946234375 0.3875 0.529398253125 0.397265625 0.54300986875 0.444140625 0.537565221875 0.448046875 0.5321205765625 0.491015625 0.5321205765625 0.494921875 0.5266759296875 0.584765625 0.521231284375 0.5984375 0.5348429 0.6 0.53781270625 0.6 0.330260321875
1 0.5046875 0.1210497953125 0.47734375 0.110160503125 0.151171875 0.10743818125 0.14140625 0.11560515 0.11015625 0.2571659484375 0.10625 0.3007231171875 0.11015625 0.3170570546875 0.1375 0.3769481625 0.174609375 0.4232276546875 0.186328125 0.4232276546875 0.209765625 0.406893715625 0.326953125 0.4177830078125 0.34453125 0.398726746875 0.362109375 0.3088900859375 0.366015625 0.3143347328125 0.369921875 0.3088900859375 0.401171875 0.3088900859375 0.451953125 0.28166685625 0.465625 0.26261059375 0.47734375 0.22449807187499998 0.50078125 0.1863855484375 0.50859375 0.15916231875 0.5046875 0.15371767187500002 0.50859375 0.1319390875 0.5046875 0.1210497953125
1 0.502734375 0.1128828265625 0.48515625 0.110160503125 0.299609375 0.10743818125 0.2859375 0.11560515 0.28203125 0.14827302656250002 0.28984375 0.1918301953125 0.325 0.26261059375 0.358203125 0.3088900859375 0.401171875 0.3088900859375 0.451953125 0.28166685625 0.465625 0.26261059375 0.48515625 0.2136087796875 0.5046875 0.1863855484375 0.5125 0.1646069640625 0.5125 0.1319390875 0.502734375 0.1128828265625
1 0 0.56875 0.022192789062500003 0.56875 0.03984375 0.5511768375 0.01640625 0.513064315625 0.01640625 0.49128573124999997 0.0359375 0.442283915625 0.0671875 0.4041713921875 0.059375 0.3606142234375 0.04765625 0.34972493125000004 0.014453125 0.347002609375 0 0.35455705625 0 0.56875
1 0.121875 0.20271948750000002 0.10625 0.1918301953125 0.080859375 0.189107871875 0.0671875 0.20271948750000002 0.059375 0.26805524062499997 0.059375 0.3660588703125 0.073046875 0.39600442343750003 0.108203125 0.390559778125 0.158984375 0.4450062390625 0.166796875 0.4450062390625 0.17265625 0.4259499765625 0.13359375 0.371503515625 0.10625 0.3061677625 0.10625 0.2789445328125 0.121875 0.20271948750000002
1 0.0790812171875 0.56875 0.100390625 0.5538991609374999 0.139453125 0.5103419921875 0.16875 0.4640625 0.158984375 0.4450062390625 0.11015625 0.3932821 0.084765625 0.390559778125 0.076953125 0.39600442343750003 0.028125 0.458617853125 0.01640625 0.49128573124999997 0.01640625 0.5076196687500001 0.030078125 0.5321205765625 0.049609375 0.5538991609374999 0.07447035156250001 0.56875 0.0790812171875 0.56875
0 1 0 0.8503784171875001 0 0.8268798828125 0.033203123437499996 0.83115234375 0.0605468765625 0.856787109375 0.10351562343750001 0.822607421875 0.1777343765625 0.8354248046875 0.2363281234375 0.8717407234374999 0.25390625 0.8760131828125001 0.265625 0.9016479484375001 0.265625 0.9187377921875001 0.2890625 0.9529174796875001 0.30078125 0.96787109375 0.3144531234375 0.9657348640624999 0.328125 1 0.328125 1 0
0 1 0 0.8503784171875001 0 0.83115234375 0.021484376562499997 0.8268798828125 0.0527343765625 0.856787109375 0.10742187656249999 0.8183349609375 0.1933593765625 0.8503784171875001 0.24609375 0.9144653328124999 0.26171875 0.9486450203124999 0.296875 0.9956420890625001 0.3125 1 0.31847656406249997 1 0
0 0.6 0 0.6 0.56875 0.8811401374999999 0.56875 0.882421875 0.5605468765625 0.9187377921875001 0.5546875 0.9208740234375 0.5449218765625 0.908056640625 0.5410156234375 0.925146484375 0.5371093765625 0.908056640625 0.5292968765625 0.9529174796875001 0.5234375 0.959326171875 0.5058593765625 0.9529174796875001 0.5 0.9443725578125001 0.515625 0.9230102546874999 0.515625 0.9187377921875001 0.5 0.89951171875 0.4980468765625 0.9635986328125 0.4941406234375 0.9614624015625001 0.484375 0.7478393546875 0.484375 0.7157958984375 0.4511718765625 0.7157958984375 0.4160156234375 0.72861328125 0.3925781234375 0.7606567390625 0.38671875 0.7862915046875 0.359375 0.83115234375 0.3378906234375 0.83115234375 0.3222656234375 0.8097900390625 0.2949218765625 0.805517578125 0.2597656234375 0.822607421875 0.2324218765625 0.8140625 0.1855468765625 0.8482421875 0.09960937656249999 0.8183349609375 0.041015623437499996 0.846580675 0 0.6 0
0 0.6 0.5268727671875 0.6025756828125 0.52734375 0.6111206046875 0.515625 0.6538452140625 0.515625 0.6623901359375 0.49609375 0.6880249015625 0.5 0.7051147453125 0.4921875 0.7243408203125 0.4746093765625 0.7115234375 0.4199218765625 0.7243408203125 0.3925781234375 0.8183349609375 0.3339843765625 0.8012451171875 0.2636718765625 0.8140625 0.2402343765625 0.8140625 0.1777343765625 0.8439697265625 0.11523437656249999 0.8439697265625 0.09179687656249999 0.8140625 0.033203123437499996 0.7798828125 0.017578123437500003 0.6794799796875 0.0234375 0.6 0.0663773328125 0.6 0.5268727671875
0 0.6 0.5271941984375 0.6282104484375 0.51171875 0.6367553703125 0.51953125 0.6623901359375 0.5078125 0.6752075203125 0.515625 0.6794799796875 0.5 0.7222045890625 0.484375 0.72861328125 0.4667968765625 0.7115234375 0.4433593765625 0.7115234375 0.4238281234375 0.7328857421875 0.3847656234375 0.8183349609375 0.3378906234375 0.822607421875 0.3222656234375 0.8012451171875 0.2753906234375 0.8140625 0.2402343765625 0.8097900390625 0.1933593765625 0.8482421875 0.10351562343750001 0.822607421875 0.0527343765625 0.8012451171875 0.033203123437499996 0.8097900390625 0.0253906234375 0.7798828125 0.017578123437500003 0.6752075203125 0.0234375 0.6 0.06189713125 0.6 0.5271941984375
0 0.6 0.5106907234375 0.6025756828125 0.5078125 0.6367553703125 0.4921875 0.6880249015625 0.4921875 0.720068359375 0.4667968765625 0.7115234375 0.4199218765625 0.745703125 0.3769531234375 0.745703125 0.3613281234375 0.7350219734375 0.35546875 0.6495727546875 0.35546875 0.6111206046875 0.3359375 0.6 0.32441443593749997 0.6 0.5106907234375
0 0.6 0.56875 0.6512817390625 0.56875 0.6922973640625 0.5546875 0.6987060546875 0.5410156234375 0.6816162109375 0.5019531234375 0.668798828125 0.4941406234375 0.6324829109375 0.4921875 0.6068481453125 0.50390625 0.6 0.5087760421875 0.6 0.56875
0 0.6 0.32457392343749997 0.6111206046875 0.3359375 0.6410278328125 0.3515625 0.6752075203125 0.359375 0.7136596671875 0.35546875 0.72861328125 0.3378906234375 0.72861328125 0.2910156234375 0.685888671875 0.2480468765625 0.6196655265625 0.25390625 0.6 0.268100915625 0.6 0.32457392343749997
0 0.822607421875 0.3808593765625 0.8268798828125 0.3535156234375 0.8076538078125001 0.35546875 0.7841552734375 0.3730468765625 0.788427734375 0.3808593765625 0.7585205078125 0.4238281234375 0.76279296875 0.4667968765625 0.7991088859375 0.484375 0.8461059578124999 0.484375 0.86533203125 0.4707031234375 0.822607421875 0.3808593765625
0 0.7328857421875 0.4082031234375 0.7670654296875 0.3808593765625 0.7350219734375 0.390625 0.720068359375 0.4121093765625 0.720068359375 0.4472656234375 0.7392944328125 0.46875 0.754248046875 0.4628906234375 0.72861328125 0.4355468765625 0.7328857421875 0.4082031234375
1 0.5555606625 1 0.546875 0.9890625 0.484375 0.9640625 0.465625 0.9182291671874999 0.421875 0.9223958328125 0.409375 0.9598958328125 0.378125 0.9723958328125001 0.37624289843750003 1 0.5555606625 1
1 0.24227764375 1 0.225 0.9640625 0.171875 0.9848958328125 0.1584490734375 1 0.24227764375 1
1 0.0464021375 0.56875 0.046875 0.5807291671875 0.06875 0.6557291671875001 0.078125 0.6682291671875 0.150625 0.6682291671875 0.16875 0.6682291671875 0.19375 0.6598958328125 0.209375 0.6307291671875 0.20625 0.5765625 0.2015625 0.56875 0.0464021375 0.56875
1 0.053125 0.7973958328125 0.146875 0.8432291671875 0.1625 0.8432291671875 0.203125 0.8265625 0.215625 0.8057291671875 0.2 0.6848958328125 0.171875 0.6723958328124999 0.040625 0.6848958328125 0.034375 0.7223958328125 0.053125 0.7973958328125
1 0.12887369843750002 1 0.153125 0.9223958328125 0.153125 0.8557291671874999 0.103125 0.8223958328125001 0.059375 0.8140625 0.01875 0.8932291671874999 0.009375 0.9557291671874999 0.021875 0.9765625 0.0650213078125 1 0.12887369843750002 1
1 0.6 0.56875 0.45006510468750005 0.56875 0.453125 0.5932291671875001 0.475 0.6098958328124999 0.484375 0.5932291671875001 0.49375 0.6098958328124999 0.484375 0.6265625 0.53125 0.6765625 0.5875 0.7057291671875 0.6 0.7057291671875 0.6 0.56875
1 0.225 0.8098958328125001 0.2375 0.8223958328125001 0.246875 0.8223958328125001 0.328125 0.7598958328125 0.34375 0.7307291671875 0.321875 0.6723958328124999 0.259375 0.6348958328125 0.209375 0.6640625 0.225 0.8098958328125001
1 0.2625 0.9473958328125001 0.29375 0.9765625 0.30625 0.9765625 0.346875 0.9557291671874999 0.365625 0.9265625 0.340625 0.8848958328125001 0.35 0.8307291671874999 0.375 0.7890625 0.346875 0.7640625 0.3125 0.7682291671875 0.25 0.8223958328125001 0.240625 0.8557291671874999 0.2625 0.9473958328125001
1 0 0.8883680546875 0.015625 0.8848958328125001 0.046875 0.8140625 0.021875 0.7390625 0 0.7410069453125 0 0.8883680546875
1 0.353125 0.8432291671875 0.35625 0.8723958328125001 0.36875 0.8723958328125001 0.453125 0.7973958328125 0.471875 0.7598958328125 0.434375 0.7598958328125 0.384375 0.7932291671874999 0.353125 0.8432291671875
1 0.35 0.8765625 0.38125 0.9015625 0.384375 0.8973958328125 0.475 0.8848958328125001 0.484375 0.8723958328125001 0.48125 0.8223958328125001 0.428125 0.8223958328125001 0.35 0.8765625
1 0.6 0.866840278125 0.565625 0.8973958328125 0.55625 0.9348958328125001 0.55625 0.9640625 0.575 0.9890625 0.59375 0.9890625 0.6 0.9862847218749999 0.6 0.866840278125
1 0.3209134609375 0.56875 0.34375 0.6182291671875 0.353125 0.6182291671875 0.421875 0.5890625 0.4340625 0.56875 0.3209134609375 0.56875
0 0.6 1 1 1 1 0.7006445953125 0.891015625 0.7020833328125 0.76796875 0.6942708328125 0.6 0.699479165625 0.6 1
0 1 0.7242897734375 0.988671875 0.7229166671875 0.961328125 0.7385416671875 0.93203125 0.7776041671874999 0.94375 0.8348958328125 0.93984375 0.9234375 0.959375 0.9703125 0.988671875 0.99375 1 0.9899739578125001 1 0.7242897734375
0 0.8887867640625 1 0.90078125 0.9546875 0.88515625 0.8713541671874999 0.840234375 0.8427083328125 0.81875 0.8401041671874999 0.769921875 0.8479166671874999 0.740625 0.8765625 0.72890625 0.9234375 0.72890625 0.9703125 0.740484375 1 0.8887867640625 1
0 0.7389322921875 1 0.7328125 0.9755208328125 0.68203125 0.9338541671874999 0.668359375 0.9364583328125 0.6546875 0.9546875 0.6600534546875 1 0.7389322921875 1
0 0.6 0.96063988125 0.609765625 0.9625 0.65078125 0.9234375 0.65078125 0.9026041671874999 0.6 0.8306640625 0.6 0.96063988125
0 0.6 0.7833607453125 0.6234375 0.7619791671875 0.63515625 0.7203125 0.62734375 0.6942708328125 0.6 0.6936528953125001 0.6 0.7833607453125
0 0.6 0.83359375 0.646875 0.8921875 0.652734375 0.9104166671874999 0.68203125 0.8817708328125 0.7015625 0.8453125 0.7015625 0.8296875 0.680078125 0.790625 0.64296875 0.7671875 0.6 0.7846240953125 0.6 0.83359375
0 0.74453125 0.7046875 0.7328125 0.6942708328125 0.637109375 0.6916666671875 0.63125 0.6994791671875 0.63125 0.7567708328125 0.695703125 0.8010416671874999 0.707421875 0.7958333328125 0.7328125 0.7723958328125 0.74453125 0.7359375 0.74453125 0.7046875
0 0.771875 0.7828125 0.74453125 0.7723958328125 0.69765625 0.8088541671874999 0.707421875 0.8427083328125 0.754296875 0.8427083328125 0.76015625 0.8348958328125 0.771875 0.7828125
0 0.76015625 0.8557291671874999 0.75625 0.8453125 0.711328125 0.8427083328125 0.68984375 0.8609375 0.678125 0.9078125 0.68203125 0.9286458328125 0.699609375 0.9520833328125 0.72890625 0.9598958328125 0.7328125 0.9078125 0.74453125 0.8713541671874999 0.76015625 0.8557291671874999
0 0.6602957593750001 1 0.6546875 0.9651041671874999 0.64296875 0.9546875 0.633203125 0.9520833328125 0.6078125 0.9703125 0.6051930140625 1 0.6602957593750001 1
0 0.906640625 0.7645833328125 0.865625 0.6994791671875 0.848046875 0.696875 0.83828125 0.7098958328125 0.82265625 0.7723958328125 0.848046875 0.8114583328125 0.887109375 0.8479166671874999 0.910546875 0.80625 0.928125 0.7984375 0.93203125 0.7776041671874999 0.906640625 0.7645833328125
0 0.906640625 0.7645833328125 0.865625 0.6994791671875 0.848046875 0.696875 0.83828125 0.7098958328125 0.8265625 0.7359375 0.82265625 0.7723958328125 0.848046875 0.8114583328125 0.887109375 0.8479166671874999 0.9002042484375 0.8440257156250001 0.9129248000000001 0.8316962265625 0.910546875 0.80625 0.93203125 0.7932291671874999 0.93203125 0.7776041671874999 0.906640625 0.7645833328125
0 0.996484375 0.7177083328125 0.99453125 0.6942708328125 0.898828125 0.6916666671875 0.88515625 0.6994791671875 0.914453125 0.74375 0.926171875 0.74375 0.930078125 0.759375 0.937890625 0.759375 0.996484375 0.7177083328125
0 0.7953125 0.7463541671875 0.77578125 0.6994791671875 0.74453125 0.7046875 0.74453125 0.7723958328125 0.750390625 0.7802083328125 0.773828125 0.7802083328125 0.7953125 0.7463541671875
0 0.80703125 0.8401041671874999 0.7875 0.7776041671874999 0.781640625 0.775 0.7640625 0.8036458328125 0.762109375 0.8479166671874999 0.80703125 0.8401041671874999
0 0.8421875 0.8140625 0.803125 0.7463541671875 0.7875 0.7567708328125 0.79140625 0.7932291671874999 0.812890625 0.8375 0.836328125 0.8427083328125 0.8421875 0.8140625
0 0.8421875 0.6994791671875 0.83828125 0.6942708328125 0.781640625 0.6916666671875 0.77578125 0.7046875 0.801171875 0.74375 0.824609375 0.74375 0.8421875 0.6994791671875