1 0.612347146875 0 0.58203125 0.10798548125 0.578125 0.16243194218749998 0.583984375 0.1760435578125 0.595703125 0.181488203125 0.626953125 0.21960072656250001 0.70703125 0.23865698750000003 0.732421875 0.21960072656250001 0.75 0.19509981875 0.7578125 0.173321234375 0.791015625 0.13248638906250002 0.822265625 0.13248638906250002 0.888671875 0.15970961875 0.900390625 0.15970961875 0.90625 0.15154265 0.93359375 0.0263157890625 0.9367404515625 0 0.612347146875 0
1 0.69921875 0.3312159703125 0.68359375 0.3802177859375 0.6796875 0.41288566250000003 0.685546875 0.42105263125 0.705078125 0.426497278125 0.859375 0.4401088921875 0.87890625 0.4183303078125 0.8984375 0.3802177859375 0.9375 0.23321234062500001 0.9375 0.19509981875 0.892578125 0.165154265625 0.802734375 0.13248638906250002 0.783203125 0.14337568125 0.71484375 0.254990925 0.69921875 0.303992740625 0.69921875 0.3312159703125
1 1 0.1546052625 0.978515625 0.14337568125 0.958984375 0.137931034375 0.931640625 0.14337568125 0.91796875 0.173321234375 0.94140625 0.19509981875 0.94140625 0.2223230484375 0.921875 0.30943738593750003 0.90234375 0.36932849375 0.9140625 0.434664246875 0.9140625 0.494555353125 0.91796875 0.505444646875 0.9140625 0.5108892921875 0.9140625 0.549001815625 0.89453125 0.6252268609375 0.916015625 0.6497277671874999 0.994140625 0.6987295828125 1 0.7055353906249999 1 0.1546052625
1 1 0.71554393125 0.986328125 0.6987295828125 0.978515625 0.6987295828125 0.892578125 0.6333938296875 0.873046875 0.638838475 0.826171875 0.68239564375 0.755859375 0.68239564375 0.748046875 0.6769509984375001 0.7421875 0.6851179671875001 0.75 0.723230490625 0.78125 0.7722323046875 0.7890625 0.7940108890625 0.7890625 0.8430127046875 0.78515625 0.84845735 0.794921875 0.85662431875 1 0.854181209375 1 0.71554393125
1 0.861328125 0.44283121562499994 0.771484375 0.43738657031250006 0.767578125 0.43194192343750004 0.724609375 0.43194192343750004 0.720703125 0.426497278125 0.673828125 0.42105263125 0.6640625 0.434664246875 0.63671875 0.5326678765625 0.640625 0.5653357531250001 0.65625 0.5980036296875 0.689453125 0.6497277671874999 0.708984375 0.66606170625 0.748046875 0.6769509984375001 0.8203125 0.679673321875 0.845703125 0.66606170625 0.876953125 0.6333938296875 0.89453125 0.608892921875 0.90625 0.5762250453125 0.9140625 0.5381125234375 0.9140625 0.4455535390625 0.90234375 0.3965517234375 0.896484375 0.3883847546875 0.875 0.4292196 0.861328125 0.44283121562499994
1 0.646484375 0.6551724140624999 0.642578125 0.6497277671874999 0.638671875 0.6551724140624999 0.62109375 0.5653357531250001 0.603515625 0.5462794921875 0.486328125 0.5571687843750001 0.462890625 0.5408348453125 0.451171875 0.5408348453125 0.4140625 0.5871143375 0.38671875 0.6470054453125 0.3828125 0.6633393828124999 0.38671875 0.7068965515625 0.41796875 0.84845735 0.427734375 0.85662431875 0.75390625 0.8539019968750001 0.78125 0.8430127046875 0.78515625 0.8321234125 0.78125 0.810344828125 0.78515625 0.8049001812500001 0.77734375 0.7776769515625 0.75390625 0.739564428125 0.7421875 0.70145190625 0.728515625 0.68239564375 0.677734375 0.6551724140624999 0.646484375 0.6551724140624999
1 0.6015625 0.70145190625 0.56640625 0.7722323046875 0.55859375 0.8157894734375001 0.5625 0.84845735 0.576171875 0.85662431875 0.76171875 0.8539019968750001 0.779296875 0.8511796734375 0.7890625 0.8321234125 0.7890625 0.7994555359375 0.78125 0.7776769515625 0.76171875 0.7504537203125 0.7421875 0.70145190625 0.728515625 0.68239564375 0.677734375 0.6551724140624999 0.634765625 0.6551724140624999 0.6015625 0.70145190625
1 0.404296875 0.0235934671875 0.365234375 0.007259528125 0.337890625 0.007259528125 0.302734375 0.0235934671875 0.2734375 0.0644283125 0.22265625 0.19509981875 0.2109375 0.2495462796875 0.2109375 0.2713248640625 0.21875 0.29854809375 0.267578125 0.361161525 0.310546875 0.399274046875 0.333984375 0.40471869375 0.357421875 0.3938294015625 0.376953125 0.4101633390625 0.396484375 0.43738657031250006 0.412109375 0.44827586249999996 0.4453125 0.494555353125 0.44921875 0.5163339390624999 0.466796875 0.5299455531249999 0.470703125 0.5408348453125 0.478515625 0.5408348453125 0.486328125 0.5517241375 0.5234375 0.549001815625 0.544921875 0.5408348453125 0.578125 0.47822141562500003 0.58984375 0.42377495468750004 0.6171875 0.38566243125 0.6328125 0.34754990937499997 0.6484375 0.29854809375 0.6484375 0.2713248640625 0.62109375 0.2223230484375 0.595703125 0.19237749531249998 0.404296875 0.0235934671875
1 0.4156087234375 0 0.41796875 0.0263157890625 0.423828125 0.034482759375 0.533203125 0.1270417421875 0.56640625 0.12431941875000001 0.578125 0.10798548125 0.58203125 0.08620689687500001 0.59375 0.0644283125 0.59765625 0.0317604359375 0.607783565625 0 0.4156087234375 0
1 0.08849516406249999 0 0.11328125 0.03720508125 0.12109375 0.0644283125 0.140625 0.08620689687500001 0.15625 0.15154265 0.193359375 0.181488203125 0.212890625 0.19237749531249998 0.22265625 0.189655171875 0.2734375 0.058983665625 0.306640625 0.012704175000000002 0.333984375 0.0018148828124999999 0.357421875 0.0018148828124999999 0.408203125 0.0181488203125 0.4140625 0.009981851562500001 0.4140625 0 0.08849516406249999 0
1 0.21484375 0.4183303078125 0.23046875 0.5108892921875 0.259765625 0.600725953125 0.291015625 0.617059890625 0.32421875 0.61433756875 0.3359375 0.6034482765625 0.34375 0.5598911078125 0.3125 0.521778584375 0.29296875 0.47277676875 0.29296875 0.45099818437500006 0.31640625 0.41288566250000003 0.275390625 0.3720508171875 0.255859375 0.3666061703125 0.236328125 0.382940109375 0.21484375 0.4183303078125
1 0.3359375 0.5980036296875 0.3359375 0.696007259375 0.34375 0.7613430125 0.357421875 0.7749546281249999 0.3828125 0.7722323046875 0.3984375 0.7613430125 0.3828125 0.6851179671875001 0.3828125 0.6578947375 0.41015625 0.592558984375 0.44921875 0.5381125234375 0.443359375 0.5190562609375 0.435546875 0.5190562609375 0.384765625 0.573502721875 0.349609375 0.5680580765625 0.3359375 0.5980036296875
1 0.3046875 0.505444646875 0.353515625 0.5680580765625 0.361328125 0.573502721875 0.38671875 0.5707804000000001 0.435546875 0.5190562609375 0.4453125 0.5 0.416015625 0.4537205078125 0.376953125 0.4101633390625 0.353515625 0.3938294015625 0.326171875 0.4101633390625 0.306640625 0.43194192343750004 0.29296875 0.45644283124999996 0.29296875 0.47277676875 0.3046875 0.505444646875