1 0.014992895312499999 0 0.01015625 0.017527790625 0.00234375 0.07197425156250001 0.00234375 0.14275465 0.021875 0.19175646562499998 0.0296875 0.2407582796875 0.043359375 0.2598145421875 0.07265625 0.27342615625 0.090234375 0.2761484796875 0.133203125 0.2108127265625 0.16640625 0.19720111093749998 0.1625 0.0011938515625 0.16296120625 0 0.014992895312499999 0
1 0.2953125 0.3387619109375 0.334375 0.35509584843750003 0.351953125 0.357818171875 0.3578125 0.349651203125 0.365625 0.3060940328125 0.3890625 0.25164757187500003 0.387109375 0.243480603125 0.367578125 0.243480603125 0.336328125 0.2598145421875 0.29140625 0.2679815109375 0.2953125 0.3387619109375
1 0.08046875 0.42587624843749994 0.0921875 0.4694334171875 0.109765625 0.47215573906249997 0.144921875 0.44493250937499995 0.160546875 0.44493250937499995 0.199609375 0.461266446875 0.269921875 0.4503771546875 0.2796875 0.436765540625 0.2875 0.409542309375 0.2953125 0.295204740625 0.2875 0.2679815109375 0.266015625 0.24892525000000001 0.207421875 0.23259131093750002 0.172265625 0.2108127265625 0.133203125 0.2162573734375 0.09609375 0.2679815109375 0.084375 0.31153867968750004 0.08046875 0.42587624843749994
1 0.16440511093750002 0 0.1625 0.006638498437499999 0.1625 0.13731000468750001 0.1703125 0.19175646562499998 0.183984375 0.2108127265625 0.207421875 0.227146665625 0.254296875 0.23803595781250003 0.29921875 0.2625368640625 0.316796875 0.2652591875 0.383203125 0.23803595781250003 0.414453125 0.199923434375 0.426171875 0.1944787890625 0.43203125 0.1808671734375 0.43203125 0.1264207125 0.44765625 0.0665296046875 0.44204077656249996 0 0.16440511093750002 0
1 0.6390625 0 0.5241539765625001 0 0.476953125 0.052917990625 0.44375 0.09919748125 0.4359375 0.1318653578125 0.43984375 0.16997788125 0.453515625 0.199923434375 0.473046875 0.199923434375 0.523828125 0.17814485 0.566796875 0.17814485 0.58828125 0.21353505 0.5921875 0.2407582796875 0.601953125 0.2543698953125 0.6390625 0.2543698953125 0.6390625 0
1 0.6390625 0 0.5234339390625 0 0.480859375 0.04747334375 0.44375 0.09919748125 0.4359375 0.1536439421875 0.453515625 0.199923434375 0.473046875 0.199923434375 0.523828125 0.17814485 0.566796875 0.17814485 0.5765625 0.18631181875 0.58828125 0.21353505 0.5921875 0.2407582796875 0.601953125 0.2543698953125 0.6390625 0.2517836890625 0.6390625 0
1 0.398828125 0.591937953125 0.459375 0.60554956875 0.504296875 0.6082718921875 0.508203125 0.6028272453125 0.558984375 0.5973826 0.584375 0.5619924000000001 0.58828125 0.50210129375 0.58046875 0.4476548328125 0.58046875 0.34420655624999996 0.584375 0.3387619109375 0.584375 0.27342615625 0.58828125 0.2679815109375 0.584375 0.2625368640625 0.584375 0.21353505 0.566796875 0.18358949687499998 0.504296875 0.1890341421875 0.473046875 0.20536808125 0.426171875 0.2162573734375 0.39296875 0.2462029265625 0.365625 0.316983325 0.3578125 0.349651203125 0.3578125 0.4857673546875 0.3734375 0.5674370468750001 0.398828125 0.591937953125
1 0.6390625 0.2610244625 0.625390625 0.2652591875 0.598046875 0.287037771875 0.584375 0.3714297875 0.584375 0.45309947812500007 0.5921875 0.496656646875 0.5921875 0.5293245234375 0.605859375 0.55382543125 0.6390625 0.5726800390625 0.6390625 0.2610244625
1 0.4441231859375 0.7 0.418359375 0.6790522906249999 0.4046875 0.6599960296875 0.40078125 0.60554956875 0.3734375 0.5728816921875 0.3578125 0.5075459390625 0.344140625 0.49393432343750004 0.305078125 0.5157129078125 0.246484375 0.5647147234375 0.219140625 0.575604015625 0.209375 0.6001049234375 0.24691617500000002 0.7 0.4441231859375 0.7
1 0.176171875 0.5810486609375001 0.20546875 0.610994215625 0.209375 0.610994215625 0.209375 0.58921563125 0.219140625 0.575604015625 0.250390625 0.5592700765624999 0.305078125 0.5157129078125 0.31484375 0.50210129375 0.3109375 0.4857673546875 0.277734375 0.4503771546875 0.242578125 0.461266446875 0.199609375 0.461266446875 0.1625 0.51843523125 0.15859375 0.5511031078124999 0.176171875 0.5810486609375001
1 0.105859375 0.5266022 0.13125 0.5565477546875 0.144921875 0.5592700765624999 0.1546875 0.5511031078124999 0.16640625 0.5075459390625 0.19375 0.4694334171875 0.191796875 0.461266446875 0.160546875 0.44493250937499995 0.144921875 0.44493250937499995 0.117578125 0.46671109375000003 0.090234375 0.4776003859375 0.07265625 0.496656646875 0.078515625 0.5102682625 0.105859375 0.5266022
1 0.6390625 0.7 0.6390625 0.6382174453125 0.63515625 0.5946602765625 0.613671875 0.5647147234375 0.590234375 0.5592700765624999 0.562890625 0.5973826 0.527734375 0.6082718921875 0.40859375 0.60554956875 0.4046875 0.6491067375 0.422265625 0.6790522906249999 0.44790314374999995 0.7 0.6390625 0.7
1 1 0.3088541671875 0.9984375 0.3265625 0.97109375 0.40989583281249997 0.98671875 0.5140625 0.97890625 0.5817708328125 1 0.5922172609375 1 0.3088541671875
1 0.6390625 0 0.6390625 0.6137152765625 0.646875 0.6286458328125 0.742578125 0.5479166671875 0.812890625 0.46458333281249997 0.844140625 0.44895833281249997 0.914453125 0.44895833281249997 0.9671875 0.3734375 0.9984375 0.2588541671875 0.99453125 0.2015625 0.976953125 0.1677083328125 0.918359375 0.1416666671875 0.879296875 0.0895833328125 0.848046875 0.084375 0.851953125 0.06875 0.820703125 0.0635416671875 0.801171875 0.0375 0.79140625 0.050520832812500006 0.797265625 0.06875 0.766015625 0.0739583328125 0.7640625 0.050520832812500006 0.7796875 0.0296875 0.738671875 0.021875 0.728125 0 0.6390625 0
1 0.8927343750000001 0.7 0.90859375 0.6546875 0.894921875 0.63125 0.781640625 0.5583333328125 0.723046875 0.584375 0.65078125 0.6703125 0.646875 0.6911458328125 0.6490885421875 0.7 0.8927343750000001 0.7
1 1 0.7 1 0.609226190625 0.949609375 0.615625 0.9359375 0.6703125 0.96376953125 0.7 1 0.7
1 1 0.7 1 0.6090435609375 0.945703125 0.615625 0.9359375 0.6755208328125 0.962165178125 0.7 1 0.7
1 0.9254859 0.7 0.926171875 0.6625 0.902734375 0.6677083328125 0.8859675484375 0.7 0.9254859 0.7
1 0.78359375 0.5401041671875 0.88125 0.6182291671875 0.928125 0.5973958328125 0.93203125 0.5296875 0.906640625 0.46979166718750004 0.851953125 0.459375 0.793359375 0.50625 0.78359375 0.5401041671875
1 0.6390625 1 0.6390625 0.7 0.384482984375 0.7 0.296240234375 0.7699218765625 0.262060546875 0.8324218765625 0.27060546875 0.9222656234375 0.2919677734375 0.9652343765625 0.2834228515625 0.9886718765625 0.2757527671875 1 0.6390625 1
1 0.6390625 1 0.6390625 0.7 0.383048871875 0.7 0.3282836921875 0.73671875 0.2919677734375 0.7738281234375 0.262060546875 0.8363281234375 0.27060546875 0.9222656234375 0.2876953125 0.9574218765625 0.2876953125 0.9808593765625 0.275265121875 1 0.6390625 1
1 0.6390625 1 0.6390625 0.7 0.384482984375 0.7 0.296240234375 0.7699218765625 0.262060546875 0.8324218765625 0.27060546875 0.9183593765625 0.2919677734375 0.9691406234375 0.2726806640625 1 0.6390625 1
1 0.0198120125 0.7 0 0.7543415203125 0 0.892498884375 0.0612548828125 0.9457031234375 0.09184829375 1 0.25874430312499996 1 0.279150390625 0.9769531234375 0.2577880859375 0.8871093765625 0.2577880859375 0.8285156234375 0.296240234375 0.7621093765625 0.3411010734375 0.72109375 0.3746593125 0.7 0.0198120125 0.7
1 1 1 1 0.7732389984375 0.976953125 0.7933161296875 0.928125 0.855929559375 0.93203125 0.8994867281250001 0.928125 0.904931375 0.928125 1 1 1
1 1 0.7707208484375 0.996484375 0.7715375453125 0.928125 0.855929559375 0.93203125 0.8940420828125 0.94765625 0.9321546046875 0.976953125 0.9729894515625 0.990625 0.9811564203125 1 0.98302315625 1 0.7707208484375
1 0.9243942265625 1 0.928125 0.9375992515625 0.92421875 0.9321546046875 0.92421875 0.8994867281250001 0.9203125 0.8831527906250001 0.902734375 0.8586518828124999 0.844140625 0.8423179453125 0.805078125 0.8423179453125 0.801171875 0.8477625906249999 0.750390625 0.8314286531249999 0.703515625 0.8314286531249999 0.676171875 0.8477625906249999 0.6625 0.8668188515624999 0.6546875 0.8994867281250001 0.656640625 0.9294322828125001 0.715234375 0.9403215750000001 0.726953125 0.9512108671874999 0.762109375 0.962100159375 0.7893005375 1 0.9243942265625 1
1 1 0.7 0.92631809375 0.7 0.928125 0.7579259296874999 0.94765625 0.8069277453125 0.961328125 0.8096500687500001 1 0.7692235703125 1 0.7