1 0 0.47973044062500003 0.022265625 0.4885974359375 0.076953125 0.483152790625 0.0984375 0.4640965296875 0.11796875 0.4205393609375 0.12578125 0.3824268375 0.12578125 0.3497589609375 0.11796875 0.32253573125 0.090625 0.2626446234375 0.076953125 0.24903300781249998 0.030078125 0.23269907031249998 0.0046875 0.2354213921875 0 0.2372032765625 0 0.47973044062500003
1 0.45 0.5796875 0.45 0.418654675 0.436328125 0.40692774531250003 0.408984375 0.37425986875 0.393359375 0.3633705765625 0.3796875 0.3660929 0.32890625 0.4150947140625 0.3328125 0.5076536984375 0.340625 0.534876928125 0.340625 0.5566555125 0.3498051390625 0.5796875 0.45 0.5796875
1 0.268359375 0.091138271875 0.221484375 0.0693596875 0.18828125 0.072082009375 0.139453125 0.10202756406249999 0.108203125 0.10202756406249999 0.069140625 0.12925079374999998 0.03984375 0.17008563906250002 0.04375 0.202753515625 0.065234375 0.238143715625 0.076953125 0.24358836250000002 0.0984375 0.27353391562499996 0.121875 0.3279803765625 0.12578125 0.39331612968749996 0.10234375 0.4640965296875 0.139453125 0.526709959375 0.307421875 0.4232616828125 0.354296875 0.3851491609375 0.371875 0.3552036078125 0.3640625 0.3116464390625 0.3640625 0.25719997656250004 0.34453125 0.17008563906250002 0.295703125 0.11291685625 0.268359375 0.091138271875
1 0.45 0 0.08114857812500001 0 0.112109375 0.09658291718749999 0.139453125 0.09658291718749999 0.186328125 0.0693596875 0.233203125 0.0693596875 0.280078125 0.091138271875 0.350390625 0.1673633171875 0.369921875 0.178252609375 0.385546875 0.1728079625 0.436328125 0.1183615015625 0.444140625 0.10202756406249999 0.45 0.09561065937499999 0.45 0
1 0.45 0 0.2185974125 0 0.299609375 0.11291685625 0.366015625 0.178252609375 0.393359375 0.1673633171875 0.45 0.1005616984375 0.45 0
1 0.733203125 0.45416666718750004 0.768359375 0.41770833281249997 0.825 0.3890625 0.811328125 0.365625 0.825 0.3005208328125 0.809375 0.22760416718749998 0.811328125 0.1078125 0.803515625 0.0973958328125 0.748828125 0.084375 0.694140625 0.11041666718750001 0.66875 0.1364583328125 0.658984375 0.1598958328125 0.619921875 0.1963541671875 0.596484375 0.23541666718749998 0.60234375 0.3890625 0.612109375 0.428125 0.643359375 0.46197916718750004 0.686328125 0.46979166718750004 0.733203125 0.45416666718750004
1 1 0.37336805625 0.955859375 0.3890625 0.93828125 0.4203125 0.93828125 0.459375 0.959765625 0.521875 1 0.5667877906250001 1 0.37336805625
1 1 0 0.96640625 0 0.951953125 0.0192708328125 0.948046875 0.11041666718750001 0.95390625 0.1390625 0.96953125 0.1625 1 0.1641927078125 1 0
1 0.45286458281249997 0 0.45 0.0114583328125 0.45 0.24761513124999998 0.463671875 0.2744791671875 0.487109375 0.2953125 0.506640625 0.2953125 0.5671875 0.2536458328125 0.639453125 0.1572916671875 0.655078125 0.11822916718750001 0.6485098375 0 0.45286458281249997 0
1 0 0.5796875 0 0.829043784375 0.005859375 0.829043784375 0.033203125 0.8399330765624999 0.083984375 0.8399330765624999 0.087890625 0.8344884296874999 0.150390625 0.8399330765624999 0.1640625 0.8263214609375 0.2082992546875 0.5796875 0 0.5796875
1 0.45 1 0.45 0.7087624765625 0.427734375 0.6820383390625 0.40625 0.6847606625 0.365234375 0.7255955078125 0.31640625 0.8045428765625001 0.26953125 0.90254650625 0.26171875 0.946103675 0.297522275 1 0.45 1
1 0.2109375 0.5796875 0.2109375 0.5813123859375 0.19140625 0.6847606625 0.212890625 0.7201508624999999 0.279296875 0.801820553125 0.306640625 0.8235991374999999 0.33984375 0.7609857078125 0.373046875 0.7147062156249999 0.412109375 0.67659369375 0.435546875 0.6820383390625 0.44140625 0.662982078125 0.423828125 0.633036525 0.378262475 0.5796875 0.2109375 0.5796875
1 0.759814453125 0.5796875 0.75703125 0.5994791671875 0.77265625 0.6567708328124999 0.805859375 0.7010416671875 0.883984375 0.70625 0.9640625 0.6463541671875 0.9673958328125 0.5796875 0.759814453125 0.5796875
1 0.8 0.7244791671875 0.70234375 0.8234375 0.71796875 0.9328125 0.762890625 0.9979166671874999 0.856640625 0.9822916671874999 0.899609375 0.9510416671874999 0.91328125 0.9223958328125 0.909375 0.8703125 0.8546875 0.7401041671875 0.837109375 0.721875 0.8 0.7244791671875
1 0.70234375 0.8286458328125 0.7140625 0.9171875 0.758984375 0.9979166671874999 0.856640625 0.9822916671874999 0.91328125 0.9276041671874999 0.91328125 0.8859375 0.85078125 0.7348958328124999 0.8 0.7244791671875 0.727734375 0.784375 0.70234375 0.8286458328125
1 0.67214949375 0.5796875 0.676953125 0.5864583328124999 0.739453125 0.6333333328124999 0.75703125 0.6307291671875 0.7577535375 0.5796875 0.67214949375 0.5796875
1 0.632421875 1 0.6671875 0.9536458328125 0.67109375 0.9171875 0.57734375 0.8807291671874999 0.52265625 0.9432291671874999 0.563671875 0.9666666671874999 0.5914496515625001 1 0.632421875 1
1 0.673046875 0.8989583328125 0.6984375 0.8546875 0.71015625 0.7869791671874999 0.67890625 0.7244791671875 0.65546875 0.7140625 0.5890625 0.8130208328125 0.59296875 0.8807291671874999 0.622265625 0.8989583328125 0.673046875 0.8989583328125
1 0.58515625 0.8182291671874999 0.54609375 0.8078125 0.49140625 0.8755208328125 0.47578125 0.9276041671874999 0.485546875 0.9510416671874999 0.512890625 0.940625 0.58515625 0.8651041671874999 0.58515625 0.8182291671874999
1 0.5924958890625 1 0.548046875 0.9510416671874999 0.51484375 0.9484375 0.49921875 0.9588541671874999 0.4953125 0.9848958328125 0.511819196875 1 0.5924958890625 1