1 0.6796875 0.0324948953125 0.664453125 0.04311195625 0.652734375 0.04311195625 0.598046875 0.0703351859375 0.578515625 0.0703351859375 0.535546875 0.086669125 0.484765625 0.124781646875 0.459375 0.1547272 0.459375 0.203729015625 0.48671875 0.334400521875 0.49453125 0.39973627500000003 0.512109375 0.429681828125 0.551171875 0.4514604125 0.570703125 0.4841282890625 0.598046875 0.47868364375 0.625390625 0.46234970468750003 0.664453125 0.45690505937500003 0.6796875 0.447804721875 0.6796875 0.0324948953125
1 0.6796875 0.029023934374999998 0.621484375 0.05944589375 0.609765625 0.05944589375 0.6 0.06761286250000001 0.6 0.08394680156249999 0.63125 0.18195043125000002 0.641015625 0.195562046875 0.6796875 0.19970835468749998 0.6796875 0.029023934374999998
1 0.261671278125 0 0.27578125 0.029500340625 0.2796875 0.056723570312500006 0.303125 0.10028073906249999 0.3109375 0.1275039703125 0.351953125 0.195562046875 0.367578125 0.20645133906250002 0.394921875 0.195562046875 0.406640625 0.1792281078125 0.492578125 0.10844770937499999 0.50625 0.089391446875 0.453515625 0.0975584171875 0.43984375 0.073057509375 0.428125 0.024055693750000003 0.42428973125 0 0.261671278125 0
1 0.264318034375 0 0.271875 0.0131664015625 0.2875 0.073057509375 0.30703125 0.1057253859375 0.3109375 0.1275039703125 0.3265625 0.1438379078125 0.34609375 0.1873950765625 0.367578125 0.20645133906250002 0.394921875 0.195562046875 0.426171875 0.1628941703125 0.473046875 0.13022629375 0.50234375 0.09483609374999999 0.488671875 0.0921137703125 0.461328125 0.10300306249999999 0.445703125 0.0921137703125 0.4359375 0.073057509375 0.43203125 0.0349449859375 0.42421875 0.0131664015625 0.42376893125 0 0.264318034375 0
1 0.6796875 0 0.4230018453125 0 0.4359375 0.06761286250000001 0.449609375 0.0975584171875 0.500390625 0.0975584171875 0.558984375 0.0703351859375 0.625390625 0.0540012484375 0.672265625 0.0322226640625 0.6796875 0.0241766859375 0.6796875 0
1 0 0.509375 0.2645407359375 0.509375 0.25234375 0.470516675 0.24453125 0.4596273828125 0.2328125 0.4106255671875 0.20546875 0.3452898140625 0.1859375 0.26906476874999996 0.17421875 0.247286184375 0.160546875 0.22822992343749998 0.137109375 0.21189598437499998 0.090234375 0.21189598437499998 0.031640625 0.2445638609375 0 0.1952738 0 0.509375
1 0 0 0 0.1901174 0.000390625 0.1901174 0.031640625 0.239119215625 0.062890625 0.22822992343749998 0.074609375 0.21734063125 0.121484375 0.20645133906250002 0.141015625 0.21189598437499998 0.164453125 0.22822992343749998 0.180078125 0.2500085078125 0.1859375 0.247286184375 0.1859375 0.22006295312500002 0.178125 0.1873950765625 0.1625 0.160171846875 0.11953125 0.051278924999999996 0.102362603125 0 0 0
1 0.1055574203125 0 0.115625 0.024055693750000003 0.11953125 0.045834278125 0.14296875 0.09483609374999999 0.15078125 0.1275039703125 0.178125 0.18195043125000002 0.1859375 0.2146183078125 0.195703125 0.22822992343749998 0.207421875 0.22822992343749998 0.273828125 0.1792281078125 0.301171875 0.15200487812500002 0.3109375 0.132948615625 0.27578125 0.045834278125 0.25301560625 0 0.1055574203125 0
1 0.362521440625 0.509375 0.3734375 0.4977399046875 0.39296875 0.4324041515625 0.39296875 0.40518092031249997 0.38125 0.377957690625 0.359765625 0.34256749062499997 0.33828125 0.3235112296875 0.312890625 0.3316781984375 0.293359375 0.35345678281250004 0.273828125 0.364346075 0.240625 0.40518092031249997 0.240625 0.4324041515625 0.25625 0.47596132031250005 0.280222575 0.509375 0.362521440625 0.509375
1 0.573058728125 0.509375 0.5609375 0.470516675 0.547265625 0.4514604125 0.50234375 0.42151485937500005 0.490625 0.394291628125 0.4828125 0.3398451671875 0.457421875 0.34256749062499997 0.396875 0.394291628125 0.396875 0.42151485937500005 0.3734375 0.5031845515625 0.3734375 0.509375 0.573058728125 0.509375
1 0.96015625 0.037789246875 0.9484375 0.0160106625 0.930859375 0.013288339062499998 0.925 0.021455307812499998 0.9484375 0.1194589390625 0.94453125 0.1793500453125 0.925 0.239241153125 0.930859375 0.2582974140625 0.950390625 0.247408121875 0.96796875 0.2229072140625 0.97578125 0.1902393375 0.971875 0.081346415625 0.96015625 0.037789246875
1 0.7317565921875 0 0.7375 0.0160106625 0.7375 0.0323446 0.6796875 0.10218126093749999 0.6796875 0.11471889375 0.712109375 0.1439598453125 0.727734375 0.1385152 0.762890625 0.160293784375 0.821484375 0.1548491375 0.83515625 0.195683984375 0.83515625 0.23379650624999998 0.825390625 0.247408121875 0.805859375 0.2528527671875 0.79609375 0.2664643828125 0.79609375 0.282798321875 0.833203125 0.307299228125 0.856640625 0.3399671046875 0.864453125 0.3399671046875 0.9015625 0.2936876140625 0.9328125 0.21746256874999997 0.9484375 0.152126815625 0.94453125 0.097680353125 0.9171875 0.010566015625 0.9106176765624999 0 0.7317565921875 0
1 0.6796875 0.2927133078125 0.712109375 0.3236331671875 0.735546875 0.33452245937499997 0.762890625 0.33452245937499997 0.78046875 0.3154661984375 0.798046875 0.2582974140625 0.83515625 0.23379650624999998 0.83515625 0.195683984375 0.82734375 0.168460753125 0.817578125 0.1548491375 0.770703125 0.16573842968750002 0.74140625 0.14668216875 0.723828125 0.1439598453125 0.7140625 0.15757146093750002 0.7140625 0.1793500453125 0.6796875 0.2608019515625 0.6796875 0.2927133078125
1 0.837109375 0.312743875 0.8 0.28824296718750003 0.790234375 0.28552064375 0.7765625 0.32091084375 0.762890625 0.33452245937499997 0.735546875 0.33452245937499997 0.716015625 0.3236331671875 0.70625 0.3318001359375 0.71015625 0.3535787203125 0.735546875 0.3889689203125 0.774609375 0.43252608906249995 0.794140625 0.44341538125 0.813671875 0.43252608906249995 0.85859375 0.3644680125 0.85859375 0.34268942812500003 0.837109375 0.312743875
1 0.55703125 1 0.5515625 0.9833333328125 0.5203125 0.9208333328125 0.44609375 0.8270833328125 0.373828125 0.8296875 0.323046875 0.8713541671874999 0.23901209687499997 1 0.55703125 1
1 0.22497209843750002 0.509375 0.061328125 0.5692708328125 0 0.6550304875 0 0.8491071437500001 0.00859375 0.9260416671874999 0.073046875 0.9859375 0.0821555390625 1 0.2299596203125 1 0.326953125 0.8505208328125 0.377734375 0.8192708328125 0.436328125 0.8088541671874999 0.465625 0.759375 0.43828125 0.6708333328125 0.4421875 0.5354166671875 0.428759765625 0.509375 0.22497209843750002 0.509375
1 0.6796875 0.509375 0.45885416718750005 0.509375 0.44609375 0.5458333328125 0.44609375 0.7020833328125 0.487109375 0.7515625 0.575 0.759375 0.56328125 0.7802083328125 0.5671875 0.884375 0.596484375 0.9338541671874999 0.6796875 0.9739149312500001 0.6796875 0.509375
1 0.46205842343750003 0.509375 0.4578125 0.5145833328125 0.4421875 0.68125 0.45390625 0.7177083328125 0.483203125 0.7463541671874999 0.573046875 0.7411458328125 0.6296875 0.6083333328125 0.63359375 0.5822916671875 0.6130859375 0.509375 0.46205842343750003 0.509375
1 0.545703125 0.7671875 0.50078125 0.7541666671874999 0.483203125 0.7515625 0.465625 0.775 0.46171875 0.821875 0.510546875 0.8921875 0.553515625 0.9026041671874999 0.5671875 0.7958333328125 0.545703125 0.7671875
1 0.6796875 0.597152778125 0.658984375 0.5953125 0.6296875 0.634375 0.590625 0.728125 0.5671875 0.8947916671874999 0.608203125 0.9390625 0.6796875 0.9737215906250001 0.6796875 0.597152778125
1 0.6796875 1 0.6796875 0.9807870375000001 0.5984375 0.9416666671874999 0.5828125 0.946875 0.57109375 0.9833333328125 0.57359375 1 0.6796875 1
1 0.6796875 1 1 1 1 0.509375 0.6796875 0.509375 0.6796875 1
1 0.848046875 0.7635416671874999 0.834375 0.7609375 0.812890625 0.7583333328125 0.803125 0.7713541671874999 0.78359375 0.8442708328125 0.840234375 0.909375 0.87734375 0.8859375 0.87734375 0.8286458328125 0.86171875 0.7817708328125 0.848046875 0.7635416671874999
1 1 0.6214900359375 0.9984375 0.6203125 0.961328125 0.6177083328124999 0.930078125 0.6333333328124999 0.9203125 0.6515625 0.9203125 0.7036458328124999 0.93984375 0.7505208328125 0.984765625 0.8104166671874999 1 0.8288825765624999 1 0.6214900359375
1 0.99453125 0.8234375 0.975 0.8026041671874999 0.959375 0.8130208328125 0.95546875 0.8390625 0.976953125 0.8729166671874999 0.988671875 0.8729166671874999 0.99453125 0.8234375
1 0.6796875 0.909375 0.695703125 0.909375 0.738671875 0.8572916671874999 0.773828125 0.8416666671874999 0.79921875 0.7869791671874999 0.79140625 0.7401041671874999 0.750390625 0.7114583328125 0.72109375 0.6671875 0.71328125 0.6411458328124999 0.7171875 0.6046875 0.69375 0.5838541671875 0.6796875 0.582411859375 0.6796875 0.909375
1 0.6796875 0.509375 0.6796875 0.578020834375 0.711328125 0.5864583328124999 0.7328125 0.5578125 0.7048677875 0.509375 0.6796875 0.509375
1 0.6796875 1 0.7185825890624999 1 0.72109375 0.9953125 0.7015625 0.9119791671874999 0.6796875 0.91026348125 0.6796875 1
1 0.7650021125 1 0.83046875 0.9171875 0.8265625 0.8963541671874999 0.78359375 0.8494791671874999 0.762109375 0.846875 0.742578125 0.8572916671874999 0.7015625 0.9119791671874999 0.72109375 0.9953125 0.7276227671875 1 0.7650021125 1
1 0.959375 1 0.959375 0.9692708328125 0.930078125 0.925 0.90078125 0.9015625 0.867578125 0.8989583328125 0.828515625 0.9197916671874999 0.768359375 1 0.959375 1
1 0.959375 0.7921875 0.92421875 0.7244791671874999 0.891015625 0.721875 0.85390625 0.7661458328125 0.8734375 0.8078125 0.87734375 0.8598958328125 0.887109375 0.8833333328125 0.918359375 0.8520833328125 0.949609375 0.8416666671874999 0.959375 0.8286458328125 0.959375 0.7921875
1 0.81484375 0.6567708328124999 0.75625 0.5994791671875 0.726953125 0.6072916671875 0.7171875 0.6203125 0.7171875 0.6567708328124999 0.766015625 0.7270833328125 0.789453125 0.7322916671874999 0.81484375 0.6932291671875 0.81484375 0.6567708328124999
1 0.9203125 0.6411458328124999 0.9125 0.6307291671875 0.840234375 0.6333333328124999 0.81875 0.6567708328124999 0.81484375 0.6984375 0.7953125 0.7401041671874999 0.808984375 0.753125 0.851953125 0.7583333328125 0.898828125 0.7114583328125 0.914453125 0.70625 0.9203125 0.6411458328124999
1 0.83828125 0.5578125 0.82265625 0.5317708328124999 0.801171875 0.534375 0.74453125 0.5734375 0.750390625 0.596875 0.812890625 0.6541666671875 0.85390625 0.6151041671875 0.83828125 0.5578125
1 1 1 1 0.878481359375 0.976953125 0.8833333328125 0.9515625 0.9484375 0.965625 1 1 1
1 0.975 0.8703125 0.959375 0.8442708328125 0.933984375 0.8416666671874999 0.918359375 0.8520833328125 0.896875 0.8911458328125 0.941796875 0.9354166671874999 0.953515625 0.9354166671874999 0.975 0.8859375 0.975 0.8703125
1 0.8314732140625001 0.509375 0.83046875 0.5109375 0.83828125 0.5161458328124999 0.834375 0.5421875 0.8421875 0.5786458328124999 0.85390625 0.6098958328124999 0.871484375 0.628125 0.906640625 0.628125 0.93203125 0.5994791671875 0.94375 0.5109375 0.9431640625 0.509375 0.8314732140625001 0.509375
1 1 0.509375 0.945546875 0.509375 0.93203125 0.5994791671875 0.937890625 0.6229166671875 1 0.6193161234375 1 0.509375