1 1 0.5583964984375 0.939453125 0.5335753171875 0.884765625 0.500907440625 0.845703125 0.4954627953125 0.818359375 0.47912885625 0.791015625 0.4736842109375 0.771484375 0.5063520875 0.732421875 0.528130671875 0.71484375 0.558076225 0.70703125 0.623411978125 0.6796875 0.754083484375 0.6796875 0.8030853 0.705078125 0.8330308531249999 0.755859375 0.8711433749999999 0.798828125 0.8874773140625001 0.818359375 0.8874773140625001 0.873046875 0.9147005437500001 0.884765625 0.9147005437500001 0.908203125 0.9310344828125 0.91796875 0.9555353906249999 0.91796875 0.999092559375 0.9173177078125001 1 1 1 1 0.5583964984375
1 1 0.7159709624999999 0.978515625 0.745916515625 0.962890625 0.7513611609375 0.861328125 0.762250453125 0.8515625 0.77586206875 0.8203125 0.8738656984375 0.8203125 0.8901996375 0.830078125 0.89836660625 0.841796875 0.89836660625 0.904296875 0.9310344828125 0.91796875 0.9609800359375 0.9156358499999999 1 1 1 1 0.7159709624999999
1 0.640625 1 0.640625 0.9827586203124999 0.6484375 0.9337568062500001 0.66015625 0.8847549906250001 0.673828125 0.8602540828125 0.7265625 0.8684210531250001 0.712890625 0.849364790625 0.626953125 0.7785843921875 0.615234375 0.762250453125 0.587890625 0.7513611609375 0.572265625 0.762250453125 0.53125 0.8303085296875 0.5234375 0.8575317609375 0.5 0.9010889296875 0.49609375 0.928312159375 0.47265625 0.9773139750000001 0.47265625 1 0.640625 1
1 0.6426401296875001 1 0.64453125 0.9446460984374999 0.65234375 0.9228675140625 0.65625 0.8847549906250001 0.666015625 0.8656987296875001 0.681640625 0.8548094374999999 0.708984375 0.8656987296875001 0.72265625 0.8629764062499999 0.693359375 0.82758620625 0.646484375 0.7949183296875 0.615234375 0.762250453125 0.587890625 0.7513611609375 0.56640625 0.7704174234375001 0.546875 0.8139745921875001 0.53125 0.8303085296875 0.52734375 0.8520871140624999 0.5078125 0.8847549906250001 0.4921875 0.9446460984374999 0.4765625 0.9718693281249999 0.4765625 0.9936479125 0.47352430625 1 0.6426401296875001 1
1 0.91015625 1 0.91015625 0.9882032671875001 0.9140625 0.9827586203124999 0.91015625 0.9446460984374999 0.892578125 0.9255898359374999 0.845703125 0.9038112515625001 0.779296875 0.8874773140625001 0.720703125 0.8602540828125 0.669921875 0.8602540828125 0.65625 0.8901996375 0.640625 0.9718693281249999 0.640625 1 0.91015625 1
1 0.982421875 0 0.931640625 0.0163339390625 0.916015625 0.02722323125 0.90234375 0.0517241375 0.90625 0.1932849359375 0.93359375 0.291288565625 0.9375 0.334845734375 0.947265625 0.353901996875 1 0.374902775 1 0 0.982421875 0
1 0.802734375 0.0816696921875 0.767578125 0.0871143375 0.7578125 0.10072595312499999 0.75390625 0.1333938296875 0.6953125 0.22595281250000002 0.69140625 0.25317604375 0.697265625 0.26134301249999997 0.748046875 0.266787659375 0.802734375 0.31034482812499997 0.8203125 0.334845734375 0.82421875 0.3675136109375 0.8515625 0.42196007187499995 0.865234375 0.441016334375 0.875 0.44373865625000003 0.890625 0.4328493640625 0.91015625 0.38384755 0.9375 0.3511796734375 0.9296875 0.3021778578125 0.90234375 0.2205081671875 0.89453125 0.1769509984375 0.86328125 0.073502721875 0.853515625 0.054446460937499996 0.841796875 0.054446460937499996 0.802734375 0.0816696921875
1 1 0.375 0.955078125 0.3593466421875 0.927734375 0.36479128906249997 0.89453125 0.42196007187499995 0.875 0.487295825 0.935546875 0.528130671875 1 0.5566154671875 1 0.375
1 0.513671875 0.25589836718750003 0.57421875 0.2586206890625 0.666015625 0.2504537203125 0.677734375 0.24500907500000002 0.70703125 0.204174228125 0.75390625 0.1279491828125 0.7578125 0.00816696875 0.751953125 0 0.46484375 0.0027223234375 0.46484375 0.1932849359375 0.46875 0.2205081671875 0.513671875 0.25589836718750003
1 0.47265625 0.487295825 0.52734375 0.31306715 0.52734375 0.2803992734375 0.517578125 0.266787659375 0.341796875 0.13067150624999999 0.294921875 0.1415607984375 0.224609375 0.136116153125 0.20703125 0.16061705937499998 0.20703125 0.2368421046875 0.1953125 0.26950998125000003 0.166015625 0.2940108890625 0.15234375 0.31851179687500003 0.15234375 0.3457350265625 0.12890625 0.465517240625 0.12109375 0.5417422875 0.109375 0.58529945625 0.08984375 0.623411978125 0.078125 0.6343012703124999 0.07421875 0.6560798546875 0.078125 0.67241379375 0.099609375 0.6969147 0.115234375 0.702359346875 0.130859375 0.72413793125 0.189453125 0.762250453125 0.21875 0.7649727765625001 0.251953125 0.7132486390625 0.310546875 0.745916515625 0.357421875 0.745916515625 0.380859375 0.7295825765624999 0.39453125 0.710526315625 0.40625 0.68874773125 0.42578125 0.6125226859375 0.453125 0.5471869328125 0.46484375 0.4981851171875 0.47265625 0.487295825
1 0.015625 0.26950998125000003 0.03125 0.34029038125 0.02734375 0.3947368421875 0.03515625 0.449183303125 0.03515625 0.5744101640625 0.02734375 0.5907441015625 0.02734375 0.6179673328125 0.08203125 0.6179673328125 0.1015625 0.5907441015625 0.11328125 0.558076225 0.12890625 0.42740471874999997 0.13671875 0.4001814875 0.140625 0.34029038125 0.130859375 0.30490018124999996 0.107421875 0.2940108890625 0.080078125 0.266787659375 0.021484375 0.26134301249999997 0.015625 0.26950998125000003
1 0.0546875 0.1987295828125 0.0625 0.22595281250000002 0.083984375 0.266787659375 0.111328125 0.2940108890625 0.13671875 0.2967332125 0.169921875 0.28856624375 0.203125 0.24773139687499998 0.20703125 0.2368421046875 0.20703125 0.1769509984375 0.193359375 0.15245009062499998 0.138671875 0.1197822140625 0.119140625 0.1197822140625 0.072265625 0.15245009062499998 0.0546875 0.1769509984375 0.0546875 0.1987295828125
1 0.103515625 0 0.091796875 0.021778584375 0.080078125 0.02722323125 0 0.0408348453125 0 0.0626134296875 0.021484375 0.0707804 0.166015625 0.0816696921875 0.169921875 0.0871143375 0.23828125 0.08439201406249999 0.255859375 0.07622504531249999 0.265625 0.0626134296875 0.28125 0.00816696875 0.279296875 0 0.103515625 0
1 0.3828125 0.07894736875 0.34765625 0.1279491828125 0.431640625 0.20145190624999998 0.458984375 0.21778584374999999 0.46484375 0.21506352031249998 0.4609375 0.0027223234375 0.376953125 0 0.3828125 0.07894736875
1 0.283203125 0 0.27734375 0.029945553125000003 0.26171875 0.0680580765625 0.248046875 0.0816696921875 0.220703125 0.0871143375 0.21484375 0.09528130625 0.21484375 0.1116152453125 0.220703125 0.1197822140625 0.251953125 0.136116153125 0.27734375 0.138838475 0.345703125 0.1197822140625 0.361328125 0.10889292187499999 0.37890625 0.08439201406249999 0.3828125 0.0517241375 0.37890625 0.0190562609375 0.369140625 0 0.283203125 0
1 0 0.6560798546875 0.00390625 0.6560798546875 0.0234375 0.6125226859375 0.03515625 0.563520871875 0.03515625 0.47640653281249995 0.03125 0.4709618875 0.02734375 0.3675136109375 0.009765625 0.3430127046875 0 0.3457350265625 0 0.6560798546875
1 0.1165364578125 1 0.125 0.9882032671875001 0.125 0.9609800359375 0.09375 0.8194192375 0.0625 0.7323049 0.029296875 0.6914700546875 0.001953125 0.675136115625 0.00014635781250000001 1 0.1165364578125 1
1 0.3059172453125 1 0.3125 0.9882032671875001 0.33984375 0.9065335749999999 0.3828125 0.797640653125 0.3984375 0.7704174234375001 0.40625 0.737749546875 0.40625 0.710526315625 0.400390625 0.7078039921875 0.384765625 0.7295825765624999 0.361328125 0.745916515625 0.341796875 0.7513611609375 0.294921875 0.74047186875 0.283203125 0.7295825765624999 0.251953125 0.718693284375 0.220703125 0.7676951 0.197265625 0.7676951 0.138671875 0.7350272234374999 0.072265625 0.6805807625 0.0625 0.694192378125 0.0625 0.7268602546875 0.08984375 0.7921960078125 0.08984375 0.8085299453125 0.125 0.9337568062500001 0.2181510421875 1 0.3059172453125 1
1 0.4523737984375 1 0.49609375 0.911978221875 0.53125 0.8248638843749999 0.521484375 0.8058076218749999 0.494140625 0.7785843921875 0.427734375 0.7295825765624999 0.416015625 0.7295825765624999 0.40625 0.7431941921874999 0.3984375 0.77586206875 0.37109375 0.8303085296875 0.36328125 0.8629764062499999 0.33984375 0.911978221875 0.3359375 0.9337568062500001 0.30859375 0.999092559375 0.3092447921875 1 0.4523737984375 1
1 0.4609375 0.5254083484375001 0.4609375 0.5526315796875 0.494140625 0.593466425 0.513671875 0.6043557171875 0.533203125 0.6261343015625 0.55859375 0.6343012703124999 0.580078125 0.6152450093749999 0.6015625 0.579854809375 0.61328125 0.5526315796875 0.61328125 0.5254083484375001 0.59375 0.4600725953125 0.560546875 0.4246823953125 0.533203125 0.413793103125 0.513671875 0.43012704218750003 0.4765625 0.48185117968749996 0.4609375 0.5254083484375001
1 0.669921875 0.2940108890625 0.650390625 0.2994555359375 0.62109375 0.34029038125 0.59375 0.42196007187499995 0.59375 0.4546279484375 0.6171875 0.536297640625 0.6171875 0.563520871875 0.677734375 0.6152450093749999 0.703125 0.6179673328125 0.7109375 0.563520871875 0.72265625 0.536297640625 0.767578125 0.5063520875 0.78125 0.487295825 0.8203125 0.362068965625 0.8203125 0.3457350265625 0.810546875 0.3212341203125 0.744140625 0.266787659375 0.708984375 0.266787659375 0.669921875 0.2940108890625
1 0.21077473906250002 1 0.158203125 0.9691470046875 0.138671875 0.9691470046875 0.1220703125 1 0.21077473906250002 1