1 0.9173177078125001 0 0.9140625 0.0045372046875 0.91796875 0.03720508125 0.943359375 0.06715063593750001 0.966796875 0.078039928125 0.98046875 0.0753176046875 1 0.0535390203125 1 0 0.9173177078125001 0
1 0.9156358499999999 0 0.9140625 0.0263157890625 0.921875 0.042649728125 0.955078125 0.07259528125 0.98046875 0.0753176046875 1 0.0535390203125 1 0 0.9156358499999999 0
1 0.47265625 0 0.47265625 0.0753176046875 0.46875 0.08620689687500001 0.455078125 0.0998185125 0.416015625 0.11070780468750001 0.40625 0.12431941875000001 0.390625 0.173321234375 0.3828125 0.1787658796875 0.37109375 0.216878403125 0.3125 0.3366606171875 0.2890625 0.3965517234375 0.28125 0.42377495468750004 0.28125 0.45099818437500006 0.30078125 0.4891107078125 0.31640625 0.5 0.322265625 0.5190562609375 0.341796875 0.5190562609375 0.486328125 0.6333938296875 0.509765625 0.6333938296875 0.537109375 0.644283121875 0.5546875 0.6633393828124999 0.5703125 0.7068965515625 0.587890625 0.7259528125 0.662109375 0.7803992734375 0.673828125 0.7967332125000001 0.708984375 0.818511796875 0.736328125 0.8457350265624999 0.76171875 0.8430127046875 0.78515625 0.8049001812500001 0.83984375 0.6742286749999999 0.8828125 0.61433756875 0.94140625 0.47277676875 0.94921875 0.434664246875 0.927734375 0.399274046875 0.91015625 0.38566243125 0.91015625 0.3747731390625 0.95703125 0.254990925 0.96875 0.08620689687500001 0.908203125 0.050816696875 0.88671875 0.1406533578125 0.873046875 0.1542649734375 0.841796875 0.15970961875 0.826171875 0.1705989109375 0.806640625 0.1978221421875 0.748046875 0.19237749531249998 0.666015625 0.15970961875 0.64453125 0.1188747734375 0.640625 0.08620689687500001 0.640625 0 0.47265625 0
1 0.47352430625 0 0.46875 0.009981851562500001 0.46875 0.0644283125 0.47265625 0.0698729578125 0.46484375 0.08620689687500001 0.451171875 0.0998185125 0.419921875 0.1052631578125 0.40625 0.1188747734375 0.390625 0.1678765875 0.359375 0.23321234062500001 0.359375 0.2441016328125 0.328125 0.303992740625 0.30859375 0.36388384687499997 0.28515625 0.41288566250000003 0.28515625 0.45644283124999996 0.302734375 0.486388384375 0.314453125 0.49183303125 0.330078125 0.513611615625 0.369140625 0.5353901999999999 0.470703125 0.6225045375 0.490234375 0.6333938296875 0.517578125 0.6333938296875 0.544921875 0.6497277671874999 0.580078125 0.7150635203125 0.603515625 0.7368421046875 0.626953125 0.747731396875 0.658203125 0.7803992734375 0.720703125 0.8294010890625 0.76171875 0.8321234125 0.78125 0.810344828125 0.78125 0.7994555359375 0.84375 0.6633393828124999 0.87890625 0.61433756875 0.9375 0.47277676875 0.94140625 0.42377495468750004 0.90625 0.391107078125 0.953125 0.2658802171875 0.9609375 0.216878403125 0.9609375 0.1569872953125 0.96875 0.12431941875000001 0.96875 0.0916515421875 0.912109375 0.050816696875 0.90625 0.058983665625 0.89453125 0.1188747734375 0.880859375 0.1488203265625 0.833984375 0.15970961875 0.802734375 0.1978221421875 0.748046875 0.19237749531249998 0.669921875 0.15970961875 0.65625 0.14609800312500001 0.64453125 0.0970961890625 0.64453125 0.0644283125 0.640625 0.058983665625 0.6426401296875001 0 0.47352430625 0
1 0.640625 0 0.640625 0.058983665625 0.65234375 0.1352087109375 0.669921875 0.15970961875 0.705078125 0.1760435578125 0.720703125 0.1760435578125 0.751953125 0.19237749531249998 0.80078125 0.19509981875 0.810546875 0.19237749531249998 0.830078125 0.15970961875 0.869140625 0.1542649734375 0.88671875 0.1352087109375 0.91015625 0.0263157890625 0.91015625 0 0.640625 0
1 1 0.10798548125 0.9921875 0.1352087109375 0.99609375 0.15154265 0.99609375 0.2441016328125 0.974609375 0.24682395625 0.96484375 0.260435571875 0.921875 0.3747731390625 0.974609375 0.4537205078125 1 0.4820326671875 1 0.10798548125
1 1 0.10798548125 0.9921875 0.1352087109375 0.99609375 0.14609800312500001 0.99609375 0.2441016328125 0.974609375 0.24682395625 0.96484375 0.260435571875 0.921875 0.36388384687499997 0.921875 0.3747731390625 0.962890625 0.43738657031250006 1 0.48049001875 1 0.10798548125
1 0.00014635781250000001 0 0 0.0263157890625 0.029296875 0.0453720515625 0.03515625 0.042649728125 0.080078125 0.0290381125 0.107421875 0.012704175000000002 0.1165364578125 0 0.00014635781250000001 0
1 0.2181510421875 0 0.220703125 0.0018148828124999999 0.267578125 0.0235934671875 0.28515625 0.02087114375 0.298828125 0.012704175000000002 0.3059172453125 0 0.2181510421875 0
1 0.3092447921875 0 0.345703125 0.050816696875 0.380859375 0.0834845734375 0.40625 0.0970961890625 0.421875 0.08620689687500001 0.42578125 0.0535390203125 0.4523737984375 0 0.3092447921875 0
1 0.140625 0.8321234125 0.150390625 0.85662431875 0.5859375 0.8539019968750001 0.58984375 0.8321234125 0.5625 0.6905626140625001 0.544921875 0.6551724140624999 0.513671875 0.638838475 0.423828125 0.6497277671874999 0.404296875 0.660617059375 0.212890625 0.7041742281250001 0.150390625 0.7259528125 0.1328125 0.745009075 0.140625 0.8321234125
1 0.04296875 0.8539019968750001 0.0234375 0.6578947375 0.015625 0.6197822140625 0.001953125 0.59528130625 0 0.8539019968750001 0.04296875 0.8539019968750001
1 0 0.592558984375 0.0078125 0.5980036296875 0.0234375 0.652450090625 0.0390625 0.8049001812500001 0.091796875 0.8511796734375 0.12109375 0.8539019968750001 0.140625 0.84845735 0.1328125 0.739564428125 0.154296875 0.7205081671875 0.212890625 0.7041742281250001 0.21875 0.6905626140625001 0.22265625 0.5980036296875 0.2265625 0.592558984375 0.2265625 0.521778584375 0.220703125 0.513611615625 0.193359375 0.513611615625 0.142578125 0.49727767656250005 0.107421875 0.49727767656250005 0.072265625 0.486388384375 0.0546875 0.46733212343749997 0.05078125 0.4455535390625 0.037109375 0.43738657031250006 0.0234375 0.45644283124999996 0 0.5108892921875 0 0.592558984375
1 0.001953125 0.2631578953125 0 0.494555353125 0.00390625 0.494555353125 0.0625 0.36932849375 0.06640625 0.3312159703125 0.044921875 0.3012704171875 0.001953125 0.2631578953125
1 0.0703125 0.3312159703125 0.0703125 0.34754990937499997 0.0546875 0.391107078125 0.0546875 0.46188747656249995 0.064453125 0.4809437390625 0.212890625 0.513611615625 0.25 0.5108892921875 0.265625 0.5 0.2734375 0.45099818437500006 0.27734375 0.30943738593750003 0.267578125 0.29582577187500003 0.240234375 0.2794918328125 0.169921875 0.2631578953125 0.080078125 0.2631578953125 0.0625 0.276769509375 0.05859375 0.30943738593750003 0.0703125 0.3312159703125
1 0.1220703125 0 0.115234375 0.012704175000000002 0.091796875 0.0290381125 0.056640625 0.0399274046875 0.04296875 0.0535390203125 0.05859375 0.08620689687500001 0.06640625 0.1188747734375 0.05859375 0.129764065625 0.05859375 0.1406533578125 0 0.2223230484375 0 0.2495462796875 0.013671875 0.268602540625 0.048828125 0.3012704171875 0.056640625 0.3012704171875 0.0625 0.276769509375 0.076171875 0.2631578953125 0.169921875 0.2631578953125 0.173828125 0.268602540625 0.228515625 0.2740471875 0.263671875 0.290381125 0.27734375 0.303992740625 0.27734375 0.3529945546875 0.28125 0.36932849375 0.2890625 0.36932849375 0.3046875 0.3529945546875 0.31640625 0.320326678125 0.31640625 0.2931034484375 0.296875 0.12431941875000001 0.28515625 0.0698729578125 0.263671875 0.0235934671875 0.232421875 0.012704175000000002 0.21077473906250002 0 0.1220703125 0
1 0 0.21143375625 0.00390625 0.21143375625 0.0625 0.12431941875000001 0.0625 0.10254083437499999 0.05078125 0.0753176046875 0.029296875 0.0453720515625 0.005859375 0.0290381125 0 0.0317604359375 0 0.21143375625
1 1 0.4876847296875 0.962890625 0.44827586249999996 0.94921875 0.46733212343749997 0.87890625 0.6415607984375 0.892578125 0.660617059375 0.900390625 0.660617059375 0.916015625 0.68239564375 0.943359375 0.7041742281250001 0.96875 0.739564428125 0.96875 0.7722323046875 0.94921875 0.8212341203125 0.9453125 0.84845735 0.955078125 0.85662431875 1 0.856146353125 1 0.4876847296875
1 0.78125 0.8212341203125 0.78515625 0.84845735 0.791015625 0.85662431875 0.93359375 0.8539019968750001 0.94921875 0.8266787656249999 0.96875 0.7722323046875 0.96875 0.745009075 0.951171875 0.7150635203125 0.900390625 0.66606170625 0.876953125 0.6497277671874999 0.865234375 0.6497277671874999 0.83984375 0.679673321875 0.79296875 0.78856624375 0.78125 0.8212341203125