1 0.1536726203125 0 0.10234375 0.12264632499999999 0.059375 0.18253743125 0.00078125 0.32409823125 0 0.3279094828125 0 0.373793 0.014453125 0.397600953125 0.03203125 0.41121256875 0.03203125 0.4221018609375 0 0.503953040625 0 0.559375 0.5 0.559375 0.5 0.19840048125 0.455859375 0.1634811703125 0.432421875 0.1634811703125 0.405078125 0.152591878125 0.3875 0.1335356171875 0.371875 0.0899784484375 0.354296875 0.0709221875 0.280078125 0.0164757265625 0.268359375 0.0001417875 0.26813049375000003 0 0.1536726203125 0
1 0.15975260468750002 0 0.0984375 0.1335356171875 0.06328125 0.18253743125 0.0046875 0.32409823125 0.00078125 0.3731000453125 0.0359375 0.405767921875 0 0.50177518125 0 0.559375 0.5 0.559375 0.5 0.1988294875 0.471484375 0.1743704625 0.451953125 0.1634811703125 0.424609375 0.1634811703125 0.397265625 0.1471472328125 0.362109375 0.0818114796875 0.338671875 0.0600328953125 0.315234375 0.049143603125000004 0.283984375 0.0164757265625 0.262970196875 0 0.15975260468750002 0
1 0.5 0 0.3591523 0 0.3796875 0.1063123859375 0.397265625 0.14170258593750001 0.428515625 0.158036525 0.5 0.1493724359375 0.5 0
1 0 0.312120009375 0.06328125 0.1553142015625 0.049609375 0.13625794062500002 0.041796875 0.13625794062500002 0.026171875 0.11447935625000001 0 0.0936341390625 0 0.312120009375
1 0 0 0 0.09048103125 0.041796875 0.13081329375 0.065234375 0.1471472328125 0.076953125 0.1471472328125 0.10234375 0.117201678125 0.14921875 0.00830875625 0.15219929999999998 0 0 0
1 0.66024709375 0 0.5703125 0.171875 0.5546875 0.23958333281250002 0.5703125 0.3645833328125 0.595703125 0.3828125 0.625 0.4375 0.62890625 0.4739583328125 0.61328125 0.5260416671875 0.6365571125 0.559375 0.7770368296875001 0.559375 0.779296875 0.5546875 0.8203125 0.546875 0.8046875 0.5260416671875 0.806640625 0.5026041671875 0.837890625 0.5078125 0.83203125 0.5260416671875 0.841796875 0.5390625 0.861328125 0.5130208328125 0.892578125 0.5078125 0.888671875 0.4921875 0.919921875 0.4869791671875 0.958984375 0.4348958328125 1 0.4166666671875 1 0.191936728125 0.955078125 0.1276041671875 0.884765625 0.1276041671875 0.853515625 0.1119791671875 0.783203125 0.0286458328125 0.7492439515625 0 0.66024709375 0
1 0.869791665625 0 0.82421875 0.0364583328125 0.833984375 0.0703125 0.892578125 0.1171875 0.947265625 0.1067708328125 0.97265625 0.046875 0.9699519234375 0 0.869791665625 0
1 0.55859375 0.4375 0.58203125 0.5 0.615234375 0.5338541671875 0.62890625 0.484375 0.62109375 0.421875 0.603515625 0.3932291671875 0.57421875 0.3854166671875 0.55859375 0.4010416671875 0.55859375 0.4375
1 0.5 0.3138706140625 0.521484375 0.3515625 0.568359375 0.3723958328125 0.5625 0.25 0.546875 0.21354166718749998 0.5 0.24586925312500002 0.5 0.3138706140625
1 0.58203125 0.5364583328125 0.58203125 0.515625 0.55859375 0.46875 0.546875 0.5416666671875 0.564453125 0.5546875 0.58203125 0.5364583328125
1 0 0.559375 0 1 0.1896763390625 1 0.196875 0.9552083328125001 0.20625 0.8135416671875 0.190625 0.7635416671874999 0.0420708953125 0.559375 0 0.559375
1 0.5 0.559375 0.0418269234375 0.559375 0.20625 0.796875 0.2375 0.809375 0.43125 0.7302083328125 0.478125 0.6802083328124999 0.5 0.6202546296875 0.5 0.559375
1 0.5 1 0.5 0.7628170296875 0.490625 0.7510416671875 0.38125 0.7510416671875 0.33125 0.7677083328125001 0.228125 0.821875 0.2125 0.846875 0.1837890625 1 0.5 1
1 0.931640625 1 0.94609375 0.9807291671874999 0.95 0.7958333328125 0.928515625 0.7541666671875 0.905078125 0.7359375 0.846484375 0.7385416671875 0.7859375 0.7723958328125 0.7390625 0.8609375 0.7390625 0.9338541671874999 0.756640625 0.9703125 0.8063100953125 1 0.931640625 1
1 0.58250868125 0.559375 0.569140625 0.5822916671875 0.553515625 0.6994791671875 0.561328125 0.7463541671875 0.627734375 0.7880208328125 0.66484375 0.7984375 0.70390625 0.8479166671874999 0.744921875 0.8635416671874999 0.8015625 0.7723958328125 0.854296875 0.7385416671875 0.877734375 0.7098958328125 0.881640625 0.6786458328125 0.86796875 0.6161458328125 0.85625 0.5979166671875 0.807421875 0.5901041671875 0.7594075515625001 0.559375 0.58250868125 0.559375
1 0.5625355125 1 0.592578125 0.9755208328125 0.733203125 0.9755208328125 0.746875 0.9546875 0.741015625 0.8713541671874999 0.67265625 0.8010416671874999 0.627734375 0.775 0.553515625 0.7489583328125 0.518359375 0.7567708328125 0.5046875 0.775 0.5 0.7901785718750001 0.5 0.8651041671874999 0.5046875 0.8765625 0.5203125 0.978125 0.551484375 1 0.5625355125 1
1 0.861268028125 0.559375 0.86015625 0.5979166671875 0.871875 0.65 0.89140625 0.7255208328125 0.91484375 0.759375 0.955859375 0.8010416671874999 0.991015625 0.8010416671874999 1 0.7993303578125 1 0.6554166671875 0.994921875 0.65 0.983203125 0.6057291671875 0.9914806546874999 0.559375 0.861268028125 0.559375