1 0.4390625 0 0.2296875 0 0.2296875 0.015060684375 0.24921875 0.0531732078125 0.26484375 0.0640625 0.270703125 0.08311876093750001 0.290234375 0.08311876093750001 0.434765625 0.1974563296875 0.4390625 0.1974563296875 0.4390625 0
1 0.4390625 0 0.23359375 0 0.23359375 0.02050533125 0.251171875 0.050450884375000005 0.262890625 0.05589553125 0.278515625 0.077674115625 0.317578125 0.0994527 0.419140625 0.1865670375 0.438671875 0.1974563296875 0.4390625 0.1974563296875 0.4390625 0
1 0 0.2 0.169492834375 0.2 0.17109375 0.1620661296875 0.175 0.156621484375 0.175 0.085841084375 0.169140625 0.077674115625 0.141796875 0.077674115625 0.091015625 0.0613401765625 0.055859375 0.0613401765625 0.020703125 0.050450884375000005 0.003125 0.031394623437500005 0 0.01397175625 0 0.2
1 0.003125 0 0.003125 0.025949976562499998 0.012890625 0.045006239062499995 0.161328125 0.077674115625 0.1984375 0.0749517921875 0.2140625 0.0640625 0.221875 0.015060684375 0.2222905875 0 0.003125 0
0 0.6184249078125 0 0.5921875 0.09926270468750001 0.598046875 0.11287431875000001 0.7796875 0.11015199687499999 0.7953125 0.055705535937499995 0.79140625 0.023037659375 0.77187278125 0 0.6184249078125 0
0 0.7787841796875 0 0.7953125 0.023037659375 0.79921875 0.039371596875 0.7953125 0.066594828125 0.803125 0.09926270468750001 0.812890625 0.11287431875000001 0.94765625 0.11015199687499999 0.95546875 0.09926270468750001 0.926171875 0.06931715000000001 0.8764404296875 0 0.7787841796875 0
0 0.4390625 0 0.4390625 0.0493897453125 0.44765625 0.082928765625 0.44765625 0.10470735 0.453515625 0.11287431875000001 0.58046875 0.11015199687499999 0.58828125 0.0938180578125 0.584375 0.061150181250000005 0.5721883140624999 0 0.4390625 0
0 0.075 0.4255208328125001 0.071875 0.5088541671875 0.084375 0.5296875 0.1625 0.5255208328125001 0.159375 0.4171875 0.134375 0.3880208328125 0.125 0.3880208328125 0.090625 0.3921875 0.075 0.4255208328125001
0 0.246875 0.4546875 0.2875 0.3463541671875 0.240625 0.3130208328125 0.223958334375 0.3130208328125 0.190625 0.3130208328125 0.159375 0.39635416718750005 0.178125 0.4338541671874999 0.246875 0.4546875
0 0.4390625 0.33802083437499997 0.43125 0.3046875 0.371875 0.2588541671875 0.365625 0.2588541671875 0.3375 0.2671875 0.3125 0.3046875 0.284375 0.38385416718750004 0.3 0.44635416718749993 0.33125 0.4796875 0.365625 0.4796875 0.378125 0.4546875 0.384375 0.46302083281250006 0.39375 0.43802083281250004 0.43125 0.41302083281250007 0.4390625 0.3921875 0.4390625 0.33802083437499997
0 0.5651559015625 0.2 0.5609375 0.21371937343749997 0.570703125 0.2273309890625 0.613671875 0.25999886562499996 0.6390625 0.26272118906249997 0.67763323125 0.2 0.5651559015625 0.2
0 0.4390625 0.2 0.4390625 0.2733201 0.465234375 0.27088815781250003 0.523828125 0.287222096875 0.5453125 0.2844997734375 0.5646020140625 0.2 0.4390625 0.2
0 0.7460417578125 0.2 0.7484375 0.2300533125 0.72890625 0.2790551265625 0.72890625 0.31716765 0.754296875 0.347113203125 0.781640625 0.3634471421875 0.7953125 0.36072481874999995 0.851953125 0.35255785 0.86171875 0.338946234375 0.87734375 0.28994441875 0.9125 0.224608665625 0.91640625 0.20283008125 0.91640625 0.2 0.7460417578125 0.2
0 0.652734375 0.608456215625 0.664453125 0.6030115703125001 0.719140625 0.6030115703125001 0.777734375 0.5812329859375 0.8265625 0.5839553078125 0.82265625 0.513174909375 0.785546875 0.417893603125 0.7796875 0.420615925 0.769921875 0.45056147968750004 0.723046875 0.48867400156249996 0.676171875 0.5104525859375 0.660546875 0.505007940625 0.6546875 0.513174909375 0.64296875 0.573066015625 0.61171875 0.5948446000000001 0.637109375 0.6302348 0.64296875 0.6275124765625 0.652734375 0.608456215625
0 0.769921875 0.45056147968750004 0.7796875 0.4315052171875 0.7796875 0.3661694640625 0.734765625 0.3362239109375 0.725 0.3226122953125 0.723046875 0.2981113890625 0.711328125 0.2981113890625 0.709375 0.311723003125 0.7171875 0.3280569421875 0.725 0.3716141109375 0.711328125 0.3852257265625 0.683984375 0.39067037187500003 0.678125 0.398837340625 0.678125 0.41517127968749995 0.65859375 0.485951678125 0.660546875 0.505007940625 0.69375 0.5022856171875001 0.769921875 0.45056147968750004
0 0.725 0.355280171875 0.70546875 0.2844997734375 0.680078125 0.2654435125 0.6390625 0.31716765 0.6390625 0.3280569421875 0.680078125 0.39611501875 0.69375 0.3933926953125 0.723046875 0.37978107968749997 0.725 0.355280171875
0 0.7660929359375 0.2 0.75234375 0.21916402031249999 0.725 0.28994441875 0.72890625 0.3226122953125 0.738671875 0.3362239109375 0.781640625 0.3634471421875 0.7953125 0.36072481874999995 0.803125 0.355280171875 0.83046875 0.295389065625 0.8608850546875001 0.2 0.7660929359375 0.2
0 0.4390625 0.582798321875 0.461328125 0.5866776312499999 0.480859375 0.6030115703125001 0.527734375 0.6030115703125001 0.558984375 0.6139008625 0.58828125 0.6111785390625 0.598046875 0.608456215625 0.613671875 0.5812329859375 0.6390625 0.573066015625 0.678125 0.40972663281250005 0.6703125 0.37705875625 0.637109375 0.32533461875 0.582421875 0.33077926562500004 0.562890625 0.3198899734375 0.54921875 0.34439087968750004 0.5296875 0.40972663281250005 0.504296875 0.43422754062499996 0.449609375 0.42333824843749995 0.4390625 0.4159879765625 0.4390625 0.582798321875
0 0.4390625 0.41408235 0.441796875 0.417893603125 0.488671875 0.43422754062499996 0.50625 0.4315052171875 0.5296875 0.40972663281250005 0.553125 0.338946234375 0.55703125 0.3008337109375 0.551171875 0.2926667421875 0.492578125 0.2763328046875 0.465234375 0.2763328046875 0.461328125 0.27088815781250003 0.4390625 0.27476746875 0.4390625 0.41408235
0 1 0.24947255 0.988671875 0.25999886562499996 0.9671875 0.28994441875 0.94765625 0.338946234375 0.922265625 0.37433643437499997 0.914453125 0.37433643437499997 0.896875 0.3933926953125 0.89296875 0.4532838015625 0.90859375 0.485951678125 0.89296875 0.5403981390625 0.883203125 0.5376758171875 0.8734375 0.5458427859375 0.871484375 0.5594544015625 0.863671875 0.5540097546875 0.85 0.5676213703125 0.85 0.5893999546875 0.8421875 0.6166231843750001 0.848046875 0.635679446875 0.875390625 0.652013384375 0.88125 0.6492910609375 0.88125 0.63840176875 0.8734375 0.6329571234375 0.875390625 0.6247901546875 0.891015625 0.6465687390625 0.910546875 0.6411240921875 0.918359375 0.6247901546875 0.94375 0.6275124765625 0.93984375 0.671069646875 0.9671875 0.7255161078125 0.95546875 0.7690732765625 0.95546875 0.8017411531249999 0.969140625 0.83168670625 0.98671875 0.8344090296874999 0.9984375 0.8235197375000001 1 0.8191640203125001 1 0.24947255
0 1 0.463706409375 0.996484375 0.45600612500000004 0.973046875 0.4396721875 0.941796875 0.4396721875 0.91640625 0.46417309375000004 0.89296875 0.53495349375 0.90078125 0.5621767234374999 0.914453125 0.5812329859375 0.953515625 0.6139008625 0.9671875 0.6111785390625 1 0.5603618421875 1 0.463706409375
0 0.9152877 0.2 0.9125 0.224608665625 0.87734375 0.28994441875 0.86953125 0.3226122953125 0.922265625 0.3634471421875 0.93203125 0.36072481874999995 0.94375 0.34439087968750004 0.9671875 0.2844997734375 0.9984375 0.24638725 0.988671875 0.22188634375 0.9625013546875 0.2 0.9152877 0.2
0 0.617578125 0.7990188296875 0.641015625 0.7935741828125 0.656640625 0.8099081218750002 0.680078125 0.804463475 0.715234375 0.8262420593750001 0.73671875 0.8561876140625 0.7328125 0.888855490625 0.740625 0.888855490625 0.773828125 0.8643545828124999 0.840234375 0.8589099359375 0.85390625 0.8452983218749999 0.87734375 0.714626815625 0.87734375 0.665625 0.851953125 0.65745803125 0.83828125 0.63840176875 0.83828125 0.6057338921875 0.832421875 0.5975669234375001 0.801171875 0.5866776312499999 0.766015625 0.5866776312499999 0.699609375 0.608456215625 0.672265625 0.6030115703125001 0.656640625 0.608456215625 0.646875 0.62206783125 0.63515625 0.7037375234375001 0.61171875 0.7854072140625 0.617578125 0.7990188296875
0 1 1 1 0.8213418781249999 0.988671875 0.8371313515625001 0.976953125 0.8371313515625001 0.95546875 0.8071857984375 0.95546875 0.7690732765625 0.941796875 0.7554616609375 0.926171875 0.7554616609375 0.90078125 0.77996256875 0.88515625 0.8235197375000001 0.86171875 0.9378573046875001 0.86171875 0.9596358890625 0.85390625 0.9814144734374999 0.85390625 1 1 1
0 0.8488956703125 1 0.85 0.9923037656249999 0.812890625 0.940579628125 0.793359375 0.9242456890625 0.750390625 0.9514689203125 0.7016446937499999 1 0.8488956703125 1
0 0.715234375 0.8262420593750001 0.676171875 0.804463475 0.660546875 0.8099081218750002 0.648828125 0.7990188296875 0.617578125 0.7990188296875 0.590234375 0.8207974140625 0.5609375 0.8725215515624999 0.56484375 0.8997447828125 0.586328125 0.91880104375 0.609765625 0.9242456890625 0.70546875 0.9215233671874999 0.725 0.8997447828125 0.7328125 0.8779661984375 0.7328125 0.8507429671875 0.715234375 0.8262420593750001
0 0.4390625 0.9310333484375001 0.453515625 0.9296903359375002 0.469140625 0.9460242734375001 0.492578125 0.9514689203125 0.504296875 0.9732475046874999 0.51015625 0.97052518125 0.5140625 0.9650805359374999 0.51015625 0.9596358890625 0.5296875 0.9269680125 0.527734375 0.91880104375 0.516015625 0.9242456890625 0.5140625 0.9160787203125 0.543359375 0.897022459375 0.553125 0.8834108437499999 0.5765625 0.8344090296874999 0.59609375 0.8126304453125 0.60390625 0.79629650625 0.60390625 0.77996256875 0.586328125 0.7554616609375 0.465234375 0.6465687390625 0.4390625 0.6303557921875 0.4390625 0.9310333484375001