1 0.509375 0 0.196195659375 0 0.1921875 0.0047272 0.1921875 0.053729015625 0.21953125 0.184400521875 0.22734375 0.249736275 0.244921875 0.27968182812500003 0.283984375 0.3014604125 0.303515625 0.33412828906250003 0.330859375 0.32868364375 0.358203125 0.3123497046875 0.397265625 0.306905059375 0.451953125 0.2742371828125 0.509375 0.2506970953125 0.509375 0
1 0.509375 0 0.3538746015625 0 0.3640625 0.03195043125 0.373828125 0.045562046875 0.475390625 0.05645133906250001 0.491015625 0.061895984375000004 0.509375 0.08748582031249999 0.509375 0
1 0.509375 0.3796875 0.509375 0.25257811406249997 0.448046875 0.27968182812500003 0.3875 0.32051667500000003 0.40518832656250003 0.3796875 0.509375 0.3796875
1 0.07627673125 0.3796875 0.10625 0.3477399046875 0.12578125 0.2824041515625 0.12578125 0.2551809203125 0.1140625 0.227957690625 0.092578125 0.192567490625 0.07109375 0.1735112296875 0.045703125 0.1816781984375 0.026171875 0.20345678281250001 0.006640625 0.214346075 0 0.22251304374999997 0 0.3412063296875 0.026171875 0.3776854578125 0.028565809375 0.3796875 0.07627673125 0.3796875
1 0.312207384375 0.3796875 0.29375 0.32051667500000003 0.280078125 0.3014604125 0.23515625 0.271514859375 0.2234375 0.244291628125 0.215625 0.1898451671875 0.190234375 0.192567490625 0.1296875 0.244291628125 0.1296875 0.271514859375 0.10625 0.3531845515625 0.10625 0.3796875 0.312207384375 0.3796875
1 0.509375 0.3796875 0.650146484375 0.3796875 0.66875 0.3537573734375 0.6921875 0.293866265625 0.68828125 0.24486445156249997 0.6765625 0.21219657500000003 0.64140625 0.1740840515625 0.621875 0.1305268828125 0.5359375 0.016189315625 0.514453125 0.013466992187499999 0.509375 0.0170060125 0.509375 0.3796875
1 1 0 0.900503540625 0 0.89140625 0.076080421875 0.87578125 0.146860821875 0.87578125 0.1795286984375 0.908984375 0.22580818906250003 1 0.291775521875 1 0
1 0.5359375 0 0.5359375 0.01074466875 0.62578125 0.1305268828125 0.658984375 0.1876956671875 0.705859375 0.22580818906250003 0.737109375 0.23669748125 0.764453125 0.22580818906250003 0.78984375 0.1958626359375 0.81328125 0.1523054671875 0.8484375 0.0434125453125 0.8484375 0.0053000234375 0.8462193796874999 0 0.5359375 0
1 0.8044759109375 0.3796875 0.80546875 0.37553595781250004 0.823046875 0.35103505 0.85234375 0.3319787890625 0.85234375 0.321089496875 0.838671875 0.285699296875 0.778125 0.233975159375 0.721484375 0.24214212812499997 0.70390625 0.2666430359375 0.69609375 0.3102002046875 0.68046875 0.3483127265625 0.6759667968749999 0.3796875 0.8044759109375 0.3796875
1 0.2497924796875 0.3796875 0.261328125 0.3902343765625 0.27841796875 0.5933593765625 0.3531860359375 0.60703125 0.3681396484375 0.5972656234375 0.3638671875 0.5738281234375 0.4172729484375 0.525 0.4728149421875 0.52890625 0.509375 0.5249737390625 0.509375 0.3803404015625 0.5069946296875 0.3796875 0.2497924796875 0.3796875
1 0.509375 0.52500494375 0.4130004890625 0.5328125 0.3681396484375 0.5699218765625 0.3638671875 0.6089843765625 0.4557250984375 0.70078125 0.509375 0.6961826875 0.509375 0.52500494375
1 0.509375 0.6998111265625 0.4642700203125 0.7125 0.4343627921875 0.70859375 0.3681396484375 0.7496093765625 0.3638671875 0.8199218765625 0.338232421875 0.8628906234375 0.338232421875 0.8863281234375 0.3681396484375 0.9839843765625 0.38359590312499997 1 0.4706787109375 1 0.4706787109375 0.9605468765625 0.4877685546875 0.9097656234375 0.509375 0.8824856499999999 0.509375 0.6998111265625
1 0.31798400937500004 1 0.3083251953125 0.9175781234375 0.2976440421875 0.9078125 0.2228759765625 0.8941406234375 0.1993774421875 0.89609375 0.1182006828125 0.95078125 0.0242065421875 0.978125 0.026681623437500003 1 0.31798400937500004 1
1 0 0.9768954609375001 0.0242065421875 0.978125 0.1352905265625 0.9390625 0.2057861328125 0.8902343765625 0.21005859375 0.8628906234375 0.19296875 0.8199218765625 0.1694702140625 0.79453125 0.133154296875 0.7808593765625 0.1288818359375 0.7613281234375 0.1459716796875 0.7378906234375 0.1352905265625 0.728125 0 0.7233057437499999 0 0.9768954609375001
1 0 0.7227345984375 0.1694702140625 0.73203125 0.2057861328125 0.7105468765625 0.1780151359375 0.66953125 0.0712036140625 0.65390625 0.0092529296875 0.6207031234375 0 0.62460765625 0 0.7227345984375
1 0.3638671875 0.7457031234375 0.2314208984375 0.7183593765625 0.2121948234375 0.71640625 0.1438354484375 0.74765625 0.133154296875 0.7730468765625 0.184423828125 0.8042968765625 0.2250122078125 0.8921875 0.2976440421875 0.9 0.3232788078125 0.8921875 0.3638671875 0.8160156234375 0.3638671875 0.7457031234375
1 0 0.3796875 0 0.6115153765625 0.0028442390625 0.6109375 0.0840209953125 0.65390625 0.1694702140625 0.665625 0.2250122078125 0.65 0.2741455078125 0.6050781234375 0.269873046875 0.4449218765625 0.2570556640625 0.3941406234375 0.2431073375 0.3796875 0 0.3796875
1 0 0.3796875 0 0.606831215625 0.0028442390625 0.60703125 0.0498413078125 0.6421875 0.0840209953125 0.65390625 0.1651977546875 0.665625 0.2121948234375 0.6578125 0.2741455078125 0.6011718765625 0.261328125 0.4019531234375 0.239294434375 0.3796875 0 0.3796875
0 1 1 1 0.7768062078125 0.9730099203125 0.7756939640625 0.9205623828124999 0.8033596203125001 0.913244028125 0.822888215625 0.8973877124999999 0.944942253125 0.9169032046875 0.99701853125 0.9177776078125 1 1 1
0 0.6856149203124999 0.9458456203125 0.7595601328124999 0.914021871875 0.7973712359375 0.853808596875 0.7522417765625 0.824515578125 0.7071124125 0.7659296640625 0.6851575296875 0.7154806875 0.62661133125 0.7643023015624999 0.608315628125 0.7935951984375 0.6619830453125 0.8961206374999999 0.6856149203124999 0.9458456203125