1 0.359375 0.044621059375 0.3450062390625 0.04609375 0.2361133171875 0.096875 0.22250170156250001 0.110546875 0.2170570546875 0.133984375 0.16261059375 0.165234375 0.1653329171875 0.1828125 0.17349988593750001 0.204296875 0.19800079375 0.221875 0.2007231171875 0.200390625 0.2361133171875 0.1671875 0.25789190156249997 0.1671875 0.306893715625 0.1828125 0.3096160390625 0.192578125 0.2932821 0.212109375 0.3286723 0.22578125 0.358617853125 0.247265625 0.358617853125 0.262890625 0.342283915625 0.270703125 0.342283915625 0.278515625 0.350450884375 0.284375 0.359375 0.28117370625000004 0.359375 0.044621059375
1 0.1609772 0.3890625 0.1952784703125 0.364453125 0.23339099375 0.329296875 0.2170570546875 0.301953125 0.18983382499999998 0.278515625 0.15172130156250002 0.216015625 0.11633110312499999 0.1828125 0.0782185796875 0.19453125 0.050995349999999995 0.2140625 0.0210497953125 0.219921875 0.031939087500000005 0.243359375 0.031939087500000005 0.274609375 0.0047158578125 0.301953125 0.00743818125 0.315625 0.0210497953125 0.341015625 0.0401060578125 0.3546875 0.053717671875 0.356640625 0.071793896875 0.3890625 0.1609772 0.3890625
1 0.0725561484375 0 0.0700516109375 0.008984375 0.0401060578125 0.03046875 0.0183274734375 0.034375 0 0.047524007812500005 0 0.10193185625000001 0.010160503125000001 0.110546875 0.010160503125000001 0.133984375 0 0.143356759375 0 0.1978325734375 0.0128828265625 0.21015625 0.0346614109375 0.21015625 0.089107871875 0.18671875 0.0999971640625 0.18671875 0.2170570546875 0.130078125 0.22250170156250001 0.098828125 0.184389178125 0.044140625 0.1789445328125 0.028515625 0.184389178125 0.005078125 0.1788840359375 0 0.0725561484375 0
1 0.263336546875 0.2140625 0.290559778125 0.21015625 0.3041713921875 0.200390625 0.3096160390625 0.184765625 0.2742258390625 0.17109375 0.2361133171875 0.1671875 0.2007231171875 0.200390625 0.203445440625 0.21796875 0.2361133171875 0.23359375 0.263336546875 0.2140625
1 0.342283915625 0.266796875 0.3531732078125 0.243359375 0.3286723 0.22578125 0.2742258390625 0.21015625 0.19800079375 0.26484375 0.219779378125 0.284375 0.25244725468749996 0.2921875 0.306893715625 0.29609375 0.342283915625 0.266796875
1 0.14851985 0.3890625 0.09455251875000001 0.34296875 0.056439995312500005 0.35078125 0.056439995312500005 0.3703125 0.0725226421875 0.3890625 0.14851985 0.3890625
1 0.6595486109375 0.3890625 0.6942708328125 0.3734375 0.7067708328125001 0.3828125 0.7984375 0.3140625 0.7984375 0.2953125 0.7859375 0.2703125 0.6192708328125001 0.1546875 0.5192708328125 0.1546875 0.4067708328125 0.2609375 0.4192708328125 0.2765625 0.4609375 0.2828125 0.4734375 0.3046875 0.4609375 0.3859375 0.457717803125 0.3890625 0.6595486109375 0.3890625
1 1 0.3890625 1 0.28046875 0.9942708328125001 0.2765625 0.8817708328125 0.2796875 0.8567708328125001 0.3078125 0.8609375 0.3703125 0.8725446421874998 0.3890625 1 0.3890625
1 0.359375 0 0.359375 0.063545496875 0.4234375 0.0734375 0.4692708328125 0.0265625 0.4692708328125 0.0171875 0.45421130937500004 0 0.359375 0
1 0.5192708328125 0.0296875 0.47760416718750004 0.0359375 0.44427083281249996 0.0828125 0.5026041671875 0.1453125 0.5359375 0.1484375 0.6067708328125001 0.1421875 0.6192708328125001 0.0859375 0.6192708328125001 0.0796875 0.5817708328125001 0.0421875 0.5192708328125 0.0296875
1 0.6276041671874999 0.1328125 0.6692708328125001 0.1765625 0.7234375 0.1921875 0.7984375 0.1453125 0.7984375 0.0984375 0.8109375 0.0921875 0.8109375 0.0859375 0.7776041671875 0.0734375 0.7817708328124999 0.0609375 0.7526041671874999 0.0359375 0.7609375 0.0234375 0.7026041671875 0.0234375 0.6276041671874999 0.0671875 0.6276041671874999 0.1328125
1 0.8421875 0 0.8359375 0.0046875 0.8234375 0.0421875 0.8484375 0.0546875 0.8401041671874999 0.0828125 0.8526041671875 0.0984375 0.9151041671875 0.1390625 0.9276041671874999 0.1828125 0.9067708328125 0.1921875 0.9317708328125001 0.2078125 0.9692708328125 0.2046875 1 0.17472656250000002 1 0.0953125015625 0.9942708328125001 0.0609375 0.9401041656250001 0 0.8421875 0
1 0.9067708328125 0.2296875 0.9067708328125 0.2265625 0.8401041671874999 0.1921875 0.8151041671874999 0.1453125 0.7067708328125001 0.1984375 0.8151041671874999 0.2890625 0.8859375 0.2578125 0.9067708328125 0.2296875
1 0.9276041671874999 0.1671875 0.9067708328125 0.1296875 0.8692708328125001 0.1109375 0.8276041671875 0.1109375 0.7984375 0.1421875 0.8442708328125 0.2203125 0.8692708328125001 0.2109375 0.8901041671875 0.2265625 0.9067708328125 0.2234375 0.9276041671874999 0.1953125 0.9276041671874999 0.1671875
1 0.359375 0.3890625 0.44635416718750004 0.3890625 0.45677083281249997 0.3734375 0.45677083281249997 0.3578125 0.4192708328125 0.2859375 0.3776041671875 0.2484375 0.359375 0.2416015625 0.359375 0.3890625
1 0.359375 0.22900965156250003 0.3942708328125 0.2359375 0.4401041671875 0.2171875 0.49010416718750005 0.1703125 0.49010416718750005 0.1421875 0.46510416718750003 0.1078125 0.4234375 0.0859375 0.359375 0.072724609375 0.359375 0.22900965156250003
1 0.359375 0.3890625 0.1989583328125 0.3890625 0.1817708328125 0.401953125 0.16875 0.4859375 0.2104166671875 0.52109375 0.31979166718749996 0.55234375 0.359375 0.525865709375 0.359375 0.3890625
1 0 0.3890625 0 0.5239955359375 0.075 0.51328125 0.14010416718750002 0.468359375 0.12688802187499998 0.3890625 0 0.3890625
1 0 0.3890625 0 0.52504595625 0.059375 0.5171875 0.14010416718750002 0.472265625 0.12679166718749998 0.3890625 0 0.3890625
1 0 1 0.1748076921875 1 0.1817708328125 0.995703125 0.17135416718750002 0.944921875 0.11927083281249999 0.843359375 0.0958333328125 0.82578125 0 0.84692095625 0 1
1 0.059375 0.56015625 0.0229166671875 0.65390625 0.08541666718749999 0.70859375 0.1088541671875 0.667578125 0.15572916718750002 0.628515625 0.15572916718750002 0.608984375 0.0958333328125 0.5640625 0.059375 0.56015625
1 0.359375 0.593817934375 0.31979166718749996 0.571875 0.15572916718750002 0.694921875 0.153125 0.728125 0.2260416671875 0.73203125 0.35885416718749996 0.640234375 0.359375 0.6393554703125 0.359375 0.593817934375
1 0 0.639603365625 0.0229166671875 0.63828125 0.0411458328125 0.608984375 0.0411458328125 0.558203125 0 0.5346047796875 0 0.639603365625
1 0 0.725540865625 0.017708332812499998 0.73984375 0.06979166718749999 0.75546875 0.09322916718749999 0.745703125 0.0828125 0.718359375 0.007291667187500001 0.64609375 0 0.64609375 0 0.725540865625
1 0.09322916718749999 0.683203125 0.090625 0.71640625 0.1010416671875 0.73203125 0.1270833328125 0.7359375 0.2182291671875 0.636328125 0.1739583328125 0.6265625 0.1427083328125 0.63828125 0.09322916718749999 0.683203125
1 0.359375 1 0.5480121375 1 0.5480121375 0.97890625 0.5389377265624999 0.9359375 0.513529378125 0.87734375 0.45363827187499994 0.7875 0.424600159375 0.7653645828125001 0.3846727546875 0.7484375 0.359375 0.7450941125 0.359375 1
1 0.8728760203124999 0.6559895828125001 0.7857616828125 0.6052083328125001 0.751278925 0.5947916671875 0.731315221875 0.6572916671875 0.6841282890625 0.7145833328125001 0.6296818281250001 0.7393229171875 0.5461972546875 0.7614583328125001 0.528048434375 0.7822916671875 0.5589014296875 0.8161458328125001 0.613347890625 0.8565104171875 0.644200884375 0.8669270828125001 0.6641645875 0.8669270828125001 0.8075402671875 0.834375 0.8783206671875 0.8096354171875 0.9291373640625 0.77578125 0.9363968921874999 0.7497395828125001 0.918248071875 0.7080729171875 0.8728760203124999 0.6559895828125001
1 1 0.3890625 0.7208148328125 0.3890625 0.73675986875 0.54921875 0.760353334375 0.5830729171875 0.8275039703125 0.63125 0.8783206671875 0.6494791671875 0.9291373640625 0.6572916671875 0.98539870625 0.6559895828125001 1 0.6520612078125 1 0.3890625
1 0.359375 0.3890625 0.359375 0.743152940625 0.3737834625 0.74453125 0.4500085078125 0.7809895828125001 0.5897544234375001 0.75625 0.6641645875 0.7315104171875 0.700462228125 0.7080729171875 0.7331301046875 0.66640625 0.7422045140625 0.6260416671875 0.7186110484375 0.47109375 0.71366375 0.3890625 0.359375 0.3890625