1 0.5 0.4709618875 0.482421875 0.441016334375 0.419921875 0.40834845781249995 0.353515625 0.3375680578125 0.330078125 0.3321234125 0.294921875 0.34845735 0.26953125 0.3729582578125 0.25 0.449183303125 0.25 0.48185117968749996 0.236328125 0.500907440625 0.224609375 0.5063520875 0.220703125 0.5172413796875001 0.212890625 0.5063520875 0.1953125 0.5308529953125001 0.19921875 0.558076225 0.21484375 0.558076225 0.2109375 0.607078040625 0.1953125 0.6778584390625 0.1953125 0.7050816703125 0.216796875 0.718693284375 0.240234375 0.745916515625 0.27734375 0.8139745921875001 0.314453125 0.8602540828125 0.330078125 0.8656987296875001 0.38671875 0.8629764062499999 0.404296875 0.8548094374999999 0.41796875 0.8194192375 0.41796875 0.797640653125 0.44921875 0.6397459171875 0.453125 0.58529945625 0.46484375 0.5417422875 0.45703125 0.519963703125 0.482421875 0.5226860249999999 0.49609375 0.4981851171875 0.5 0.4709618875
1 0.244140625 0.49001814843749997 0.2265625 0.519963703125 0.21875 0.5471869328125 0.21875 0.5689655171875 0.19921875 0.6506352093750001 0.19140625 0.710526315625 0.201171875 0.718693284375 0.216796875 0.718693284375 0.306640625 0.8548094374999999 0.330078125 0.8656987296875001 0.38671875 0.8629764062499999 0.404296875 0.8548094374999999 0.41796875 0.8194192375 0.42578125 0.754083484375 0.44921875 0.6397459171875 0.453125 0.5907441015625 0.443359375 0.5771324859375 0.400390625 0.54990925625 0.326171875 0.528130671875 0.255859375 0.484573503125 0.244140625 0.49001814843749997
1 0.591796875 0.26134301249999997 0.623046875 0.283121596875 0.740234375 0.31034482812499997 0.7578125 0.30762250468749996 0.76953125 0.291288565625 0.76953125 0.2640653359375 0.81640625 0.0517241375 0.8203125 0.0027223234375 0.583984375 0 0.55859375 0.073502721875 0.53515625 0.21506352031249998 0.556640625 0.23411978281249998 0.568359375 0.23411978281249998 0.591796875 0.26134301249999997
1 0.900390625 0.15245009062499998 0.90234375 0.138838475 0.845703125 0.09800362968750001 0.826171875 0.0871143375 0.810546875 0.0871143375 0.78125 0.204174228125 0.7734375 0.24773139687499998 0.7734375 0.2858439203125 0.755859375 0.31034482812499997 0.736328125 0.31034482812499997 0.73046875 0.334845734375 0.734375 0.35662431875 0.751953125 0.3865698734375 0.794921875 0.413793103125 0.8203125 0.41107077968750005 0.849609375 0.39201451875000004 0.875 0.35662431875 0.88671875 0.31306715 0.880859375 0.30490018124999996 0.857421875 0.2994555359375 0.806640625 0.27223230468750004 0.80078125 0.2640653359375 0.80078125 0.24773139687499998 0.853515625 0.1851179671875 0.900390625 0.15245009062499998
1 0.892578125 0.30490018124999996 0.943359375 0.34845735 0.9921875 0.37840290312499997 1 0.3675136109375 0.998046875 0.15245009062499998 0.927734375 0.136116153125 0.873046875 0.1687840296875 0.822265625 0.22867513593750002 0.810546875 0.23411978281249998 0.80078125 0.25317604375 0.806640625 0.266787659375 0.837890625 0.28856624375 0.892578125 0.30490018124999996
1 0.6654647437500001 1 0.6875 0.95009074375 0.73046875 0.8901996375 0.73046875 0.8684210531250001 0.716796875 0.8439201453124999 0.666015625 0.8003629765625 0.630859375 0.745916515625 0.572265625 0.6914700546875 0.548828125 0.675136115625 0.537109375 0.675136115625 0.51171875 0.710526315625 0.45703125 0.8248638843749999 0.4375 0.8793103453125 0.44921875 0.8956442828125001 0.458984375 0.936479128125 0.525390625 0.9528130671874999 0.54296875 0.9664246828125 0.54296875 1 0.6654647437500001 1
1 0.5427616000000001 1 0.54296875 0.999092559375 0.54296875 0.9718693281249999 0.533203125 0.9582577125 0.501953125 0.9473684203125 0.478515625 0.9473684203125 0.458984375 0.936479128125 0.4134114578125 1 0.5427616000000001 1
1 0.354296875 1 0.349609375 0.9963702359375001 0.330078125 0.9637023593749999 0.3203125 0.9718693281249999 0.312744140625 1 0.354296875 1
1 0.4147135421875 1 0.435546875 0.9745916515624999 0.453125 0.9392014515625 0.453125 0.9065335749999999 0.435546875 0.8765880218750001 0.416015625 0.8602540828125 0.396484375 0.8602540828125 0.380859375 0.8711433749999999 0.33203125 0.95009074375 0.33203125 0.9664246828125 0.349609375 0.9963702359375001 0.353515625 1 0.4147135421875 1
1 0.309765625 1 0.3125 0.9936479125 0.32421875 0.928312159375 0.302734375 0.9038112515625001 0.291015625 0.920145190625 0.197265625 0.9310344828125 0.169921875 0.941923775 0.16015625 0.9664246828125 0.1640625 0.9936479125 0.154296875 0.9963702359375001 0.15377604218750002 1 0.309765625 1
1 0.312049278125 1 0.3125 0.999092559375 0.32421875 0.928312159375 0.3125 0.911978221875 0.30859375 0.8629764062499999 0.26171875 0.797640653125 0.234375 0.7431941921874999 0.212890625 0.718693284375 0.189453125 0.718693284375 0.169921875 0.7350272234374999 0.12890625 0.7921960078125 0.11328125 0.8248638843749999 0.11328125 0.8738656984375 0.125 0.9010889296875 0.11328125 0.928312159375 0.11328125 0.95009074375 0.1454159984375 1 0.312049278125 1
1 0 0.864186328125 0.015625 0.8520871140624999 0.015625 0.8085299453125 0.00390625 0.75952813125 0 0.728221415625 0 0.864186328125
1 0 0.59183303125 0.005859375 0.593466425 0.013671875 0.6043557171875 0.033203125 0.5825771328125 0.048828125 0.5825771328125 0.0546875 0.60163339375 0.064453125 0.6152450093749999 0.0703125 0.6125226859375 0.0859375 0.5961887484374999 0.08984375 0.563520871875 0.1171875 0.5036297640625 0.1171875 0.449183303125 0.126953125 0.43012704218750003 0.13671875 0.42740471874999997 0.1328125 0.42196007187499995 0.13671875 0.3947368421875 0.109375 0.3511796734375 0.1015625 0.31851179687500003 0.072265625 0.28856624375 0.013671875 0.28856624375 0.009765625 0.2940108890625 0 0.294983146875 0 0.59183303125
1 0.322265625 0.005444646875 0.337890625 0.005444646875 0.345703125 0.021778584375 0.353515625 0.021778584375 0.359375 0.013611615625 0.35546875 0.0027223234375 0.119140625 0 0.12109375 0.0190562609375 0.171875 0.1279491828125 0.185546875 0.1415607984375 0.208984375 0.14700544531249998 0.240234375 0.20145190624999998 0.2578125 0.1987295828125 0.279296875 0.1905626140625 0.296875 0.16606170625 0.275390625 0.1633393828125 0.2421875 0.1279491828125 0.2421875 0.10617059843750001 0.2578125 0.057168784375000004 0.267578125 0.054446460937499996 0.287109375 0.0707804 0.30078125 0.0353902 0.322265625 0.005444646875
1 0.353515625 0.174228675 0.291015625 0.21234119843750002 0.2578125 0.24773139687499998 0.26953125 0.2858439203125 0.2890625 0.31306715 0.294921875 0.3430127046875 0.318359375 0.3321234125 0.349609375 0.3321234125 0.376953125 0.3593466421875 0.390625 0.35662431875 0.416015625 0.3430127046875 0.4296875 0.32395644218749997 0.431640625 0.31034482812499997 0.470703125 0.28856624375 0.49609375 0.2586206890625 0.4921875 0.2422867515625 0.439453125 0.1687840296875 0.404296875 0.13067150624999999 0.376953125 0.14700544531249998 0.353515625 0.174228675
1 0.26171875 0.274954628125 0.26171875 0.2640653359375 0.205078125 0.14700544531249998 0.173828125 0.1415607984375 0.119140625 0.179673321875 0.103515625 0.1851179671875 0.080078125 0.179673321875 0.0625 0.1987295828125 0.05859375 0.2803992734375 0.064453125 0.28856624375 0.083984375 0.2940108890625 0.10546875 0.32395644218749997 0.109375 0.3457350265625 0.1328125 0.37840290312499997 0.140625 0.405626134375 0.1484375 0.41107077968750005 0.16015625 0.38384755 0.185546875 0.353901996875 0.208984375 0.353901996875 0.2265625 0.3729582578125 0.232421875 0.39201451875000004 0.259765625 0.397459165625 0.26953125 0.3675136109375 0.28515625 0.3511796734375 0.28515625 0.3294010890625 0.26171875 0.274954628125
1 0.30859375 0.1279491828125 0.2890625 0.10072595312499999 0.28515625 0.073502721875 0.275390625 0.0598911078125 0.259765625 0.054446460937499996 0.24609375 0.0898366609375 0.2421875 0.1279491828125 0.275390625 0.1633393828125 0.29296875 0.16061705937499998 0.30859375 0.1279491828125
1 0.3671875 0.1116152453125 0.37109375 0.057168784375000004 0.341796875 0.021778584375 0.318359375 0.0108892921875 0.30078125 0.0353902 0.28515625 0.0898366609375 0.33984375 0.16606170625 0.359375 0.144283121875 0.3671875 0.1116152453125
1 0.53125 0.2205081671875 0.546875 0.144283121875 0.546875 0.12250453750000001 0.521484375 0.0871143375 0.505859375 0.07622504531249999 0.462890625 0.1034482765625 0.4296875 0.15517241406249999 0.494140625 0.24500907500000002 0.5 0.2422867515625 0.53125 0.2205081671875
1 0.576171875 0 0.421875 0.0027223234375 0.447265625 0.054446460937499996 0.486328125 0.07622504531249999 0.509765625 0.07622504531249999 0.533203125 0.1034482765625 0.55078125 0.10617059843750001 0.5703125 0.0408348453125 0.576171875 0
1 0.41796875 0.26950998125000003 0.42578125 0.30762250468749996 0.4453125 0.30762250468749996 0.49609375 0.2640653359375 0.49609375 0.24773139687499998 0.466796875 0.21234119843750002 0.41796875 0.26950998125000003
1 0.697265625 0.5553539015625 0.662109375 0.5825771328125 0.62109375 0.6343012703124999 0.62109375 0.6615245015625 0.6328125 0.7214156078125 0.65234375 0.77586206875 0.666015625 0.789473684375 0.703125 0.7921960078125 0.744140625 0.789473684375 0.806640625 0.7731397453125 0.826171875 0.762250453125 0.84375 0.7323049 0.8359375 0.6560798546875 0.82421875 0.6179673328125 0.8203125 0.579854809375 0.810546875 0.5553539015625 0.794921875 0.5444646093750001 0.697265625 0.5553539015625
1 0.80859375 0.48185117968749996 0.80859375 0.4600725953125 0.80078125 0.43829401093750003 0.787109375 0.41923775 0.771484375 0.413793103125 0.759765625 0.41923775 0.658203125 0.413793103125 0.650390625 0.41923775 0.64453125 0.4328493640625 0.6484375 0.536297640625 0.65625 0.5689655171875 0.662109375 0.5771324859375 0.671875 0.5744101640625 0.685546875 0.5607985484375 0.712890625 0.54990925625 0.748046875 0.54990925625 0.751953125 0.5444646093750001 0.810546875 0.54990925625 0.80859375 0.519963703125 0.78515625 0.5036297640625 0.791015625 0.49001814843749997 0.802734375 0.49001814843749997 0.80859375 0.48185117968749996
1 0.505859375 0.47912885625 0.484375 0.536297640625 0.466796875 0.54990925625 0.45703125 0.5744101640625 0.45703125 0.6125226859375 0.46484375 0.6343012703124999 0.501953125 0.6860254078125 0.51953125 0.6833030859375 0.537109375 0.6696914703125 0.548828125 0.6696914703125 0.57421875 0.6451905625000001 0.58203125 0.628856625 0.58203125 0.58529945625 0.5859375 0.579854809375 0.5859375 0.563520871875 0.5625 0.5090744109374999 0.533203125 0.4736842109375 0.505859375 0.47912885625
1 0.88671875 1 0.88671875 0.9065335749999999 0.861328125 0.8711433749999999 0.826171875 0.8711433749999999 0.759765625 0.8874773140625001 0.73828125 0.911978221875 0.73046875 0.9827586203124999 0.722222221875 1 0.88671875 1
1 0.806640625 1 0.787109375 0.9909255890625 0.7643229171875 1 0.806640625 1
1 0.9997111921874999 1 0.998046875 0.6914700546875 0.962890625 0.6969147 0.927734375 0.718693284375 0.91015625 0.7486388390625 0.90625 0.781306715625 0.89453125 0.797640653125 0.90234375 0.8248638843749999 0.8984375 0.8520871140624999 0.90234375 0.8956442828125001 0.920169890625 1 0.9997111921874999 1
1 0.861328125 0.43557168749999997 0.828125 0.47640653281249995 0.8203125 0.4981851171875 0.83203125 0.60163339375 0.84765625 0.6560798546875 0.84765625 0.6996370234375 0.859375 0.737749546875 0.873046875 0.7568058078125001 0.90625 0.754083484375 0.931640625 0.7132486390625 0.962890625 0.6969147 0.9765625 0.6615245015625 0.96875 0.607078040625 0.9453125 0.563520871875 0.9453125 0.536297640625 0.95703125 0.4981851171875 0.95703125 0.4709618875 0.931640625 0.43557168749999997 0.861328125 0.43557168749999997
1 0.888671875 0.588021778125 0.85546875 0.6343012703124999 0.84765625 0.6615245015625 0.84765625 0.6996370234375 0.859375 0.7431941921874999 0.869140625 0.7568058078125001 0.90625 0.754083484375 0.931640625 0.7132486390625 0.939453125 0.7132486390625 0.96875 0.68874773125 0.9765625 0.666969146875 0.9765625 0.6451905625000001 0.96875 0.6179673328125 0.955078125 0.6043557171875 0.939453125 0.6043557171875 0.908203125 0.588021778125 0.888671875 0.588021778125
1 0 0.16606170625 0.01171875 0.15517241406249999 0.01171875 0.0680580765625 0.00390625 0.029945553125000003 0 0.0257108296875 0 0.16606170625
1 0.064453125 0.1851179671875 0.0703125 0.18239564375 0.08203125 0.1715063515625 0.0703125 0.12250453750000001 0.0703125 0.0898366609375 0.041015625 0.07622504531249999 0.013671875 0.07622504531249999 0.01171875 0.15517241406249999 0.017578125 0.1633393828125 0.029296875 0.15245009062499998 0.044921875 0.15245009062499998 0.064453125 0.1851179671875
1 0.1117621515625 1 0.11328125 0.9555353906249999 0.10546875 0.928312159375 0.072265625 0.89836660625 0.037109375 0.9038112515625001 0.01171875 0.928312159375 0.0078125 0.9392014515625 0.01171875 0.9446460984374999 0.01171875 0.9773139750000001 0 0.9959813328125 0 1 0.1117621515625 1
1 0.8125 0.07894736875 0.880859375 0.1252268609375 0.90625 0.1279491828125 0.9375 0.0190562609375 0.9375 0.0027223234375 0.826171875 0 0.8125 0.07894736875
1 0.171875 0.666969146875 0.123046875 0.6152450093749999 0.115234375 0.6152450093749999 0.1015625 0.6343012703124999 0.0703125 0.7214156078125 0.07421875 0.7649727765625001 0.11328125 0.8139745921875001 0.17578125 0.7268602546875 0.171875 0.666969146875
1 0.208984375 0.39201451875000004 0.154296875 0.43012704218750003 0.12109375 0.49274047187500003 0.08984375 0.5689655171875 0.09375 0.58529945625 0.119140625 0.6152450093749999 0.173828125 0.6642468234375001 0.189453125 0.675136115625 0.1953125 0.67241379375 0.20703125 0.6179673328125 0.20703125 0.5961887484374999 0.18359375 0.5471869328125 0.1796875 0.5254083484375001 0.185546875 0.5117967328125 0.205078125 0.4954627953125 0.24609375 0.47640653281249995 0.2578125 0.41107077968750005 0.232421875 0.39201451875000004 0.208984375 0.39201451875000004