1 0 0.3644856765625 0.00039133437500000004 0.365234375 0.0303368875 0.3828125 0.0575601171875 0.37890625 0.082061025 0.365234375 0.07933870312499999 0.33984375 0.1011172875 0.34765625 0.14467445625 0.3359375 0.1991209171875 0.33203125 0.357015653125 0.30078125 0.3787942375 0.30078125 0.4141844375 0.287109375 0.42235140624999995 0.26953125 0.4250737296875 0.212890625 0.4196290828125 0.197265625 0.37334959218749997 0.16015625 0.305291515625 0.123046875 0.27806828437500003 0.099609375 0.26445667031250003 0.078125 0.2372334390625 0.078125 0.166453040625 0.09375 0.117451225 0.09765625 0.117451225 0.08203125 0.0902279953125 0.078125 0.0657270875 0.095703125 0.0766163796875 0.103515625 0.0657270875 0.107421875 0.060282440625 0.119140625 0.041226179687499996 0.1328125 0.008558303125 0.1328125 0 0.13500540625 0 0.3644856765625
1 0.4141844375 0.287109375 0.42235140624999995 0.26953125 0.4250737296875 0.212890625 0.4141844375 0.189453125 0.27806828437500003 0.099609375 0.27806828437500003 0.083984375 0.26990131562499997 0.07421875 0.21001020937499998 0.08203125 0.1283405171875 0.1015625 0.1065619328125 0.1015625 0.07933870312499999 0.109375 0.0493931484375 0.126953125 0.043948503124999996 0.138671875 0.087505671875 0.208984375 0.10928425625 0.283203125 0.1365074859375 0.326171875 0.1501191015625 0.3359375 0.1991209171875 0.33203125 0.313458484375 0.30859375 0.3787942375 0.30078125 0.4141844375 0.287109375
1 0.509375 0.39676649375 0.49585412812499996 0.341796875 0.4550192828125 0.33203125 0.43868534531250003 0.3203125 0.384238884375 0.33984375 0.26990131562499997 0.39453125 0.23451111562500002 0.419921875 0.23451111562500002 0.431640625 0.25084505468749996 0.455078125 0.305291515625 0.513671875 0.3597379765625 0.548828125 0.40329514531250005 0.599609375 0.42779605312499996 0.61328125 0.44957463750000004 0.61328125 0.509375 0.5703776046875 0.509375 0.39676649375
1 0.509375 0.2148998734375 0.430518375 0.263671875 0.4196290828125 0.279296875 0.4196290828125 0.298828125 0.43596302187499997 0.318359375 0.465908575 0.3359375 0.4985764515625 0.3359375 0.509375 0.33057391875 0.509375 0.2148998734375
1 0.509375 0.0495153359375 0.501298775 0.052734375 0.4904094828125 0.080078125 0.479520190625 0.173828125 0.46318625156250004 0.185546875 0.48768715937499996 0.20703125 0.509375 0.20314127656249997 0.509375 0.0495153359375
1 0.376071915625 0 0.3515710078125 0.01171875 0.2944022234375 0.052734375 0.27806828437500003 0.072265625 0.27806828437500003 0.095703125 0.3025691921875 0.1171875 0.357015653125 0.14453125 0.42235140624999995 0.19140625 0.471353221875 0.1953125 0.48768715937499996 0.20703125 0.509375 0.2034405046875 0.509375 0 0.47861275000000003 0 0.4604639296875 0.0078125 0.44231510937499996 0 0.376071915625 0
1 0.34813407500000004 0.6296875 0.348848684375 0.626953125 0.3515710078125 0.5859375 0.348848684375 0.548828125 0.33523706875000003 0.53515625 0.2807906078125 0.515625 0.2208995015625 0.50390625 0.1936762703125 0.50390625 0.14195213281250002 0.544921875 0.1147289015625 0.580078125 0.10919714062500001 0.6296875 0.34813407500000004 0.6296875
1 0 0.6296875 0.10928425625 0.6296875 0.10928425625 0.595703125 0.12017354843750001 0.568359375 0.13378516406250002 0.5546875 0.1365074859375 0.544921875 0.1283405171875 0.5390625 0.095672640625 0.53125 0 0.5276373609375 0 0.6296875
1 0.2290664703125 0.419921875 0.2426780859375 0.40234375 0.2454004078125 0.384765625 0.1936762703125 0.34765625 0.17189768593750002 0.33984375 0.13378516406250002 0.33984375 0.10928425625 0.349609375 0.095672640625 0.3671875 0.03850385625 0.388671875 0.0330592109375 0.416015625 0.0684494109375 0.4453125 0.12289587187499999 0.46875 0.139229809375 0.46875 0.14467445625 0.46484375 0.18823162499999999 0.46484375 0.20456556250000002 0.45703125 0.2290664703125 0.431640625 0.2290664703125 0.419921875
1 0.174620009375 0 0.174620009375 0.005859375 0.22634414687499999 0.0546875 0.2862352546875 0.05859375 0.3679049453125 0 0.174620009375 0
1 0.061643603125 0 0.052115471875 0.00390625 0 0.0315424375 0 0.135324096875 0.0357815328125 0.12890625 0.05483779531250001 0.087890625 0.0711717328125 0.068359375 0.08478334843749999 0.0625 0.1065619328125 0.06640625 0.1555637484375 0.08984375 0.1773423328125 0.08984375 0.23178879375 0.078125 0.23451111562500002 0.072265625 0.22362182343749998 0.056640625 0.174620009375 0.001953125 0.17231650468749998 0 0.061643603125 0
1 0.509375 0.6296875 0.5365680796875 0.6296875 0.53671875 0.6273803703125 0.51328125 0.6060180671875 0.5542968765625 0.61669921875 0.6089843765625 0.6038818359375 0.6265625 0.5675659171875 0.6363281234375 0.51416015625 0.63046875 0.3667602546875 0.61875 0.3154907234375 0.59140625 0.2727661140625 0.5796875 0.1958618171875 0.58359375 0.1574096671875 0.56015625 0.1488647453125 0.55625 0.0933227546875 0.5347656234375 0.10400390625 0.5269531234375 0.0869140625 0.509375 0.0869140625 0.509375 0.0975952140625 0.509375 0.6296875
1 0.995165440625 0.6296875 0.99375 0.6231079109375 0.9625 0.5504760734375 0.9625 0.4821166984375 0.946875 0.4479370109375 0.95078125 0.3881225578125 0.93125 0.3283081046875 0.9136718765625 0.30908203125 0.8746093765625 0.3048095703125 0.8472656234375 0.326171875 0.8199218765625 0.3218994140625 0.8003906234375 0.3304443359375 0.775 0.3753051765625 0.775 0.4821166984375 0.76328125 0.5034790046875 0.76328125 0.5761108390625 0.74765625 0.6017456046875 0.74765625 0.6188354484375 0.757578125 0.6296875 0.995165440625 0.6296875
1 0.7775468765625 0.6296875 0.7964843765625 0.6124267578125 0.8628906234375 0.6209716796875 0.9097656234375 0.608154296875 0.95078125 0.5632934578125 0.9605468765625 0.539794921875 0.9625 0.4863891609375 0.946875 0.4607543953125 0.95078125 0.3923950203125 0.92734375 0.3240356453125 0.9019531234375 0.3048095703125 0.8746093765625 0.3048095703125 0.8472656234375 0.326171875 0.7964843765625 0.334716796875 0.775 0.3795776359375 0.775 0.4821166984375 0.76328125 0.5034790046875 0.76328125 0.5761108390625 0.7515625 0.5889282234375 0.74765625 0.6188354484375 0.7660825906250001 0.6296875 0.7775468765625 0.6296875
1 1 0 0.8169389218750001 0 0.8277343765625 0.0185546875 0.9371093765625 0.1082763671875 0.9761718765625 0.095458984375 1 0.07917022812499999 1 0
1 0.9019531234375 0.2962646484375 0.9332031234375 0.249267578125 0.92734375 0.1744995109375 0.93515625 0.1146850578125 0.8238281234375 0.0185546875 0.7964843765625 0.0228271484375 0.6910156234375 0.095458984375 0.6207031234375 0.112548828125 0.60703125 0.1275024421875 0.59921875 0.2642211921875 0.6363281234375 0.3646240234375 0.7027343765625 0.351806640625 0.7691406234375 0.3603515625 0.8160156234375 0.317626953125 0.8394531234375 0.3218994140625 0.8785156234375 0.2962646484375 0.9019531234375 0.2962646484375
1 0.5267617984374999 0 0.52890625 0.016418457812500002 0.55234375 0.0634155265625 0.6050781234375 0.112548828125 0.6558593765625 0.1082763671875 0.7144531234375 0.0826416015625 0.8082031234375 0.010009765625 0.8082031234375 0 0.5267617984374999 0
1 0.509375 0 0.509375 0.0965271 0.5308593765625 0.0997314453125 0.5503906234375 0.0740966796875 0.5245828 0 0.509375 0
1 0.509375 0.2904663078125 0.5855468765625 0.2706298828125 0.5796875 0.2343139640625 0.5152343765625 0.163818359375 0.509375 0.1643524171875 0.509375 0.2904663078125
1 0.509375 0.2930603015625 0.5191406234375 0.2877197265625 0.5328125 0.2898559578125 0.525 0.2984008796875 0.5308593765625 0.3048095703125 0.5464843765625 0.283447265625 0.5855468765625 0.2706298828125 0.5796875 0.2343139640625 0.5152343765625 0.163818359375 0.509375 0.1643524171875 0.509375 0.2930603015625
1 0.509375 0.596333821875 0.5308593765625 0.61669921875 0.6089843765625 0.6038818359375 0.62265625 0.5803833015625 0.6363281234375 0.51416015625 0.634375 0.4094848640625 0.61875 0.3197631828125 0.5933593765625 0.2791748046875 0.5738281234375 0.27490234375 0.52109375 0.3240356453125 0.51328125 0.3539428703125 0.509375 0.3866984046875 0.509375 0.596333821875
1 0 1 0.509375 1 0.509375 0.6296875 0 0.6296875 0 1
1 0 0.7364583328125 0.010416667187500001 0.7390625 0.010416667187500001 0.7421875 0.05208333281250001 0.7421875 0.05208333281250001 0.7390625 0.0645833328125 0.7390625 0.06875 0.7328125 0.0770833328125 0.7328125 0.0770833328125 0.7296875 0.0895833328125 0.7234375 0.0895833328125 0.7171875 0.1145833328125 0.7015625 0.11875 0.6796875 0.12291666718750001 0.6796875 0.12291666718750001 0.6703125 0.11875 0.6703125 0.11875 0.6609375 0.11041666718750001 0.6578125 0.11041666718750001 0.6515625 0.10625 0.6515625 0.0979166671875 0.6421875 0.0895833328125 0.6421875 0.0895833328125 0.6390625 0.08125 0.6390625 0.08125 0.6359375 0.06875 0.6359375 0.06875 0.6328125 0.00625 0.6328125 0.00625 0.6359375 0 0.6368750000000001 0 0.7364583328125
1 0.884000290625 1 0.88631181875 0.723046875 0.87814485 0.71328125 0.7365840515625 0.68203125 0.6930268828124999 0.678125 0.6766929453125 0.68203125 0.6168018375 0.709375 0.5705223453125 0.746484375 0.5705223453125 0.758203125 0.586856284375 0.781640625 0.5759669921875 0.898828125 0.595023253125 0.91640625 0.6848599140625 0.933984375 0.6794152671875 0.937890625 0.6848599140625 0.941796875 0.6848599140625 0.973046875 0.6993091671875 1 0.884000290625 1
1 0.8844262531249999 1 0.88631181875 0.871484375 0.87814485 0.8578125 0.8454769734375001 0.85390625 0.8019198046875001 0.86171875 0.73113940625 0.896875 0.6848599140625 0.930078125 0.6848599140625 0.973046875 0.6993091671875 1 0.8844262531249999 1
1 0.7910305125 0.69375 0.8019198046875001 0.678125 0.804642128125 0.652734375 0.7910305125 0.6390625 0.725694759375 0.63125 0.6276911296875001 0.63125 0.5977455765624999 0.644921875 0.603190221875 0.680078125 0.5487437609375 0.730859375 0.5487437609375 0.738671875 0.5678000234375 0.74453125 0.622246484375 0.70546875 0.6875822375 0.678125 0.7148054671875 0.678125 0.7910305125 0.69375
1 0.509375 0.6296875 0.509375 0.727766328125 0.5296875 0.740625 0.5487437609375 0.730859375 0.6004679 0.68203125 0.603190221875 0.656640625 0.5977455765624999 0.648828125 0.5732011124999999 0.6296875 0.509375 0.6296875