1 0 0.4097157796875 0.03864564375 0.40625 0.044090290625 0.41015625 0.14481624375 0.412109375 0.1557055359375 0.333984375 0.17203947343749998 0.279296875 0.16931715 0.234375 0.1420939203125 0.21875 0.10942604375000001 0.21875 0.0713135203125 0.2265625 0.0114224140625 0.25390625 0 0.258244771875 0 0.4097157796875
1 0.5796875 0 0.43338248593750006 0 0.43338248593750006 0.037109375 0.43882713281249996 0.041015625 0.43882713281249996 0.076171875 0.449716425 0.095703125 0.449716425 0.119140625 0.46060571718750004 0.142578125 0.4959959171875 0.1796875 0.5123298546874999 0.18359375 0.5722209625 0.16796875 0.5796875 0.16796875 0.5796875 0
1 0.31378175937499997 0.509375 0.32448956406249996 0.486328125 0.321767240625 0.47265625 0.305433303125 0.45703125 0.24009755 0.43359375 0.182928765625 0.490234375 0.1786601625 0.509375 0.31378175937499997 0.509375
1 0.5796875 0.4973164859375 0.5776656078125 0.47265625 0.5694986390625 0.455078125 0.5558870234375 0.4453125 0.5341084390625 0.44140625 0.5014405625 0.44140625 0.48510662499999996 0.43359375 0.463328040625 0.43359375 0.42521551718749995 0.4453125 0.4088815796875 0.4453125 0.39526996406250003 0.458984375 0.4116039015625 0.498046875 0.40963021718750003 0.509375 0.577937840625 0.509375 0.5796875 0.5068644203125 0.5796875 0.4973164859375
1 0.5796875 0.17067089375 0.4905512703125 0.1875 0.4687726859375 0.203125 0.41432622500000005 0.21875 0.39799228750000004 0.21484375 0.3653244109375 0.21875 0.3108779484375 0.25 0.278210071875 0.26171875 0.24826451875000002 0.287109375 0.24826451875000002 0.314453125 0.2645984578125 0.341796875 0.27548775000000003 0.392578125 0.28909936406250003 0.41015625 0.29998865625 0.40234375 0.3326565328125 0.39453125 0.357157440625 0.376953125 0.3462681484375 0.361328125 0.357157440625 0.330078125 0.41977087187500006 0.30859375 0.5796875 0.30859375 0.5796875 0.17067089375
1 0.5796875 0.312090725 0.550442378125 0.30859375 0.4034369328125 0.3125 0.357157440625 0.333984375 0.3517127953125 0.361328125 0.3626020875 0.373046875 0.3680467328125 0.404296875 0.38438067187499997 0.431640625 0.4034369328125 0.4453125 0.463328040625 0.43359375 0.48510662499999996 0.43359375 0.506885209375 0.44140625 0.550442378125 0.44140625 0.5796875 0.43400089062499997 0.5796875 0.312090725
1 0 0 0 0.1705514609375 0.016867059375 0.15625 0.21831896562500003 0.0859375 0.23465290312499998 0.0859375 0.24009755 0.078125 0.210151996875 0.033203125 0.1638725046875 0 0 0
1 0.5796875 0.4403087796875 0.6239583328125 0.4671875 0.7072916671875 0.4671875 0.7541666671875 0.4515625 0.8088541671874999 0.410546875 0.821875 0.3265625 0.7802083328125 0.29140625 0.6708333328125 0.26015625 0.5796875 0.32112542187500004 0.5796875 0.4403087796875
1 1 0.28716517812500003 0.915625 0.29921875 0.8505208328125 0.344140625 0.8661458328125 0.437890625 0.8973958328125 0.480859375 0.9260416671874999 0.49453125 0.978125 0.490625 1 0.4814375 1 0.28716517812500003
1 1 0.2862132359375 0.93125 0.2953125 0.8505208328125 0.340234375 0.8661458328125 0.437890625 0.9208333328125 0.49453125 0.9625 0.49453125 1 0.479014009375 1 0.2862132359375
1 0.8348958328125 0.203515625 0.8947916671874999 0.2484375 0.93125 0.25234375 0.9677083328125 0.15859375 0.9052083328125 0.10390625 0.8817708328125 0.144921875 0.8348958328125 0.183984375 0.8348958328125 0.203515625
1 0.8375 0.084375 0.7645833328125 0.08046875 0.6317708328125 0.172265625 0.6109375 0.207421875 0.6708333328125 0.240625 0.8348958328125 0.117578125 0.8375 0.084375
1 1 0.17235576875 0.9677083328125 0.17421875 0.9494791671874999 0.203515625 0.9494791671874999 0.254296875 0.99375 0.2796875 1 0.28076923125 1 0.17235576875
1 1 0.09453125 0.9729166671874999 0.07265625 0.9208333328125 0.05703125 0.8973958328125 0.066796875 0.9078125 0.094140625 0.9833333328125 0.16640625 1 0.16640625 1 0.09453125
1 0.8166666671874999 0.1859375 0.8479166671874999 0.17421875 0.8973958328125 0.129296875 0.9 0.09609375 0.8895833328125 0.08046875 0.8635416671874999 0.0765625 0.7723958328125 0.176171875 0.8166666671874999 0.1859375
0 0.539725378125 1 0.5536458328125 0.980859375 0.5276041671875 0.965234375 0.5067708328125 0.922265625 0.5015625 0.816796875 0.3947916671875 0.7875 0.22552083281250002 0.937890625 0.1816789203125 1 0.539725378125 1
0 0.5451121796875 1 0.5588541671875 0.980859375 0.5276041671875 0.965234375 0.5067708328125 0.922265625 0.49635416718750003 0.808984375 0.41041666718750003 0.7875 0.384375 0.79140625 0.22552083281250002 0.937890625 0.18411458281249998 1 0.5451121796875 1
0 0 0.7899527609375 0.0354166671875 0.79921875 0.0848958328125 0.797265625 0.134375 0.69765625 0.103125 0.6546875 0 0.630517578125 0 0.7899527609375
0 0.23854166718749997 0.68203125 0.1526041671875 0.734765625 0.1213541671875 0.781640625 0.1708333328125 0.834375 0.23333333281250002 0.85 0.3244791671875 0.793359375 0.3375 0.76015625 0.2776041671875 0.695703125 0.23854166718749997 0.68203125
0 0.49375 0.6546875 0.3270833328125 0.584375 0.2828125 0.613671875 0.2958333328125 0.64296875 0.4625 0.68984375 0.49635416718750003 0.680078125 0.49375 0.6546875
0 0.1025406515625 0.509375 0.0744791671875 0.527734375 0.0640625 0.570703125 0.196875 0.6625 0.21770833281250002 0.6625 0.30625 0.58046875 0.3661458328125 0.555078125 0.3895833328125 0.51796875 0.381398809375 0.509375 0.1025406515625 0.509375
0 0.2365607921875 0.509375 0.3114583328125 0.5765625 0.3713541671875 0.551171875 0.3895833328125 0.5140625 0.3858333328125 0.509375 0.2365607921875 0.509375
0 0.571875 0.73671875 0.5510416671875 0.709375 0.5041666671875 0.69375 0.30625 0.6546875 0.2776041671875 0.672265625 0.30625 0.70546875 0.525 0.771875 0.55625 0.771875 0.5744791671875 0.758203125 0.571875 0.73671875
0 0.5796875 0.7703404015624999 0.5197916671875 0.79921875 0.5015625 0.816796875 0.5015625 0.875390625 0.5276041671875 0.957421875 0.55625 0.97109375 0.5770833328125 0.93984375 0.5796875 0.9392968749999999 0.5796875 0.7703404015624999
0 0.5796875 0.509375 0.474791665625 0.509375 0.47552083281249996 0.512109375 0.49895833281249996 0.5296875 0.540625 0.53359375 0.5796875 0.57021484375 0.5796875 0.509375
0 0.7859375 0.75625 0.8317708328125001 0.79375 0.9109375 0.81875 0.9942708328125001 0.71875 0.9942708328125001 0.690625 0.9651041671874999 0.653125 0.8859375 0.609375 0.8151041671874999 0.684375 0.7859375 0.75 0.7859375 0.75625
0 0.8403074187499999 1 0.8984375 0.91875 0.8859375 0.825 0.8526041671875 0.825 0.8026041671874999 0.796875 0.6692708328125 0.815625 0.6109375 0.803125 0.5901041671875 0.8125 0.5817708328125 0.846875 0.5817708328125 0.853125 0.6192708328125 0.8875 0.6109375 0.946875 0.6959375 1 0.8403074187499999 1
0 1 0.7518956796875 0.9942708328125001 0.75 0.9067708328125 0.8375 0.9067708328125 0.85625 0.9234375 0.940625 1 0.959765625 1 0.7518956796875
0 0.6651041671875 0.69375 0.6234375 0.696875 0.6192708328125 0.7 0.6359375 0.71875 0.6651041671875 0.7125 0.6651041671875 0.69375
0 0.6442708328125 0.66875 0.6442708328125 0.684375 0.6734375 0.6875 0.6859375 0.64375 0.6567708328124999 0.6375 0.6442708328125 0.653125 0.6442708328125 0.66875