1 0 0.32535447031250003 0.002734375 0.32916572187500004 0.018359375 0.3400550140625 0.057421875 0.3400550140625 0.061328125 0.3346103671875 0.096484375 0.3346103671875 0.116015625 0.323721075 0.139453125 0.323721075 0.162890625 0.3128317828125 0.2 0.2774415828125 0.20390625 0.26110764531249997 0.18828125 0.2012165375 0.18828125 0.1685486609375 0.2 0.14677007656250002 0.19609375 0.07054503125 0.190234375 0.0623780625 0.131640625 0.0623780625 0.127734375 0.067822709375 0.073046875 0.0732673546875 0.057421875 0.067822709375 0.033984375 0.046044125000000005 0 0.0481036203125 0 0.32535447031250003
1 0 0.51875 0.027657064062499997 0.51875 0.01640625 0.49522742812500004 0.01640625 0.451670259375 0.028125 0.4353363203125 0.03203125 0.40266844375 0 0.3580223453125 0 0.51875
1 0.2818623859375 0 0.278125 0.005209278124999999 0.278125 0.016098570312499998 0.29375 0.0433218015625 0.28984375 0.059655739062500004 0.241015625 0.127713815625 0.201953125 0.1494924 0.18828125 0.179437953125 0.2078125 0.2828862296875 0.2234375 0.3046648140625 0.2390625 0.359111275 0.23515625 0.37544521249999996 0.2390625 0.40811308906250005 0.2703125 0.4625595515625 0.28203125 0.49522742812500004 0.3019758734375 0.51875 0.345517984375 0.51875 0.362109375 0.5088390421875 0.412890625 0.49794974999999997 0.41875 0.49341254531249995 0.41875 0.4571149046875 0.41484375 0.44078096718750004 0.397265625 0.416280059375 0.381640625 0.4271693515625 0.350390625 0.416280059375 0.32890625 0.353666628125 0.32890625 0.1739933078125 0.32109375 0.1304361390625 0.32890625 0.1032129078125 0.350390625 0.0787120015625 0.393359375 0.08415664687499999 0.403125 0.075989678125 0.41875 0.021543217187499998 0.415315303125 0 0.2818623859375 0
1 0.41875 0.0993238765625 0.393359375 0.08415664687499999 0.340625 0.0868789703125 0.32109375 0.135880784375 0.3328125 0.1903272453125 0.32890625 0.222995121875 0.3328125 0.3700005671875 0.354296875 0.416280059375 0.381640625 0.4217247046875 0.393359375 0.4108354125 0.41875 0.40641163750000003 0.41875 0.0993238765625
1 0 0 0 0.0440931265625 0.030078125 0.040599478125 0.061328125 0.067822709375 0.119921875 0.067822709375 0.166796875 0.0569334171875 0.198046875 0.0623780625 0.225390625 0.0514887703125 0.23515625 0.021543217187499998 0.248828125 0.00248695625 0.268359375 0.00248695625 0.2701436359375 0 0 0
1 0.4407670453125 0 0.41875 0.0322916671875 0.41875 0.2392857140625 0.4890625 0.23125 0.5484375 0.1979166671875 0.5359375 0.16875 0.5198295453125 0 0.4407670453125 0
1 0.52431640625 0 0.5234375 0.00625 0.5453125 0.0770833328125 0.5453125 0.14375 0.5609375 0.1854166671875 0.6234375 0.1895833328125 0.6296875 0.1895833328125 0.6609375 0.1770833328125 0.6890625 0.1354166671875 0.7140625 0.0479166671875 0.6916015625 0 0.52431640625 0
1 0.41875 0.51875 0.5060267859375001 0.51875 0.4859375 0.48125 0.5328125 0.41041666718750003 0.5859375 0.40208333281249997 0.6046875 0.38125 0.6203125 0.35208333281250004 0.6140625 0.2770833328125 0.5734375 0.23958333281250002 0.4828125 0.23958333281250002 0.41875 0.25833333281250004 0.41875 0.51875
1 1 0.51875 1 0.5076388890625 0.9984375 0.49791666718750005 0.9515625 0.3854166671875 0.9203125 0.34375 0.9015625 0.3395833328125 0.8171875 0.36875 0.7734375 0.4895833328125 0.7328125 0.50625 0.7265625 0.51875 1 0.51875
1 1 0.1234601453125 0.9515625 0.20208333281250002 0.9203125 0.33125 0.9515625 0.36875 1 0.4865196078125 1 0.1234601453125
1 1 0 0.8190625 0 0.8171875 0.00625 0.8109375 0.0979166671875 0.8234375 0.14791666718750002 0.8578125 0.18125 0.9203125 0.1979166671875 0.9421875 0.1979166671875 1 0.0940217390625 1 0
1 0.8463541656250001 0.3395833328125 0.9078125 0.3229166671875 0.9265625 0.2854166671875 0.9296875 0.21875 0.8203125 0.16458333281249998 0.7953125 0.1854166671875 0.7859375 0.2270833328125 0.8078125 0.31875 0.8296875 0.3395833328125 0.8463541656250001 0.3395833328125
1 0.7984375 0.15625 0.7984375 0.0354166671875 0.7171875 0.0645833328125 0.7046875 0.1145833328125 0.6640625 0.1854166671875 0.6921875 0.20208333281250002 0.7078125 0.20208333281250002 0.7640625 0.19375 0.7984375 0.15625
1 0.7421875 0.2104166671875 0.6953125 0.21458333281250003 0.6140625 0.2604166671875 0.6296875 0.3020833328125 0.6234375 0.34375 0.6671875 0.3895833328125 0.6734375 0.4479166671875 0.7390625 0.48125 0.7515625 0.48125 0.7828125 0.45625 0.8078125 0.3729166671875 0.8078125 0.3395833328125 0.7640625 0.2270833328125 0.7421875 0.2104166671875
1 0 1 0.2241807609375 1 0.217832025 0.9841634296875 0.03975585625 0.653509284375 0 0.619862159375 0 1
1 0.41875 0.51875 0 0.51875 0 0.5942283921875 0.02231086875 0.6082788875 0.10986500937499999 0.776575940625 0.20929115 1 0.407268209375 1 0.41875 0.9688140125 0.41875 0.51875
1 0.6165564906250001 0.51875 0.584375 0.5453125 0.509375 0.6703125 0.484375 0.7994791671874999 0.484375 0.8619791671874999 0.521875 0.9369791671875 0.605377603125 1 0.7953515624999999 1 0.825 0.8203125 0.875 0.6828125 0.93125 0.5786458328124999 0.9421177968750001 0.563924725 0.943098978125 0.5541176578125 0.9622315374999999 0.5318883171875 0.9658685765625 0.51875 0.6165564906250001 0.51875
1 1 1 1 0.51875 0.96976273125 0.51875 0.965625 0.5244791671875 0.884375 0.6744791671875 0.828125 0.8453125 0.80439453125 1 1 1
1 0.8590862765625001 0.51875 0.8625 0.5536458328125 0.884375 0.5786458328124999 0.9125 0.5828125 0.940625 0.5703125 0.965625 0.5286458328125 0.9663671875000001 0.51875 0.8590862765625001 0.51875