1 0.3317685078125 0.5390625 0.3015625 0.4653839609375 0.2859375 0.40004820781249995 0.2703125 0.36738033125 0.2703125 0.345601746875 0.2625 0.31837851562499997 0.24296875 0.274821346875 0.22734375 0.22037488593750001 0.217578125 0.20676327187500002 0.19609375 0.19859630156250002 0.151171875 0.22309720937500002 0.02421875 0.3347124546875 0.0203125 0.3564910390625 0.0359375 0.45449466875000005 0.0359375 0.4871625453125 0.04375 0.5143857765625001 0.0451118671875 0.5390625 0.3317685078125 0.5390625
1 0.1271526421875 0.5390625 0.121875 0.31837851562499997 0.1140625 0.30204457812499996 0.11015625 0.28026599375 0.1140625 0.274821346875 0.108203125 0.26665437812500004 0.10234375 0.26937670156250004 0.030078125 0.3265454859375 0.02421875 0.3401571 0.02421875 0.389158915625 0.03984375 0.45993931562499996 0.0359375 0.476273253125 0.04765625 0.5361643609375 0.04765625 0.5390625 0.1271526421875 0.5390625
1 0.409375 0.05602396093749999 0.26640625 0.057035503125 0.123828125 0.059757826562500005 0.1140625 0.084258734375 0.10625 0.1387051953125 0.121875 0.19859630156250002 0.135546875 0.2176525640625 0.166796875 0.20676327187500002 0.182421875 0.19042933281250002 0.217578125 0.1958739796875 0.23515625 0.22581953281249997 0.280078125 0.3646580078125 0.362109375 0.33199013125 0.409375 0.3037557515625 0.409375 0.05602396093749999
1 0.409375 0.05600995156250001 0.2703125 0.057035503125 0.123828125 0.059757826562500005 0.1140625 0.084258734375 0.10625 0.144149840625 0.121875 0.2040409484375 0.139453125 0.22309720937500002 0.147265625 0.21220791718749998 0.170703125 0.20676327187500002 0.186328125 0.19042933281250002 0.217578125 0.1958739796875 0.2390625 0.236708825 0.2703125 0.3292678078125 0.2703125 0.345601746875 0.280078125 0.3646580078125 0.362109375 0.33199013125 0.409375 0.30665158593749997 0.409375 0.05600995156250001
1 0.409375 0.0551732765625 0.3171875 0.057035503125 0.283984375 0.059757826562500005 0.27421875 0.0679247953125 0.27421875 0.07881408749999999 0.307421875 0.135982871875 0.338671875 0.1740953953125 0.373828125 0.201318625 0.393359375 0.201318625 0.405078125 0.19042933281250002 0.409375 0.1851448234375 0.409375 0.0551732765625
1 0 0.15776145625 0.030078125 0.15776145625 0.080859375 0.1305382265625 0.10234375 0.1114819640625 0.11015625 0.084258734375 0.11015625 0.06248015 0.104296875 0.054313181249999995 0 0.055251065625 0 0.15776145625
0 0.409375 0.5390625 1 0.5390625 1 0 0.409375 0 0.409375 0.5390625
0 0.58046875 0.3630208328125 0.56484375 0.40989583281249997 0.56484375 0.4671875 0.601953125 0.490625 0.65859375 0.42552083281249997 0.6390625 0.3526041671875 0.629296875 0.3395833328125 0.6078125 0.3421875 0.594140625 0.3447916671875 0.58046875 0.3630208328125
0 0.409375 0.4451041671875 0.414453125 0.44375 0.457421875 0.3916666671875 0.50234375 0.3317708328125 0.521875 0.2848958328125 0.521875 0.2328125 0.512109375 0.21458333281250003 0.480859375 0.1989583328125 0.44375 0.2015625 0.409375 0.227468296875 0.409375 0.4451041671875
0 0.453515625 0.45416666718750004 0.465234375 0.45416666718750004 0.48671875 0.4203125 0.4828125 0.3942708328125 0.4671875 0.3838541671875 0.44765625 0.4046875 0.453515625 0.45416666718750004
0 0.691796875 0.2927083328125 0.65078125 0.3213541671875 0.64296875 0.3682291671875 0.668359375 0.42291666718750004 0.703515625 0.43854166718750004 0.746484375 0.490625 0.773828125 0.490625 0.82265625 0.43072916718750004 0.83828125 0.3473958328125 0.83046875 0.2588541671875 0.81484375 0.1963541671875 0.773828125 0.1625 0.7484375 0.1651041671875 0.725 0.1859375 0.72890625 0.22239583281250003 0.72109375 0.2484375 0.691796875 0.2927083328125
0 0.91844429375 0.5390625 0.9515625 0.4984375 0.94765625 0.4828125 0.96328125 0.4671875 0.95546875 0.4046875 0.93984375 0.3734375 0.902734375 0.3291666671875 0.8890625 0.3265625 0.83828125 0.3682291671875 0.8265625 0.42552083281249997 0.80703125 0.46197916718750004 0.8109375 0.48802083281249997 0.8518588359375 0.5390625 0.91844429375 0.5390625
0 1 0 0.8808238640624999 0 0.865625 0.0557291671875 0.86953125 0.1390625 0.914453125 0.20416666718749998 0.965234375 0.1885416671875 1 0.1598462296875 1 0
0 1 0.5390625 1 0.47130456406250004 0.9828125 0.47239583281249997 0.969140625 0.475 0.9515625 0.5088541671875 0.9546241546874998 0.5390625 1 0.5390625
0 1 0.30507330312500003 0.98671875 0.3057291671875 0.95546875 0.3317708328125 0.94765625 0.3838541671875 0.969140625 0.46979166718750004 1 0.46979166718750004 1 0.30507330312500003
0 1 0.1720982140625 0.990625 0.1703125 0.96328125 0.1963541671875 0.96328125 0.2744791671875 0.980859375 0.303125 1 0.303125 1 0.1720982140625
0 0.922265625 0.3239583328125 0.96328125 0.3005208328125 0.9671875 0.2171875 0.957421875 0.1989583328125 0.93984375 0.2015625 0.9125 0.2171875 0.9125 0.23802083281250003 0.902734375 0.25625 0.834375 0.2744791671875 0.834375 0.3161458328125 0.848046875 0.35 0.891015625 0.31875 0.922265625 0.3239583328125
0 0.902734375 0.25625 0.9125 0.2328125 0.9125 0.20677083281250003 0.86953125 0.1390625 0.8578125 0.1338541671875 0.82265625 0.1703125 0.82265625 0.23802083281250003 0.840234375 0.2666666671875 0.902734375 0.25625
0 0.7590060765625 0 0.75625 0.0661458328125 0.785546875 0.0895833328125 0.855859375 0.0791666671875 0.87734375 0.0296875 0.87734375 0 0.7590060765625 0
0 0.8578125 0.0817708328125 0.84609375 0.0921875 0.84609375 0.1078125 0.863671875 0.1260416671875 0.865625 0.0869791671875 0.8578125 0.0817708328125
0 0.824609375 0.084375 0.7953125 0.0869791671875 0.78359375 0.0973958328125 0.77578125 0.1598958328125 0.816796875 0.1885416671875 0.85390625 0.1338541671875 0.85390625 0.11822916718750001 0.824609375 0.084375
0 0.730859375 0.1677083328125 0.769921875 0.1572916671875 0.78359375 0.11822916718750001 0.78359375 0.0973958328125 0.7484375 0.0713541671875 0.709375 0.1390625 0.730859375 0.1677083328125
0 0.5806361609375 0 0.584375 0.0348958328125 0.629296875 0.11041666718750001 0.664453125 0.1364583328125 0.699609375 0.1416666671875 0.75234375 0.0609375 0.7571546046875 0 0.5806361609375 0
0 0.8469374999999999 0.5390625 0.820703125 0.5010416671875 0.7953125 0.4984375 0.7796875 0.5140625 0.7752757359375 0.5390625 0.8469374999999999 0.5390625
0 0.7771484375 0.5390625 0.7796875 0.4984375 0.773828125 0.490625 0.740625 0.49322916718750004 0.7298828125 0.5390625 0.7771484375 0.5390625
0 0.7298828125 0.5390625 0.740625 0.49322916718750004 0.699609375 0.43854166718750004 0.680078125 0.428125 0.65859375 0.43072916718750004 0.615625 0.47760416718750004 0.61171875 0.4984375 0.6438344593750001 0.5390625 0.7298828125 0.5390625
0 0.51796875 0.3057291671875 0.4828125 0.3734375 0.4828125 0.40989583281249997 0.492578125 0.42291666718750004 0.523828125 0.43333333281249997 0.555078125 0.46458333281249997 0.56484375 0.44114583281249997 0.56875 0.3890625 0.58828125 0.3473958328125 0.551171875 0.303125 0.51796875 0.3057291671875
0 0.676171875 0.3083333328125 0.725 0.23802083281250003 0.725 0.2015625 0.715234375 0.1885416671875 0.6859375 0.1807291671875 0.62734375 0.23802083281250003 0.62734375 0.2744791671875 0.652734375 0.3135416671875 0.676171875 0.3083333328125
0 0.5296875 0.21197916718749998 0.521875 0.22239583281250003 0.527734375 0.2875 0.543359375 0.2927083328125 0.590234375 0.3395833328125 0.633203125 0.334375 0.646875 0.3213541671875 0.62734375 0.2796875 0.6234375 0.23802083281250003 0.601953125 0.21458333281250003 0.5296875 0.21197916718749998
0 0.641015625 0.115625 0.61953125 0.1130208328125 0.60390625 0.1390625 0.58828125 0.1963541671875 0.629296875 0.23541666718749998 0.691796875 0.178125 0.69765625 0.1546875 0.641015625 0.115625
0 0.409375 0.5390625 0.48806818124999996 0.5390625 0.490625 0.5296875 0.465234375 0.46458333281249997 0.428125 0.45677083281249997 0.409375 0.47239583281249997 0.409375 0.5390625
0 0.500390625 0.5166666671875 0.5453125 0.47239583281249997 0.523828125 0.43333333281249997 0.508203125 0.42291666718750004 0.4828125 0.42552083281249997 0.4671875 0.4515625 0.4671875 0.4671875 0.488671875 0.5166666671875 0.500390625 0.5166666671875
0 0.58828125 0.1911458328125 0.6 0.1598958328125 0.6078125 0.1234375 0.60390625 0.0973958328125 0.61171875 0.0921875 0.58828125 0.0557291671875 0.58046875 0.0140625 0.574609375 0.00625 0.54921875 0.008854167187500001 0.51796875 0.0401041671875 0.4984375 0.0921875 0.51015625 0.1807291671875 0.535546875 0.209375 0.570703125 0.209375 0.58828125 0.1911458328125
0 0.409375 0.1938125 0.414453125 0.1989583328125 0.504296875 0.20416666718749998 0.51015625 0.1807291671875 0.49453125 0.0765625 0.469140625 0.0479166671875 0.430078125 0.0322916671875 0.409375 0.0348011359375 0.409375 0.1938125
0 0.4303385421875 0 0.428125 0.008854167187500001 0.441796875 0.0375 0.484765625 0.0635416671875 0.500390625 0.0635416671875 0.521875 0.0296875 0.521875 0 0.4303385421875 0
1 0.409375 0.5390625 0.409375 0.703400734375 0.412109375 0.7083333328125 0.474609375 0.75 0.544921875 0.7552083328125001 0.587890625 0.7447916671874999 0.62109375 0.7005208328125 0.62109375 0.5390625 0.409375 0.5390625
1 0.799560546875 0.5390625 0.75390625 0.5963541671875 0.763671875 0.6197916671875 0.822265625 0.6145833328125 0.8515625 0.5911458328125 0.8543526781249999 0.5390625 0.799560546875 0.5390625
1 0.7337239578125001 0.5390625 0.7109375 0.5755208328125 0.720703125 0.609375 0.744140625 0.6041666671875 0.79296875 0.5390625 0.7337239578125001 0.5390625
1 0.7337239578125001 0.5390625 0.7109375 0.5755208328125 0.720703125 0.609375 0.744140625 0.6041666671875 0.79296875 0.5390625 0.7337239578125001 0.5390625
1 0.939453125 0.7760416671874999 0.95703125 0.7526041671874999 0.96875 0.6848958328125 0.951171875 0.6510416671875 0.92578125 0.6484375 0.90234375 0.6692708328125 0.8984375 0.6953125 0.90625 0.7578125 0.939453125 0.7760416671874999
1 0.91796875 0.6432291671875 0.8515625 0.6171875 0.78125 0.6901041671875 0.77734375 0.7057291671875 0.794921875 0.734375 0.818359375 0.7447916671874999 0.861328125 0.7239583328125 0.91796875 0.6432291671875
1 0.712890625 0.65625 0.6953125 0.6588541671875 0.6796875 0.7161458328125 0.6953125 0.7838541671874999 0.716796875 0.7916666671874999 0.73828125 0.7630208328125001 0.7265625 0.6744791671875 0.712890625 0.65625
1 0.71875 0.7890625 0.69921875 0.8151041671874999 0.712890625 0.8645833328125001 0.75 0.8098958328125001 0.736328125 0.7864583328125001 0.71875 0.7890625
1 0.642578125 0.7239583328125 0.666015625 0.71875 0.69140625 0.6588541671875 0.69140625 0.6328125 0.67578125 0.6276041671875 0.638671875 0.6354166671875 0.62890625 0.6536458328125 0.62890625 0.7005208328125 0.642578125 0.7239583328125
1 0.685546875 0.9322916671874999 0.703125 0.8880208328125001 0.6953125 0.7578125 0.685546875 0.7291666671875 0.6640625 0.7265625 0.63671875 0.7838541671874999 0.63671875 0.9036458328125001 0.662109375 0.9375 0.685546875 0.9322916671874999
1 0.5 0.7890625 0.529296875 0.875 0.568359375 0.875 0.5859375 0.8932291671874999 0.595703125 0.9739583328125001 0.62890625 0.9348958328125001 0.62890625 0.7578125 0.61328125 0.7526041671874999 0.517578125 0.765625 0.5 0.7890625
1 0.7251674109375 1 0.716796875 0.984375 0.6953125 0.9817708328125001 0.68505859375 1 0.7251674109375 1
1 0.6580332875 1 0.66796875 0.9921875 0.671875 0.9609375 0.658203125 0.9427083328125001 0.6328125 0.9453125 0.58837890625 1 0.6580332875 1
1 1 1 1 0.9539930546875001 0.84375 0.9401041671874999 0.828125 0.9557291671874999 0.8248046875 1 1 1
1 1 0.5390625 0.9694393390624999 0.5390625 0.96484375 0.5651041671875 0.998046875 0.578125 1 0.576322115625 1 0.5390625
1 0.8671875 0.5546875 0.8515625 0.5911458328125 0.865234375 0.625 0.953125 0.6223958328125 0.951171875 0.5625 0.8671875 0.5546875
1 1 0.6779513890625 0.9921875 0.6744791671875 0.97265625 0.6901041671875 0.9765625 0.7526041671874999 1 0.7801776968749999 1 0.6779513890625
1 0.810546875 0.75 0.7890625 0.7473958328125001 0.7734375 0.7630208328125001 0.7734375 0.7942708328125001 0.822265625 0.8645833328125001 0.845703125 0.8697916671874999 0.8515625 0.8151041671874999 0.810546875 0.75
1 1 0.8070549234375001 0.994140625 0.8020833328125001 0.95703125 0.8046875 0.873046875 0.8177083328125001 0.85546875 0.8463541671874999 0.859375 0.8776041671874999 0.876953125 0.8958333328125001 1 0.8958333328125001 1 0.8070549234375001
1 0.681640625 0.9791666671874999 0.701171875 0.9739583328125001 0.76171875 0.9036458328125001 0.7578125 0.8671875 0.73046875 0.8619791671874999 0.67578125 0.9453125 0.681640625 0.9791666671874999
1 0.582763671875 1 0.58984375 0.9244791671874999 0.576171875 0.8802083328125001 0.55078125 0.8776041671874999 0.51953125 0.9140625 0.5328311015625 1 0.582763671875 1