1 0.5796875 0 0.3122760421875 0 0.29765625 0.0318398359375 0.28984375 0.053618420312500005 0.29375 0.0753970046875 0.451953125 0.25779264999999996 0.526171875 0.323128403125 0.549609375 0.339462340625 0.561328125 0.339462340625 0.5796875 0.309485675 0.5796875 0
1 0 0.45 0.2903636796875 0.45 0.29375 0.4075204171875 0.3015625 0.374852540625 0.29765625 0.33674001875 0.276171875 0.30134981875 0.2625 0.29318285 0.23515625 0.2387363890625 0.155078125 0.12712114375 0.123828125 0.09989791249999999 0.10234375 0.09173094375 0.092578125 0.0890086203125 0.073046875 0.09989791249999999 0.00859375 0.17884528125000002 0.0125 0.21151315781250002 0.028125 0.24962568125 0.04765625 0.3258507265625 0.04765625 0.35307395625 0.018359375 0.383019509375 0.002734375 0.383019509375 0 0.3849251359375 0 0.45
1 0.041648356250000004 0 0.03984375 0.0100612515625 0.03984375 0.086286296875 0.049609375 0.1107872046875 0.065234375 0.105342559375 0.080859375 0.0890086203125 0.108203125 0.0890086203125 0.147265625 0.1162318515625 0.23125 0.22240245 0.248828125 0.25779264999999996 0.276171875 0.28501587968750003 0.291796875 0.28501587968750003 0.350390625 0.2469033578125 0.36796875 0.21695780468749998 0.36796875 0.19517922031249998 0.35234375 0.157066696875 0.307421875 0.105342559375 0.2859375 0.069952359375 0.2859375 0.053618420312500005 0.3083774140625 0 0.041648356250000004 0
1 0.766453334375 0.45 0.725 0.3825913109375 0.699609375 0.385313634375 0.656640625 0.4179815109375 0.646875 0.43159312656250004 0.652534703125 0.45 0.766453334375 0.45
1 0.5796875 0.45 0.6516095703125 0.45 0.63125 0.36081272656249996 0.609765625 0.35809040312499996 0.5796875 0.3664751578125 0.5796875 0.45
1 1 0.45 1 0.42941526874999997 0.9984375 0.420703834375 0.96328125 0.35536808125 0.94765625 0.306366265625 0.937890625 0.29275465 0.88125 0.28458768125 0.867578125 0.2818653578125 0.840234375 0.298199296875 0.81484375 0.32814485000000004 0.81484375 0.3662573734375 0.834375 0.41525918749999996 0.8316055859375 0.45 1 0.45
1 0.738671875 0.036856284375 0.72890625 0.0178000234375 0.723046875 0.0150777 0.69765625 0.050467899999999996 0.72890625 0.072246484375 0.740625 0.132137590625 0.746484375 0.140304559375 0.762109375 0.1348599140625 0.808984375 0.1566384984375 0.855859375 0.1947510203125 0.865625 0.224696575 0.871484375 0.227418896875 0.90859375 0.132137590625 0.9125 0.0613571921875 0.863671875 0.0640795140625 0.805078125 0.0423009296875 0.750390625 0.0423009296875 0.738671875 0.036856284375
1 0.855859375 0.1947510203125 0.7796875 0.1430268828125 0.746484375 0.140304559375 0.74453125 0.159360821875 0.7640625 0.2301412203125 0.7640625 0.246475159375 0.769921875 0.254642128125 0.797265625 0.2600867734375 0.8109375 0.2736983890625 0.803125 0.3172555578125 0.7953125 0.333589496875 0.797265625 0.3472011109375 0.808984375 0.3472011109375 0.8109375 0.3227002046875 0.820703125 0.30908858906250003 0.865625 0.2791430359375 0.865625 0.2138072828125 0.855859375 0.1947510203125
1 0.808984375 0.2655314203125 0.7796875 0.2519198046875 0.766015625 0.24919748125000002 0.725 0.3172555578125 0.725 0.32814485000000004 0.766015625 0.3798689875 0.79140625 0.36081272656249996 0.8109375 0.290032328125 0.808984375 0.2655314203125
1 0.9461690265625 0.45 0.94765625 0.4479270640625 0.91640625 0.349923434375 0.8890625 0.290032328125 0.88125 0.28458768125 0.867578125 0.2818653578125 0.824609375 0.30908858906250003 0.81484375 0.3227002046875 0.8109375 0.35536808125 0.83828125 0.4261484796875 0.8553934734374999 0.45 0.9461690265625 0.45
1 0.5796875 0.2131850375 0.590234375 0.211084959375 0.615625 0.23558586718750002 0.63515625 0.30092162031249997 0.648828125 0.32542252656250004 0.668359375 0.31453323437499997 0.723046875 0.31997788125 0.75625 0.26825374375 0.7640625 0.23558586718750002 0.725 0.072246484375 0.699609375 0.0640795140625 0.683984375 0.036856284375 0.67421875 0.0341339609375 0.644921875 0.0314116375 0.613671875 0.0423009296875 0.5796875 0.0423009296875 0.5796875 0.2131850375
1 0.5796875 0.3686530171875 0.637109375 0.3526457578125 0.64296875 0.34447878906249996 0.6390625 0.306366265625 0.615625 0.23558586718750002 0.5921875 0.2138072828125 0.5796875 0.2118714078125 0.5796875 0.3686530171875
1 1 0.28821744531250004 0.95546875 0.3227002046875 0.96328125 0.35536808125 0.9984375 0.420703834375 1 0.43449693749999996 1 0.28821744531250004
1 0 0.45 0 1 0.3504074390625 1 0.0563310421875 0.45 0 0.45
1 0.5796875 1 0.5796875 0.45 0.052289462499999995 0.45 0.0496057640625 0.4536680203125 0.35941048593749997 1 0.5796875 1
1 0.845703125 0.759502609375 0.78125 0.696889178125 0.728515625 0.6941668562500001 0.7109375 0.74589099375 0.71875 0.8003374546875 0.734375 0.8330053312500001 0.73828125 0.8547839156249999 0.759765625 0.8738401765624999 0.791015625 0.8738401765624999 0.826171875 0.8575062390625 0.84375 0.8330053312500001 0.84765625 0.811226746875 0.85546875 0.8003374546875 0.85546875 0.7785588703125 0.845703125 0.759502609375
1 0.7278462734375 1 0.73046875 0.9963447140625 0.73828125 0.9636768374999999 0.734375 0.8547839156249999 0.72265625 0.811226746875 0.7109375 0.7894481625 0.693359375 0.7867258390625 0.6875 0.7948928078125 0.7109375 0.8928964390624999 0.70703125 0.9527875453124999 0.6916346703125 1 0.7278462734375 1
1 0.6915817984375 1 0.6953125 0.99090006875 0.7109375 0.9255643156249999 0.70703125 0.8711178531249999 0.6796875 0.784003515625 0.654296875 0.7431686703125 0.599609375 0.715945440625 0.5796875 0.7126133171875 0.5796875 0.9286859109375001 0.583984375 0.9282866375000001 0.59765625 0.969121484375 0.59765625 1 0.6915817984375 1
1 0.93359375 1 0.93359375 0.9963447140625 0.9453125 0.9636768374999999 0.9453125 0.9473429 0.919921875 0.9337312843750001 0.8984375 0.9310089609375 0.884765625 0.9282866375000001 0.87109375 0.9473429 0.8612384296875 1 0.93359375 1
1 1 1 1 0.8454070250000001 0.998046875 0.846616946875 0.97265625 0.8820071468750001 0.96875 0.9092303765625 0.93359375 0.9963447140625 0.9339683890625 1 1 1
1 1 0.5223724265625 0.669921875 0.51993818125 0.66796875 0.5335497953124999 0.794921875 0.71050079375 0.845703125 0.7540579624999999 0.931640625 0.8738401765624999 0.955078125 0.890174115625 0.966796875 0.88472946875 0.982421875 0.8575062390625 1 0.8411723 1 0.5223724265625
1 1 0.5223724265625 0.669921875 0.51993818125 0.66796875 0.5335497953124999 0.794921875 0.71050079375 0.845703125 0.7540579624999999 0.927734375 0.86839553125 0.943359375 0.88472946875 0.958984375 0.890174115625 1 0.8382024937500001 1 0.5223724265625
1 0.74609375 0.6533320093749999 0.66796875 0.5389944421874999 0.662109375 0.53627211875 0.65625 0.5444390875 0.65625 0.5934409031250001 0.640625 0.6478873640625 0.611328125 0.6832775640625 0.599609375 0.6887222093750001 0.59375 0.7077784703125 0.658203125 0.7431686703125 0.677734375 0.7703919015625 0.705078125 0.7703919015625 0.7109375 0.76222493125 0.71484375 0.7186677625 0.728515625 0.6941668562500001 0.74609375 0.680555240625 0.74609375 0.6533320093749999
1 0.5796875 0.6941668562500001 0.587890625 0.6941668562500001 0.623046875 0.666943625 0.6484375 0.6261087796875 0.65625 0.5335497953124999 0.650390625 0.5253828265625 0.6328125 0.522660503125 0.5796875 0.5219552921874999 0.5796875 0.6941668562500001