1 0.005549621875 0 0 0.0034378781249999996 0 0.45 0.2474794734375 0.45 0.2328125 0.35800533125 0.2328125 0.32533745468749997 0.225 0.2981142234375 0.22109375 0.22733382500000002 0.226953125 0.2082775640625 0.2796875 0.1728873640625 0.2796875 0.14566413281249999 0.2640625 0.074883734375 0.2640625 0.0422158578125 0.281640625 0.01771495 0.311825815625 0 0.005549621875 0
1 0.2100786484375 0 0.20546875 0.0149926265625 0.18984375 0.02588191875 0.20546875 0.0367712109375 0.2015625 0.047660503124999996 0.20546875 0.0639944421875 0.199609375 0.0558274734375 0.191796875 0.06127211875000001 0.183984375 0.0558274734375 0.178125 0.0639944421875 0.17421875 0.074883734375 0.178125 0.08032837968749999 0.1703125 0.09121767187499999 0.178125 0.1021069640625 0.172265625 0.110273934375 0.152734375 0.1048292875 0.146875 0.11299625625000001 0.15078125 0.1293301953125 0.14296875 0.1402194875 0.1390625 0.16744271718749998 0.1458198375 0.45 0.24453125 0.45 0.24453125 0.42334108437499995 0.22890625 0.352560684375 0.2328125 0.336226746875 0.22109375 0.27633563906249997 0.22109375 0.21644453281249998 0.230859375 0.19738827187500002 0.2796875 0.1728873640625 0.2796875 0.14566413281249999 0.26796875 0.1021069640625 0.26015625 0.031326565625000004 0.226953125 0.0013810125 0.2229899078125 0 0.2100786484375 0
1 0.4 0.45 0.4 0.278993909375 0.383203125 0.284502609375 0.332421875 0.284502609375 0.29921875 0.2382231171875 0.289453125 0.1864989796875 0.266015625 0.1864989796875 0.230859375 0.2082775640625 0.225 0.221889178125 0.225 0.27089099375000003 0.24767671406249997 0.45 0.4 0.45
1 0.4 0 0.32171020625 0 0.277734375 0.0286042421875 0.26796875 0.047660503124999996 0.26796875 0.08032837968749999 0.29140625 0.178332009375 0.2953125 0.21644453281249998 0.31484375 0.265446346875 0.332421875 0.2790579625 0.396875 0.27633563906249997 0.4 0.27542397812499997 0.4 0
1 0.44227627812500003 0 0.4390625 0.09427083281250001 0.483984375 0.1697916671875 0.589453125 0.2166666671875 0.66953125 0.2244791671875 0.683203125 0.221875 0.726171875 0.1541666671875 0.745703125 0.14895833281249998 0.773046875 0.159375 0.8375 0.0994791671875 0.8453125 0.052604167187499995 0.84140625 0.0109375 0.843643465625 0 0.44227627812500003 0
1 0.0414633015625 0.45 0 0.556694340625 0 0.692261003125 0.037890625 0.7408490249999999 0.080859375 0.778961546875 0.104296875 0.78440619375 0.127734375 0.7735169015625 0.147265625 0.7898508390625001 0.166796875 0.8170740703125 0.182421875 0.8279633625 0.215625 0.8742428531249999 0.21953125 0.8960214390625 0.237109375 0.9096330531250001 0.241015625 0.9205223453125001 0.248828125 0.9205223453125001 0.256640625 0.9314116375000001 0.29375 0.9286893156249999 0.315234375 0.9205223453125001 0.3484375 0.8579089156249999 0.36015625 0.8034624546875 0.3875 0.7653499312500001 0.4 0.7348599140625 0.4 0.61741111875 0.39140625 0.6020105484375 0.366015625 0.5720649953125 0.2275901875 0.45 0.0414633015625 0.45
1 0.23647987499999998 0.45 0.303515625 0.5067292421875 0.33671875 0.50400691875 0.3484375 0.48767298124999997 0.35234375 0.465894396875 0.3608963015625 0.45 0.23647987499999998 0.45
1 0 0.8859488437499999 0.00078125 0.8905767921875001 0.030078125 0.980413453125 0.061328125 0.996747390625 0.09453125 0.9940250687500001 0.10625 0.9831357765625001 0.1140625 0.9395786078124999 0.0828125 0.9014660843750001 0.06328125 0.85246426875 0.06328125 0.8306856843749999 0.08671875 0.7925731625 0.045703125 0.7517383171875001 0.026171875 0.7462936703125 0.006640625 0.7626276093750001 0 0.7735663984375 0 0.8859488437499999
1 0.168853590625 1 0.18046875 0.972246484375 0.21953125 0.9178000234375 0.213671875 0.8987437609375 0.205859375 0.8987437609375 0.155078125 0.953190221875 0.119921875 0.9477455765624999 0.10625 0.9776911296874999 0.10625 1 0.168853590625 1
1 0.123828125 0.7735169015625 0.096484375 0.7898508390625001 0.076953125 0.8116294234375001 0.06328125 0.83613033125 0.06328125 0.85246426875 0.075 0.8851321468750001 0.123828125 0.9477455765624999 0.131640625 0.953190221875 0.15703125 0.9504678999999999 0.205859375 0.8987437609375 0.215625 0.8796875 0.186328125 0.8334080078125 0.147265625 0.7898508390625001 0.123828125 0.7735169015625
1 0.50390625 0.45 0.50390625 0.4503176046875 0.5 0.461206896875 0.486328125 0.4748185125 0.447265625 0.4857078046875 0.4375 0.49931941875 0.421875 0.548321234375 0.4140625 0.5537658796875 0.40234375 0.5918784031250001 0.4 0.5966696921875 0.4 0.915378671875 0.5069676953125001 1 0.9064127609374999 1 0.9140625 0.9893375687500001 0.97265625 0.84777676875 0.98046875 0.8096642468749999 0.958984375 0.774274046875 0.94140625 0.76066243125 0.94140625 0.7497731390625 0.98828125 0.629990925 1 0.461206896875 0.9808268218750001 0.45 0.9336697046874999 0.45 0.91796875 0.5156533578125 0.904296875 0.5292649734375 0.873046875 0.53470961875 0.857421875 0.5455989109375 0.837890625 0.5728221421875 0.779296875 0.5673774953125 0.697265625 0.53470961875 0.67578125 0.4938747734375 0.671875 0.461206896875 0.671875 0.45 0.50390625 0.45
1 0.5014539921875001 0.45 0.49609375 0.461206896875 0.482421875 0.4748185125 0.451171875 0.4802631578125 0.4375 0.4938747734375 0.421875 0.5428765875 0.4 0.5886116140625 0.4 0.9101724140624998 0.400390625 0.9103901999999999 0.501953125 0.9975045375 0.5064290359375 1 0.9025065109374999 1 0.91015625 0.9893375687500001 0.96875 0.84777676875 0.97265625 0.7987749546874999 0.9375 0.766107078125 0.984375 0.6408802171875 0.9921875 0.5918784031250001 0.9921875 0.5319872953125 1 0.49931941875 1 0.46665154218750005 0.9769032124999999 0.45 0.934366121875 0.45 0.92578125 0.4938747734375 0.912109375 0.5238203265625 0.865234375 0.53470961875 0.833984375 0.5728221421875 0.779296875 0.5673774953125 0.701171875 0.53470961875 0.6875 0.521098003125 0.67578125 0.47209618906250006 0.67578125 0.45 0.5014539921875001 0.45
1 0.6743373328125 0.45 0.68359375 0.5102087109375 0.701171875 0.53470961875 0.736328125 0.5510435578124999 0.751953125 0.5510435578124999 0.783203125 0.5673774953125 0.83203125 0.5700998187499999 0.841796875 0.5673774953125 0.861328125 0.53470961875 0.900390625 0.5292649734375 0.91796875 0.5102087109375 0.9309277343750001 0.45 0.6743373328125 0.45
1 1 0.629990925 0.99609375 0.635435571875 0.953125 0.7497731390625 1 0.8199485781250001 1 0.629990925
1 1 0.629990925 0.99609375 0.635435571875 0.953125 0.7388838468750001 0.953125 0.7497731390625 0.994140625 0.8123865703125001 1 0.8191923781250001 1 0.629990925
1 1 1 1 0.829498315625 0.994140625 0.8232758625000001 0.98046875 0.8423321234374999 0.9168396000000001 1 1 1