1 0.2555779265625 0.2828125 0.173908234375 0.25546875 0.0976831890625 0.23984375 0.0731822828125 0.257421875 0.04051440625 0.323828125 0.04051440625 0.339453125 0.013291174999999999 0.401953125 0.013291174999999999 0.429296875 0.043236728125 0.45078125 0.15212965 0.48203125 0.173908234375 0.48203125 0.23379934218749998 0.46640625 0.24741095781250003 0.456640625 0.2746341875 0.413671875 0.280078834375 0.386328125 0.30185741875 0.343359375 0.30457974062500004 0.31796875 0.30185741875 0.308203125 0.2555779265625 0.2828125
1 0 0 0 0.303058765625 0.02145814375 0.321875 0.04051440625 0.316015625 0.062292990625 0.284765625 0.062292990625 0.269140625 0.09223854375 0.23984375 0.1194617734375 0.23984375 0.19568681875 0.259375 0.23379934218749998 0.275 0.26646721875 0.27890625 0.3454145875 0.214453125 0.3563038796875 0.194921875 0.35358155625 0.18515625 0.3454145875 0.163671875 0.31819135625 0.132421875 0.2065761109375 0.05234375 0.15212965 0.025 0.14396268125 0.011328125 0.12530239375000002 0 0 0
1 0.7 0.24631398437500002 0.68570496875 0.24375 0.6530370921875 0.24765625 0.6067576 0.292578125 0.541421846875 0.378515625 0.5305325546875 0.409765625 0.5305325546875 0.452734375 0.5196432625 0.472265625 0.5359772 0.495703125 0.5446281374999999 0.5 0.6225470734375 0.5 0.6312585078125 0.49375 0.6965942609375 0.46640625 0.7 0.46640625 0.7 0.24631398437500002
1 0.3073020640625 0.304296875 0.30185741875 0.358984375 0.31819135625 0.394140625 0.33724761718749996 0.4078125 0.418917309375 0.43125 0.4733637703125 0.415625 0.5087539703124999 0.398046875 0.5250879078125 0.374609375 0.5223655859375 0.3453125 0.5087539703124999 0.296484375 0.4869753859375 0.257421875 0.4733637703125 0.24765625 0.39169407968750003 0.259375 0.331802971875 0.2828125 0.3073020640625 0.304296875
1 0.1602966203125 0 0.1602966203125 0.011328125 0.18751985 0.038671875 0.22291005 0.05625 0.3290806484375 0.140234375 0.3563038796875 0.179296875 0.3563038796875 0.206640625 0.33996994062499997 0.222265625 0.3345252953125 0.237890625 0.359026203125 0.24765625 0.43525124843749996 0.24765625 0.45702983281250004 0.24375 0.47608609375000005 0.230078125 0.49242003125 0.206640625 0.49242003125 0.194921875 0.5305325546875 0.116796875 0.5305325546875 0.097265625 0.541421846875 0.073828125 0.541421846875 0.042578125 0.5523111390625 0.023046875 0.5495888156250001 0.009375 0.539788453125 0 0.3954275515625 0 0.39169407968750003 0.0015625 0.375360140625 0.0015625 0.3727863078125 0 0.1602966203125 0
1 0.7 0 0.5612147375000001 0 0.5523111390625 0.054296875 0.593145984375 0.0875 0.61492456875 0.0953125 0.7 0.1031882671875 0.7 0
1 0.7 0.1032469 0.636703153125 0.10703125 0.5550334625 0.07578125 0.5359772 0.097265625 0.5305325546875 0.132421875 0.5033093234375 0.179296875 0.5033093234375 0.191015625 0.4869753859375 0.218359375 0.4869753859375 0.233984375 0.506031646875 0.24765625 0.5877013390625 0.2671875 0.620369215625 0.2671875 0.6421477999999999 0.24765625 0.6639263843750001 0.23984375 0.6965942609375 0.24375 0.7 0.2432613125 0.7 0.1032469
1 1 0.139971590625 0.9411458328125001 0.091015625 0.896875 0.0421875 0.8760416671875 0.0421875 0.8109375 0.094921875 0.8005208328125001 0.137890625 0.8317708328125001 0.161328125 0.8265625 0.227734375 0.8369791671875 0.243359375 0.8369791671875 0.294140625 0.8552083328125001 0.33125 0.9333333328125001 0.32734375 1 0.345764803125 1 0.139971590625
1 1 0.3578125 0.9854166671875 0.346875 0.9541666671875 0.346875 0.928125 0.33515625 0.8395833328125001 0.346875 0.7901041671875 0.391796875 0.7953125 0.438671875 0.8604166671875 0.48359375 1 0.4966796875 1 0.3578125
1 0.7 0.4563720703125 0.7640625 0.411328125 0.8213541671875 0.352734375 0.8317708328125001 0.317578125 0.8291666671875 0.2453125 0.8161458328125001 0.204296875 0.8213541671875 0.161328125 0.7770833328125 0.128125 0.7 0.126131465625 0.7 0.4563720703125
1 0.8367083328125 0.5 0.8473958328125001 0.489453125 0.8447916671875 0.4796875 0.8057291671875 0.450390625 0.7901041671875 0.426953125 0.771875 0.42109375 0.7328125 0.454296875 0.7015625 0.497265625 0.7079861109375 0.5 0.8367083328125 0.5
1 0 0.9064619734375 0.04950374375 0.907421875 0.06039303593749999 0.829296875 0.0767269734375 0.774609375 0.07400465 0.7296875 0.0467814203125 0.7140625 0.014113543749999999 0.7140625 0 0.716955565625 0 0.9064619734375
1 0.3380699859375 0.5 0.3380699859375 0.532421875 0.3435146328125 0.536328125 0.3435146328125 0.571484375 0.354403925 0.591015625 0.354403925 0.614453125 0.36529321718749996 0.637890625 0.4006834171875 0.675 0.41701735468749995 0.67890625 0.47690846249999996 0.66328125 0.5095763390625 0.66328125 0.5313549234375 0.675 0.60757996875 0.67109375 0.6157469375 0.665234375 0.6157469375 0.606640625 0.610302290625 0.602734375 0.6048576453125001 0.548046875 0.610302290625 0.532421875 0.632080875 0.508984375 0.6315364109375 0.5 0.3380699859375 0.5
1 0.22064711875 1 0.2291770640625 0.981640625 0.226454740625 0.96796875 0.210120803125 0.95234375 0.14478505 0.92890625 0.087616265625 0.985546875 0.084393034375 1 0.22064711875 1
1 0.48497935 1 0.48235310781249996 0.96796875 0.4741861390625 0.950390625 0.4605745234375 0.940625 0.43879593906250003 0.93671875 0.4061280625 0.93671875 0.389794125 0.92890625 0.36801554062499997 0.92890625 0.32990301718750004 0.940625 0.31356907968750003 0.940625 0.2999574640625 0.954296875 0.3162914015625 0.993359375 0.3151344140625 1 0.48497935 1
1 0.7 0.7648105203125001 0.6838050140624999 0.7609375 0.672915721875 0.753125 0.6620264296875 0.753125 0.6348031984375 0.76875 0.6184692609375 0.76484375 0.5504111843749999 0.716015625 0.5286326 0.676953125 0.49868704687500004 0.66328125 0.3952387703125 0.6828125 0.3734601859375 0.6984375 0.31901372499999997 0.7140625 0.3026797875 0.71015625 0.2700119109375 0.7140625 0.21556544843749997 0.7453125 0.182897571875 0.75703125 0.15295201875 0.782421875 0.15295201875 0.809765625 0.1692859578125 0.837109375 0.18017525 0.887890625 0.1937868640625 0.90546875 0.20467615625 0.89765625 0.2373440328125 0.88984375 0.26184494062499997 0.872265625 0.2509556484375 0.856640625 0.26184494062499997 0.825390625 0.324458371875 0.80390625 0.5041316921875 0.80390625 0.5476888609375 0.79609375 0.5749120921875 0.80390625 0.5994129984375001 0.825390625 0.593968353125 0.868359375 0.602135321875 0.878125 0.6565817828125 0.89375 0.7 0.8868277093750001 0.7 0.7648105203125001
1 0.4877977546875 0.8078125 0.455129878125 0.80390625 0.3081244328125 0.8078125 0.26184494062499997 0.829296875 0.2564002953125 0.856640625 0.2672895875 0.868359375 0.27273423281250003 0.899609375 0.289068171875 0.926953125 0.3081244328125 0.940625 0.36801554062499997 0.92890625 0.389794125 0.92890625 0.411572709375 0.93671875 0.455129878125 0.93671875 0.5476888609375 0.91328125 0.5776344140624999 0.895703125 0.593968353125 0.868359375 0.5912460296875001 0.815625 0.542244215625 0.79609375 0.4877977546875 0.8078125
1 0.7 0.5 0.636935684375 0.5 0.637525521875 0.505078125 0.610302290625 0.536328125 0.610302290625 0.594921875 0.6211915828125 0.641796875 0.6157469375 0.673046875 0.6266362296875 0.700390625 0.6565817828125 0.71015625 0.67563804375 0.723828125 0.67563804375 0.743359375 0.69469430625 0.75703125 0.7 0.7589345296875 0.7 0.5
1 0 0.5 0 0.6241827890625 0.12300646562499999 0.58125 0.139340403125 0.58125 0.14478505 0.5734375 0.11483949687499999 0.528515625 0.0750935796875 0.5 0 0.5
0 0.7935152000000001 1 0.7590687390624999 0.971484375 0.764513384375 0.948046875 0.7590687390624999 0.920703125 0.7400124765625 0.91875 0.7345678312499999 0.92265625 0.7 0.9158924453124999 0.7 0.9627512625 0.7100669234375 0.975390625 0.7127054828125 1 0.7935152000000001 1
0 1 1 1 0.929370625 0.9686876140624999 0.9265625 0.9414643828125 0.91875 0.9251304453125 0.8953125 0.8979072140625 0.89921875 0.8380161078124999 0.8875 0.8298491374999999 0.893359375 0.8244044921875 0.912890625 0.8189598453125001 0.959765625 0.8244044921875 0.975390625 0.8407384296875 0.991015625 0.85457929375 1 1 1
0 0.7 0.8171875 0.7454571234375 0.8171875 0.756346415625 0.81328125 0.764513384375 0.803515625 0.7617910609375 0.66484375 0.7182338921875 0.65703125 0.7 0.6406789156249999 0.7 0.8171875
0 1 0.5 0.8624081218749999 0.5 0.8570723687499999 0.502734375 0.8244044921875 0.549609375 0.8244044921875 0.569140625 0.87340630625 0.647265625 0.8842955984374999 0.655078125 0.895184890625 0.682421875 0.9115188296875001 0.701953125 0.916963475 0.725390625 0.9332974140625 0.741015625 0.9550759984375 0.783984375 0.9986331671875 0.834765625 1 0.83574625625 1 0.5
0 1 0.5 0.8620563140625 0.5 0.8570723687499999 0.502734375 0.8244044921875 0.545703125 0.8298491374999999 0.580859375 0.8842955984374999 0.658984375 0.9332974140625 0.752734375 0.9931885203124999 0.830859375 1 0.83574625625 1 0.5
0 0.7 0.5 0.7 0.6015375765625001 0.7345678312499999 0.5984375 0.756346415625 0.57890625 0.8189598453125001 0.557421875 0.8298491374999999 0.530078125 0.8461830765625 0.510546875 0.8623536749999999 0.5 0.7 0.5
0 1 0.5 0.8618515578125001 0.5 0.8461830765625 0.514453125 0.8461830765625 0.522265625 0.8244044921875 0.545703125 0.8244044921875 0.569140625 0.9060741828125 0.694140625 0.9196857984375001 0.70390625 0.952353675 0.71171875 1 0.6877901203125 1 0.5
0 1 0.83574625625 0.9632429671875 0.809375 0.94418670625 0.862109375 0.9278527671875001 0.881640625 0.9278527671875001 0.901171875 0.9414643828125 0.91875 0.9686876140624999 0.9265625 1 0.9265625 1 0.83574625625
0 1 0.7986400124999999 0.982299228125 0.776171875 0.96052064375 0.725390625 0.96052064375 0.709765625 0.9469090296875 0.70390625 0.9115188296875001 0.709765625 0.9714099359375 0.807421875 1 0.8337942937499999 1 0.7986400124999999
0 0.7944589390625 0.871875 0.827126815625 0.88359375 0.8761286296874999 0.8953125 0.914241153125 0.8953125 0.9387420593750001 0.869921875 0.9550759984375 0.834765625 0.952353675 0.80546875 0.9033518609375001 0.77421875 0.8489053999999999 0.75859375 0.8107928765625001 0.7546875 0.791736615625 0.764453125 0.7699580312500001 0.795703125 0.7590687390624999 0.842578125 0.7944589390625 0.871875