1 1 0.0753176046875 0.970703125 0.0889292203125 0.955078125 0.0889292203125 0.92578125 0.10798548125 0.92578125 0.12431941875000001 0.93359375 0.1352087109375 0.93359375 0.15154265 0.9453125 0.1787658796875 0.9453125 0.21143375625 0.91796875 0.254990925 0.8984375 0.3366606171875 0.8984375 0.35843920156250003 0.91015625 0.3965517234375 0.9765625 0.505444646875 0.98828125 0.54355716875 0.9921875 0.592558984375 0.998046875 0.600725953125 1 0.6001814875 1 0.0753176046875
1 0.9774576828124999 0 0.984375 0.015426496875000001 1 0.031397459375 1 0 0.9774576828124999 0
1 0.5338541671875 0 0.439453125 0.07259528125 0.419921875 0.094373865625 0.384765625 0.11615245 0.373046875 0.13248638906250002 0.365234375 0.13248638906250002 0.341796875 0.1542649734375 0.3125 0.2059891109375 0.31640625 0.276769509375 0.34375 0.36932849375 0.375 0.4455535390625 0.390625 0.5108892921875 0.40625 0.54355716875 0.40625 0.5653357531250001 0.4140625 0.592558984375 0.43359375 0.6361161531249999 0.44921875 0.6905626140625001 0.458984375 0.7041742281250001 0.48046875 0.7123411984375 0.525390625 0.687840290625 0.65234375 0.5762250453125 0.65625 0.5544464609374999 0.640625 0.45644283124999996 0.640625 0.42377495468750004 0.6328125 0.3965517234375 0.62890625 0.325771325 0.634765625 0.3067150640625 0.6875 0.2713248640625 0.6875 0.2441016328125 0.671875 0.173321234375 0.671875 0.1406533578125 0.689453125 0.11615245 0.763671875 0.07259528125 0.775390625 0.07259528125 0.8131061421875 0 0.5338541671875 0
1 0.6875 0.2441016328125 0.67578125 0.20054446406249998 0.66796875 0.129764065625 0.634765625 0.0998185125 0.619140625 0.094373865625 0.61328125 0.1134301265625 0.59765625 0.12431941875000001 0.61328125 0.1352087109375 0.609375 0.14609800312500001 0.61328125 0.16243194218749998 0.607421875 0.1542649734375 0.599609375 0.15970961875 0.591796875 0.1542649734375 0.5859375 0.16243194218749998 0.58203125 0.173321234375 0.5859375 0.1787658796875 0.578125 0.189655171875 0.5859375 0.20054446406249998 0.580078125 0.208711434375 0.560546875 0.2032667875 0.5546875 0.21143375625 0.55859375 0.2277676953125 0.55078125 0.23865698750000003 0.546875 0.2658802171875 0.5546875 0.592558984375 0.5625 0.608892921875 0.56640625 0.63067150625 0.5625 0.6361161531249999 0.568359375 0.644283121875 0.57421875 0.6415607984375 0.646484375 0.5843920140625001 0.65234375 0.5707804000000001 0.65234375 0.521778584375 0.63671875 0.45099818437500006 0.640625 0.434664246875 0.62890625 0.3747731390625 0.62890625 0.3148820328125 0.638671875 0.29582577187500003 0.6875 0.2713248640625 0.6875 0.2441016328125
1 0.857421875 0.361161525 0.791015625 0.382940109375 0.740234375 0.382940109375 0.70703125 0.3366606171875 0.697265625 0.2849364796875 0.673828125 0.2849364796875 0.638671875 0.3067150640625 0.6328125 0.320326678125 0.6328125 0.36932849375 0.65625 0.5544464609374999 0.66796875 0.6197822140625 0.6796875 0.652450090625 0.705078125 0.68239564375 0.748046875 0.7041742281250001 0.90625 0.7068965515625 0.943359375 0.7041742281250001 0.978515625 0.687840290625 0.98828125 0.6742286749999999 0.9921875 0.592558984375 0.984375 0.52722323125 0.94921875 0.46188747656249995 0.9140625 0.41288566250000003 0.89453125 0.36932849375 0.888671875 0.361161525 0.857421875 0.361161525
1 0.685546875 0.1270417421875 0.67578125 0.14609800312500001 0.67578125 0.1787658796875 0.69921875 0.276769509375 0.703125 0.3148820328125 0.72265625 0.36388384687499997 0.740234375 0.3774954625 0.8046875 0.3747731390625 0.888671875 0.3502722328125 0.91796875 0.2441016328125 0.9453125 0.20054446406249998 0.93359375 0.14609800312500001 0.8984375 0.0535390203125 0.888671875 0.0399274046875 0.853515625 0.0399274046875 0.794921875 0.07259528125 0.744140625 0.0889292203125 0.685546875 0.1270417421875
1 0 0.7994555359375 0.0078125 0.8157894734375001 0.01171875 0.84845735 0.025390625 0.85662431875 0.41015625 0.8539019968750001 0.552734375 0.8511796734375 0.5625 0.8266787656249999 0.5703125 0.7722323046875 0.5546875 0.7123411984375 0.541015625 0.6932849359375 0.509765625 0.7041742281250001 0.494140625 0.7205081671875 0.458984375 0.7150635203125 0.44140625 0.6851179671875001 0.396484375 0.5462794921875 0.314453125 0.57894736875 0.259765625 0.6116152453125 0.248046875 0.6116152453125 0.111328125 0.687840290625 0.044921875 0.7041742281250001 0 0.745009075 0 0.7994555359375
1 0 0.7994555359375 0.0078125 0.8321234125 0.017578125 0.8511796734375 0.037109375 0.85662431875 0.40625 0.8539019968750001 0.552734375 0.8511796734375 0.5625 0.8266787656249999 0.5703125 0.766787659375 0.5546875 0.7068965515625 0.537109375 0.687840290625 0.529296875 0.6987295828125 0.505859375 0.7041742281250001 0.490234375 0.7205081671875 0.458984375 0.7150635203125 0.4375 0.6742286749999999 0.40625 0.5816696921875 0.40625 0.5653357531250001 0.396484375 0.5462794921875 0.314453125 0.57894736875 0.111328125 0.687840290625 0.037109375 0.709618875 0 0.745009075 0 0.7994555359375
1 0 0.679673321875 0.029296875 0.6987295828125 0.06640625 0.696007259375 0.103515625 0.687840290625 0.134765625 0.66606170625 0.146484375 0.66606170625 0.197265625 0.638838475 0.25 0.549001815625 0.26171875 0.5163339390624999 0.26171875 0.5 0.244140625 0.47549909218749997 0.197265625 0.43194192343750004 0.115234375 0.3720508171875 0.080078125 0.3720508171875 0.072265625 0.382940109375 0.025390625 0.4101633390625 0 0.45099818437500006 0 0.679673321875
1 1 0.6078039921875 0.9921875 0.61433756875 0.9921875 0.6687840296875 0.978515625 0.6932849359375 0.919921875 0.709618875 0.833984375 0.7150635203125 0.828125 0.723230490625 0.8359375 0.7558983671874999 0.888671875 0.8511796734375 0.953125 0.8539019968750001 1 0.8460617062500001 1 0.6078039921875
1 0.19140625 0.8430127046875 0.224609375 0.85662431875 0.359375 0.8539019968750001 0.392578125 0.8511796734375 0.40234375 0.8430127046875 0.40234375 0.8321234125 0.369140625 0.7749546281249999 0.337890625 0.7368421046875 0.302734375 0.709618875 0.283203125 0.709618875 0.271484375 0.7205081671875 0.23828125 0.7613430125 0.19140625 0.8430127046875
1 0 0 0 0.40199637031249996 0.01171875 0.40199637031249996 0.021484375 0.3938294015625 0.052734375 0.3883847546875 0.068359375 0.3720508171875 0.076171875 0.3720508171875 0.107421875 0.3230490015625 0.154296875 0.3230490015625 0.171875 0.30943738593750003 0.1953125 0.2223230484375 0.19140625 0.1134301265625 0.1796875 0.08620689687500001 0.19140625 0.0698729578125 0.1953125 0.0480943734375 0.2109375 0.02087114375 0.21842447968749998 0 0 0
1 0.22412109375 0 0.20703125 0.0317604359375 0.19921875 0.0644283125 0.1875 0.08620689687500001 0.1953125 0.1188747734375 0.1953125 0.1678765875 0.19921875 0.173321234375 0.19921875 0.254990925 0.19140625 0.260435571875 0.19140625 0.2713248640625 0.265625 0.2713248640625 0.30859375 0.2658802171875 0.296875 0.2495462796875 0.30859375 0.2495462796875 0.3046875 0.23865698750000003 0.30859375 0.2059891109375 0.32421875 0.1678765875 0.36328125 0.12431941875000001 0.36328125 0.10798548125 0.3515625 0.0535390203125 0.35546875 0.042649728125 0.34765625 0.0263157890625 0.3515625 0.02087114375 0.319950809375 0 0.22412109375 0
1 0.34613715156249997 0 0.365234375 0.007259528125 0.4453125 0.0045372046875 0.46375868125 0 0.34613715156249997 0
1 0.57421875 0.7994555359375 0.56640625 0.8266787656249999 0.56640625 0.84845735 0.572265625 0.85662431875 0.875 0.8539019968750001 0.87890625 0.84845735 0.875 0.8266787656249999 0.841796875 0.7803992734375 0.794921875 0.7749546281249999 0.767578125 0.7640653359375 0.701171875 0.7586206890625 0.697265625 0.75317604375 0.646484375 0.75317604375 0.595703125 0.7803992734375 0.57421875 0.7994555359375