1 0 0.4296875 0.11796875 0.4296875 0.11796875 0.415610821875 0.10234375 0.344830421875 0.08671875 0.21415891562499997 0.076953125 0.19510265468750002 0.057421875 0.1842133625 0.041796875 0.17876871562500002 0 0.181099025 0 0.4296875
1 0 0 0 0.0453748859375 0.0125 0.0889320546875 0.014453125 0.1678794234375 0.053515625 0.17876871562500002 0.084765625 0.205991946875 0.092578125 0.205991946875 0.10625 0.18693568437500002 0.1375 0.0943767015625 0.14921875 0.029040948437500002 0.14921875 0 0 0
1 0.20831173593750002 0 0.22734375 0.03448559375 0.264453125 0.08076508593750001 0.272265625 0.08076508593750001 0.323046875 0.118877609375 0.350390625 0.11343296249999998 0.39140625 0.0780427625 0.40703125 0.0453748859375 0.41865772031250004 0 0.20831173593750002 0
1 0.3503065328125 0.4296875 0.36796875 0.3992768828125 0.4578125 0.27949466875 0.4578125 0.25771608437500004 0.44609375 0.2250482078125 0.41875 0.1760463921875 0.381640625 0.12976690156249998 0.323046875 0.1243222546875 0.276171875 0.091654378125 0.25859375 0.0943767015625 0.201953125 0.12976690156249998 0.18046875 0.1597124546875 0.17265625 0.20871426875000001 0.1453125 0.27405002343749996 0.1453125 0.3121625453125 0.18046875 0.42105546718750003 0.185113525 0.4296875 0.3503065328125 0.4296875
1 0.425695121875 0 0.41875 0.029040948437500002 0.3875 0.09982134687500001 0.39140625 0.11615528593749999 0.4421875 0.2032696234375 0.4578125 0.241382146875 0.5125 0.3067179 0.53203125 0.35027506875 0.553515625 0.380220621875 0.576953125 0.3856652671875 0.57890625 0.36116436093750004 0.56328125 0.284939315625 0.559375 0.2032696234375 0.5796875 0.1825073734375 0.5796875 0.011107645312500001 0.565520109375 0 0.4926503515625 0 0.467578125 0.0099846875 0.451953125 0.026318625000000002 0.44609375 0.018151656250000002 0.44392327187499997 0 0.425695121875 0
1 0.5013773609375 0 0.4578125 0.029040948437500002 0.45390625 0.0453748859375 0.4578125 0.0508195328125 0.45390625 0.061708825 0.4578125 0.0943767015625 0.465625 0.14337851562499998 0.47734375 0.1760463921875 0.47734375 0.1978249765625 0.46953125 0.2196035609375 0.475390625 0.2386598234375 0.48125 0.2359375 0.48125 0.20871426875000001 0.491015625 0.20054729999999998 0.514453125 0.21688123906249998 0.537890625 0.24954911562499998 0.557421875 0.25499376093750004 0.559375 0.1978249765625 0.5796875 0.17980814843749998 0.5796875 0.012878946875 0.5661829234375 0 0.5013773609375 0
0 0.895998128125 0.4296875 0.9 0.41295372031250005 0.905859375 0.4047867515625 0.913671875 0.410231396875 0.933203125 0.4047867515625 0.946875 0.385730490625 0.95078125 0.36395190624999996 0.933203125 0.33400635156249997 0.9078125 0.3095054453125 0.90390625 0.2877268609375 0.8921875 0.2659482765625 0.8609375 0.227835753125 0.85703125 0.20605716875 0.835546875 0.176111615625 0.796484375 0.14344373906250002 0.790625 0.1461660609375 0.757421875 0.176111615625 0.70078125 0.255058984375 0.68515625 0.2822822140625 0.68515625 0.3095054453125 0.73984375 0.41839836718749995 0.7414636234375 0.4296875 0.895998128125 0.4296875
0 0.86484375 0 0.86484375 0.026383846875 0.89609375 0.18972323124999999 0.915625 0.26050362968749996 0.921484375 0.2686705984375 0.937109375 0.2686705984375 0.952734375 0.279559890625 0.991796875 0.279559890625 1 0.27608005156250004 1 0.0710299453125 0.99375 0.053607078125 0.99375 0.010049909375 0.9959130859374999 0 0.86484375 0
0 0.5796875 0 0.5796875 0.26050362968749996 0.597265625 0.236002721875 0.608984375 0.236002721875 0.640234375 0.27411524531250003 0.671484375 0.2468920140625 0.6890625 0.2223911078125 0.696875 0.20061252343749997 0.69296875 0.1298321234375 0.67734375 0.053607078125 0.68125 0.020939201562500002 0.68017694375 0 0.5796875 0
0 0.6843622109374999 0 0.68515625 0.0154945546875 0.67734375 0.0427177859375 0.6890625 0.0862749546875 0.70078125 0.1788339390625 0.722265625 0.2087794921875 0.733984375 0.2087794921875 0.765234375 0.1652223234375 0.788671875 0.14344373906250002 0.812109375 0.14888838437500002 0.85703125 0.0808303078125 0.86875 0.053607078125 0.8609375 0.020939201562500002 0.8459147140625 0 0.6843622109374999 0
0 0.5796875 0.4296875 0.653619384375 0.4296875 0.6734375 0.402064428125 0.68515625 0.36395190624999996 0.63046875 0.2659482765625 0.608984375 0.236002721875 0.59921875 0.2387250453125 0.5796875 0.2680423703125 0.5796875 0.4296875
0 0.5796875 1 0.5796875 0.7498015875 0.5484375 0.7041666671875 0.530859375 0.6885416671875 0.499609375 0.6885416671875 0.433203125 0.7276041671875 0.343359375 0.7302083328125001 0.30625 0.709375 0.273046875 0.6625 0.249609375 0.6442708328125001 0.12265625 0.7041666671875 0.116796875 0.7197916671875 0.11875 0.7953125 0.165625 0.975 0.1639204546875 1 0.5796875 1
0 0.28671875 0.6833333328125001 0.296484375 0.7119791671875 0.335546875 0.7380208328125001 0.421484375 0.7432291671875 0.476171875 0.7067708328125001 0.49375 0.678125 0.49375 0.5947916671875 0.413671875 0.49322916718750004 0.39609375 0.49583333281249997 0.374609375 0.5140625 0.312109375 0.5140625 0.25546875 0.5947916671875 0.259375 0.646875 0.2671875 0.6625 0.28671875 0.6833333328125001
0 0 1 0.08765625 1 0.09140625 0.975 0.08359375 0.959375 0.1109375 0.94375 0.12265625 0.865625 0.050390625 0.7901041671875 0.025 0.7927083328125001 0.007421875 0.7953125 0 0.803125 0 1
0 1 0.4365079359375 0.9609375 0.46875 0.8859375 0.59375 0.8609375 0.7229166671874999 0.8609375 0.7854166671874999 0.8984375 0.8604166671875 1 0.9370676109375001 1 0.4365079359375
0 0.5796875 0.4296875 0.5796875 0.60681818125 0.5828125 0.60625 0.6171875 0.6229166671875 0.6515625 0.66875 0.6859375 0.6770833328125001 0.7171875 0.6229166671875 0.7234375 0.4604166671875 0.7155530421874999 0.4296875 0.5796875 0.4296875
0 0.5796875 0.8059811828125 0.6265625 0.7979166671875 0.6484375 0.7354166671875 0.6390625 0.6479166671875 0.5796875 0.5925 0.5796875 0.8059811828125
0 1 1 1 0.9567083328125001 0.8953125 0.8645833328125001 0.8328125 0.7854166671874999 0.7578125 0.8770833328125001 0.7078125 0.9145833328125 0.6826899515625 1 1 1
0 0.6921875 0.98125 0.7046875 0.9895833328125001 0.7265625 0.9270833328125001 0.8265625 0.8104166671874999 0.8359375 0.73125 0.8234375 0.7020833328125 0.6703125 0.68125 0.6515625 0.7020833328125 0.6296875 0.8104166671874999 0.6859375 0.93125 0.6921875 0.98125
0 0.6940732765625001 0.4296875 0.6984375 0.44375 0.7078125 0.64375 0.7578125 0.69375 0.8265625 0.7145833328125001 0.8453125 0.6479166671875 0.9078125 0.5354166671875 0.9952008937500001 0.4296875 0.6940732765625001 0.4296875