1 0 0.6001814875 0.0078125 0.5980036296875 0.107421875 0.5626134296874999 0.130859375 0.5462794921875 0.140625 0.5163339390624999 0.13671875 0.5108892921875 0.1328125 0.434664246875 0.10546875 0.30943738593750003 0.09765625 0.23865698750000003 0.0625 0.08620689687500001 0.052734375 0.06715063593750001 0.017578125 0.06715063593750001 0 0.0753176046875 0 0.6001814875
1 0.08528645781250001 0 0.08203125 0.0045372046875 0.0625 0.03720508125 0.0546875 0.0644283125 0.0625 0.0753176046875 0.078125 0.129764065625 0.10546875 0.2658802171875 0.10546875 0.2876588015625 0.12109375 0.3366606171875 0.150390625 0.3502722328125 0.205078125 0.44283121562499994 0.220703125 0.4537205078125 0.2421875 0.45099818437500006 0.328125 0.3366606171875 0.34765625 0.2931034484375 0.3828125 0.254990925 0.39453125 0.2223230484375 0.3984375 0.173321234375 0.375 0.1134301265625 0.349609375 0.078039928125 0.2346833875 0 0.08528645781250001 0
1 0.6881510421875 0 0.689453125 0.0018148828124999999 0.712890625 0.007259528125 0.79296875 0.0045372046875 0.826605903125 0 0.6881510421875 0
1 0.9303385421874999 0 0.947265625 0.0018148828124999999 0.94827835625 0 0.9303385421874999 0
1 0.6881510421875 0 0.689453125 0.0018148828124999999 0.705078125 0.007259528125 0.796875 0.0045372046875 0.837890625 0.0018148828124999999 0.8430989578125001 0 0.6881510421875 0
1 0.912109375 0 0.916015625 0.0018148828124999999 0.951171875 0.0018148828124999999 0.9518952546874999 0 0.912109375 0
1 0.9753534234375 0 0.927734375 0.0290381125 0.908203125 0.0453720515625 0.89453125 0.0698729578125 0.8828125 0.12431941875000001 0.87890625 0.35843920156250003 0.9140625 0.42377495468750004 0.921875 0.45099818437500006 0.943359375 0.4809437390625 0.978515625 0.50816696875 1 0.5108892921875 1 0 0.9753534234375 0
1 1 0.6470054453125 0.943359375 0.6116152453125 0.927734375 0.6116152453125 0.90625 0.63067150625 0.8984375 0.6687840296875 0.890625 0.723230490625 0.890625 0.84845735 0.904296875 0.85662431875 1 0.8539019968750001 1 0.6470054453125
1 0.595703125 0.8457350265624999 0.671875 0.8430127046875 0.6953125 0.8157894734375001 0.703125 0.7994555359375 0.703125 0.7776769515625 0.677734375 0.7368421046875 0.650390625 0.709618875 0.634765625 0.7041742281250001 0.603515625 0.7205081671875 0.5625 0.7722323046875 0.5625 0.7994555359375 0.595703125 0.8457350265624999
1 0.6875 0.6415607984375 0.6953125 0.679673321875 0.728515625 0.7422867515625 0.74609375 0.739564428125 0.771484375 0.731397459375 0.810546875 0.7041742281250001 0.8203125 0.6905626140625001 0.78515625 0.6470054453125 0.7734375 0.61433756875 0.763671875 0.5245009078125 0.755859375 0.5245009078125 0.705078125 0.5626134296874999 0.6875 0.592558984375 0.6875 0.6415607984375
1 0.873046875 0.31215970937500004 0.833984375 0.3012704171875 0.791015625 0.3012704171875 0.7734375 0.3312159703125 0.76953125 0.4183303078125 0.765625 0.42377495468750004 0.765625 0.5 0.76953125 0.505444646875 0.765625 0.549001815625 0.77734375 0.6252268609375 0.79296875 0.6578947375 0.814453125 0.68239564375 0.849609375 0.6932849359375 0.890625 0.696007259375 0.8984375 0.679673321875 0.8984375 0.6578947375 0.91015625 0.6197822140625 0.92578125 0.6034482765625 0.91015625 0.5707804000000001 0.91015625 0.52722323125 0.921875 0.47277676875 0.921875 0.45099818437500006 0.87890625 0.36388384687499997 0.873046875 0.31215970937500004
1 1 0.5163339390624999 0.966796875 0.5027223234375 0.927734375 0.4646098 0.9140625 0.5108892921875 0.9140625 0.54355716875 0.91015625 0.549001815625 0.9140625 0.5762250453125 0.943359375 0.6116152453125 1 0.6415607984375 1 0.5163339390624999
1 0.73046875 0.260435571875 0.75390625 0.30943738593750003 0.767578125 0.3284936484375 0.7734375 0.325771325 0.791015625 0.3012704171875 0.875 0.303992740625 0.87890625 0.2876588015625 0.875 0.20054446406249998 0.845703125 0.14337568125 0.822265625 0.137931034375 0.794921875 0.1488203265625 0.759765625 0.1760435578125 0.7265625 0.216878403125 0.73046875 0.260435571875
1 0.783203125 0.1270417421875 0.740234375 0.14337568125 0.712890625 0.1705989109375 0.615234375 0.24137931093749998 0.58203125 0.2876588015625 0.58203125 0.320326678125 0.59765625 0.391107078125 0.61328125 0.521778584375 0.623046875 0.5408348453125 0.642578125 0.5517241375 0.658203125 0.5571687843750001 0.70703125 0.5544464609374999 0.755859375 0.5245009078125 0.765625 0.505444646875 0.76171875 0.45099818437500006 0.765625 0.4455535390625 0.76953125 0.3421052625 0.734375 0.2713248640625 0.72265625 0.2223230484375 0.751953125 0.181488203125 0.796875 0.14609800312500001 0.783203125 0.1270417421875
1 0.646484375 0.5571687843750001 0.615234375 0.5299455531249999 0.607421875 0.5299455531249999 0.59375 0.549001815625 0.5625 0.6415607984375 0.55078125 0.7068965515625 0.55078125 0.766787659375 0.56640625 0.8157894734375001 0.595703125 0.8511796734375 0.66015625 0.8539019968750001 0.716796875 0.8511796734375 0.728515625 0.84029038125 0.75 0.810344828125 0.76953125 0.7613430125 0.76953125 0.745009075 0.724609375 0.7422867515625 0.703125 0.70145190625 0.6875 0.6470054453125 0.685546875 0.5680580765625 0.646484375 0.5571687843750001
1 0.29296875 0.6905626140625001 0.2734375 0.766787659375 0.2578125 0.7940108890625 0.26171875 0.84845735 0.267578125 0.85662431875 0.52734375 0.8539019968750001 0.556640625 0.8511796734375 0.5625 0.8430127046875 0.51171875 0.7722323046875 0.47265625 0.70145190625 0.435546875 0.6551724140624999 0.427734375 0.6551724140624999 0.376953125 0.617059890625 0.349609375 0.6225045375 0.30859375 0.6578947375 0.29296875 0.6905626140625001
1 0.412109375 0.24137931093749998 0.365234375 0.2794918328125 0.33203125 0.3366606171875 0.2421875 0.45644283124999996 0.2421875 0.47822141562500003 0.25390625 0.5108892921875 0.28125 0.5598911078125 0.318359375 0.6061705984375 0.376953125 0.6116152453125 0.423828125 0.644283121875 0.44140625 0.6415607984375 0.498046875 0.6061705984375 0.51953125 0.5762250453125 0.52734375 0.52722323125 0.5546875 0.46188747656249995 0.5546875 0.42377495468750004 0.51953125 0.3148820328125 0.49609375 0.2713248640625 0.470703125 0.24137931093749998 0.443359375 0.23049001875 0.412109375 0.24137931093749998
1 0.123046875 0.3502722328125 0.12109375 0.3747731390625 0.13671875 0.45099818437500006 0.140625 0.5326678765625 0.111328125 0.5626134296874999 0.025390625 0.59528130625 0.0234375 0.61433756875 0.080078125 0.6932849359375 0.142578125 0.7422867515625 0.205078125 0.7368421046875 0.232421875 0.7259528125 0.248046875 0.709618875 0.25390625 0.71778584375 0.2578125 0.7504537203125 0.24609375 0.7613430125 0.234375 0.7940108890625 0.2265625 0.7994555359375 0.23046875 0.8049001812500001 0.26953125 0.7558983671874999 0.28125 0.7068965515625 0.3125 0.6361161531249999 0.30859375 0.6197822140625 0.2578125 0.5326678765625 0.2421875 0.494555353125 0.1875 0.4292196 0.16796875 0.38566243125 0.146484375 0.355716878125 0.123046875 0.3502722328125
1 0.23046875 0.5163339390624999 0.224609375 0.49727767656250005 0.21875 0.5 0.21875 0.52722323125 0.208984375 0.5353901999999999 0.185546875 0.5190562609375 0.162109375 0.486388384375 0.142578125 0.4809437390625 0.140625 0.5381125234375 0.09765625 0.5762250453125 0.09765625 0.6252268609375 0.11328125 0.6905626140625001 0.09765625 0.70145190625 0.134765625 0.7368421046875 0.15625 0.739564428125 0.197265625 0.7368421046875 0.2421875 0.7068965515625 0.24609375 0.6905626140625001 0.2421875 0.6851179671875001 0.24609375 0.6742286749999999 0.2421875 0.6415607984375 0.234375 0.592558984375 0.22265625 0.5598911078125 0.22265625 0.5381125234375 0.23046875 0.5163339390624999
1 0.25027901875 0 0.263671875 0.007259528125 0.279296875 0.0235934671875 0.34765625 0.058983665625 0.37109375 0.0263157890625 0.3737909234375 0 0.25027901875 0
1 0.5131983906250001 0 0.51171875 0.0045372046875 0.51171875 0.0480943734375 0.5078125 0.0535390203125 0.51171875 0.08620689687500001 0.533203125 0.11615245 0.564453125 0.1270417421875 0.583984375 0.1270417421875 0.623046875 0.0998185125 0.638671875 0.0998185125 0.658203125 0.11070780468750001 0.673828125 0.13248638906250002 0.6796875 0.129764065625 0.705078125 0.0889292203125 0.716796875 0.0834845734375 0.763671875 0.0889292203125 0.814453125 0.11070780468750001 0.828125 0.08620689687500001 0.82421875 0.0263157890625 0.814453125 0.012704175000000002 0.810546875 0.0181488203125 0.806640625 0.012704175000000002 0.724609375 0.0181488203125 0.720703125 0.012704175000000002 0.697265625 0.012704175000000002 0.681640625 0.0018148828124999999 0.680710565625 0 0.5131983906250001 0
1 0 0 0 0.031397459375 0.013671875 0.0453720515625 0.025390625 0.050816696875 0.05078125 0.0480943734375 0.0830603171875 0 0 0
1 0 0.8460617062500001 0.001953125 0.8457350265624999 0.017578125 0.8348457343750001 0.03125 0.810344828125 0.0234375 0.696007259375 0.015625 0.6470054453125 0.001953125 0.6061705984375 0 0.6078039921875 0 0.8460617062500001
1 0.37890625 0 0.37890625 0.0644283125 0.38671875 0.1188747734375 0.40234375 0.1569872953125 0.41015625 0.20054446406249998 0.427734375 0.225045371875 0.484375 0.23321234062500001 0.544921875 0.181488203125 0.55859375 0.14609800312500001 0.55859375 0.1352087109375 0.529296875 0.11615245 0.51171875 0.0916515421875 0.5078125 0.0753176046875 0.511672246875 0 0.37890625 0