1 0.19140625 0.204174228125 0.16015625 0.31306715 0.16015625 0.334845734375 0.17578125 0.3947368421875 0.185546875 0.40834845781249995 0.228515625 0.43557168749999997 0.255859375 0.441016334375 0.298828125 0.46279491874999995 0.32421875 0.465517240625 0.333984375 0.46279491874999995 0.359375 0.41651542656249996 0.38671875 0.334845734375 0.40234375 0.2586206890625 0.384765625 0.23411978281249998 0.318359375 0.20145190624999998 0.302734375 0.20145190624999998 0.240234375 0.174228675 0.212890625 0.174228675 0.19140625 0.204174228125
1 0.2346833875 1 0.197265625 0.9745916515624999 0.150390625 0.9473684203125 0.130859375 0.9473684203125 0.111328125 0.9637023593749999 0.08528645781250001 1 0.2346833875 1
1 1 0.42740471874999997 0.984375 0.37840290312499997 0.916015625 0.266787659375 0.904296875 0.266787659375 0.880859375 0.283121596875 0.806640625 0.34845735 0.6484375 0.5308529953125001 0.64453125 0.5526315796875 0.65234375 0.5744101640625 0.71484375 0.710526315625 0.724609375 0.72413793125 0.73046875 0.7214156078125 0.861328125 0.6479128859375 0.896484375 0.6479128859375 0.91015625 0.666969146875 0.9140625 0.6833030859375 0.927734375 0.6969147 0.962890625 0.6696914703125 1 0.623411978125 1 0.42740471874999997
1 0.94827835625 1 0.9609375 0.9773139750000001 0.96875 0.9337568062500001 0.96875 0.8684210531250001 0.9609375 0.8520871140624999 0.9453125 0.7704174234375001 0.9140625 0.6833030859375 0.888671875 0.6479128859375 0.865234375 0.6479128859375 0.818359375 0.6696914703125 0.728515625 0.72413793125 0.703125 0.754083484375 0.69921875 0.781306715625 0.6875 0.8085299453125 0.671875 0.9337568062500001 0.67578125 0.9827586203124999 0.6881510421875 1 0.826605903125 1 0.853515625 0.9963702359375001 0.869140625 0.9800362968749999 0.896484375 0.9963702359375001 0.9303385421874999 1 0.94827835625 1
1 0.9518952546874999 1 0.9609375 0.9773139750000001 0.96875 0.9392014515625 0.96875 0.8629764062499999 0.95703125 0.8357531765624999 0.9453125 0.7704174234375001 0.91796875 0.694192378125 0.90625 0.666969146875 0.888671875 0.6479128859375 0.865234375 0.6479128859375 0.736328125 0.718693284375 0.703125 0.754083484375 0.69921875 0.781306715625 0.6875 0.8085299453125 0.67578125 0.8901996375 0.67578125 0.9446460984374999 0.671875 0.95009074375 0.67578125 0.9827586203124999 0.6881510421875 1 0.8430989578125001 1 0.853515625 0.9963702359375001 0.861328125 0.9854809437500001 0.880859375 0.9854809437500001 0.912109375 1 0.9518952546874999 1
1 1 0.9936479125 0.990234375 0.9909255890625 0.9753534234375 1 1 1 1 0.9936479125
1 0.85546875 0.9664246828125 0.865234375 0.9800362968749999 0.896484375 0.9963702359375001 0.94921875 0.999092559375 0.9609375 0.9718693281249999 0.96875 0.928312159375 0.96875 0.8738656984375 0.9609375 0.8520871140624999 0.923828125 0.8330308531249999 0.873046875 0.8330308531249999 0.865234375 0.8384754984375 0.85546875 0.8575317609375 0.84765625 0.911978221875 0.85546875 0.9664246828125
1 0.890625 0.15517241406249999 0.943359375 0.1252268609375 0.97265625 0.08439201406249999 0.98046875 0.057168784375000004 1 0.0245009078125 0.998046875 0 0.71484375 0.0027223234375 0.724609375 0.021778584375 0.818359375 0.13067150624999999 0.857421875 0.1578947375 0.890625 0.15517241406249999
1 0.984375 0.0517241375 0.96875 0.09528130625 0.939453125 0.1252268609375 0.9296875 0.138838475 0.9296875 0.1497277671875 0.982421875 0.223230490625 1 0.2368421046875 0.998046875 0.032667876562499996 0.984375 0.0517241375
1 0.23828125 0.0027223234375 0.28125 0.09528130625 0.310546875 0.136116153125 0.330078125 0.15245009062499998 0.3515625 0.1497277671875 0.416015625 0.1252268609375 0.53125 0.0027223234375 0.23828125 0.0027223234375
1 0.572265625 0.005444646875 0.556640625 0 0.533203125 0.005444646875 0.412109375 0.13067150624999999 0.341796875 0.1578947375 0.3203125 0.18239564375 0.326171875 0.20145190624999998 0.357421875 0.223230490625 0.373046875 0.223230490625 0.40234375 0.25317604375 0.40234375 0.2803992734375 0.3828125 0.35662431875 0.3671875 0.3947368421875 0.36328125 0.42740471874999997 0.427734375 0.5063520875 0.447265625 0.5172413796875001 0.45703125 0.5145190562499999 0.478515625 0.5063520875 0.509765625 0.47912885625 0.58984375 0.3675136109375 0.6171875 0.31306715 0.630859375 0.30490018124999996 0.65234375 0.26950998125000003 0.65625 0.23139745937499998 0.6484375 0.1987295828125 0.640625 0.10072595312499999 0.572265625 0.005444646875
1 0 0 0 0.17201824062499999 0.173828125 0.0871143375 0.1875 0.0680580765625 0.1875 0.0408348453125 0.1796875 0.00816696875 0.173828125 0 0 0
1 0 0.52722323125 0.01953125 0.5254083484375001 0.076171875 0.5117967328125 0.09765625 0.49274047187500003 0.12109375 0.43829401093750003 0.13671875 0.362068965625 0.13671875 0.34029038125 0.12890625 0.3021778578125 0.099609375 0.26134301249999997 0.052734375 0.23411978281249998 0 0.2271195234375 0 0.52722323125
1 0.3737909234375 1 0.375 0.9882032671875001 0.38671875 0.95009074375 0.38671875 0.928312159375 0.37890625 0.9010889296875 0.39453125 0.8684210531250001 0.3984375 0.84664246875 0.39453125 0.8139745921875001 0.349609375 0.7676951 0.263671875 0.702359346875 0.232421875 0.6914700546875 0.189453125 0.6914700546875 0.169921875 0.6805807625 0.146484375 0.6969147 0.12890625 0.7323049 0.125 0.75952813125 0.1484375 0.7921960078125 0.17578125 0.8575317609375 0.17578125 0.8901996375 0.15625 0.928312159375 0.15625 0.9392014515625 0.193359375 0.9691470046875 0.25027901875 1 0.3737909234375 1
1 0.2109375 0.579854809375 0.2265625 0.6343012703124999 0.244140625 0.6696914703125 0.267578125 0.6860254078125 0.296875 0.6833030859375 0.345703125 0.6696914703125 0.384765625 0.6479128859375 0.39453125 0.6343012703124999 0.3828125 0.5526315796875 0.359375 0.49274047187500003 0.337890625 0.4682395640625 0.283203125 0.46279491874999995 0.248046875 0.47912885625 0.234375 0.4981851171875 0.2109375 0.579854809375
1 0.705078125 0.3593466421875 0.646484375 0.3212341203125 0.630859375 0.3212341203125 0.603515625 0.34845735 0.5859375 0.38384755 0.501953125 0.49001814843749997 0.462890625 0.5172413796875001 0.435546875 0.5172413796875001 0.419921875 0.500907440625 0.404296875 0.4954627953125 0.39453125 0.519963703125 0.39453125 0.5961887484374999 0.3984375 0.6179673328125 0.412109375 0.6370235937500001 0.435546875 0.65335753125 0.447265625 0.65335753125 0.525390625 0.6914700546875 0.544921875 0.6914700546875 0.568359375 0.702359346875 0.599609375 0.702359346875 0.619140625 0.7132486390625 0.6328125 0.710526315625 0.6484375 0.694192378125 0.66796875 0.6397459171875 0.66796875 0.6179673328125 0.640625 0.5526315796875 0.640625 0.536297640625 0.662109375 0.500907440625 0.70703125 0.449183303125 0.72265625 0.41107077968750005 0.72265625 0.38929219531250003 0.705078125 0.3593466421875
1 0.680710565625 1 0.671875 0.9827586203124999 0.671875 0.8901996375 0.6796875 0.8248638843749999 0.6953125 0.77586206875 0.69140625 0.754083484375 0.654296875 0.72413793125 0.587890625 0.7132486390625 0.5546875 0.754083484375 0.546875 0.77586206875 0.53125 0.9446460984374999 0.5131983906250001 1 0.680710565625 1
1 0.0830603171875 1 0.107421875 0.9637023593749999 0.146484375 0.936479128125 0.1640625 0.911978221875 0.171875 0.8901996375 0.171875 0.8684210531250001 0.13671875 0.7867513609375 0.115234375 0.762250453125 0.083984375 0.745916515625 0.056640625 0.745916515625 0.001953125 0.7949183296875 0 0.797640653125 0 1 0.0830603171875 1
1 0.39453125 0.666969146875 0.375 0.7486388390625 0.375 0.781306715625 0.39453125 0.8030853 0.40234375 0.8248638843749999 0.3984375 0.8575317609375 0.40234375 0.8847549906250001 0.408203125 0.892921959375 0.451171875 0.892921959375 0.462890625 0.8820326671875 0.486328125 0.9092558984375 0.517578125 0.9255898359374999 0.53125 0.9228675140625 0.5390625 0.8629764062499999 0.53515625 0.797640653125 0.56640625 0.7159709624999999 0.544921875 0.6969147 0.509765625 0.6914700546875 0.462890625 0.6642468234375001 0.451171875 0.6642468234375001 0.423828125 0.6479128859375 0.408203125 0.6479128859375 0.39453125 0.666969146875
1 0.511672246875 1 0.51171875 0.999092559375 0.5234375 0.9609800359375 0.5234375 0.9446460984374999 0.513671875 0.9310344828125 0.470703125 0.9038112515625001 0.419921875 0.9038112515625001 0.412109375 0.89836660625 0.39453125 0.911978221875 0.39453125 0.9446460984374999 0.37890625 0.9882032671875001 0.37890625 1 0.511672246875 1