1 0 0 0 0.022025553125 0.0411694640625 0.0515625 0.0683926953125 0.0515625 0.1201168328125 0.010546875 0.1256295375 0 0 0
1 0 0 0 0.027096792187500003 0.024835526562499998 0.04765625 0.073837340625 0.06328125 0.1337284484375 0.06328125 0.1990642015625 0.0515625 0.291623184375 0.0203125 0.310679446875 0.006640625 0.310679446875 0 0 0
1 0 0.3529056796875 0.046614110937499995 0.35625 0.073837340625 0.340625 0.15006238593750001 0.32109375 0.1827302625 0.30546875 0.2181204625 0.264453125 0.22356510937500002 0.237109375 0.1854525859375 0.186328125 0.1854525859375 0.178515625 0.13917309375 0.14140625 0.0683926953125 0.10234375 0 0.053275553125 0 0.3529056796875
1 0.459375 0.07310424843749999 0.4168500453125 0.059375 0.3787375234375 0.059375 0.31340176875000003 0.08671875 0.2643999546875 0.09453125 0.2344544015625 0.116015625 0.1990642015625 0.17265625 0.19634187812499998 0.190234375 0.22900975468749998 0.237109375 0.2344544015625 0.295703125 0.2807338921875 0.3328125 0.3297357078125 0.36015625 0.36240358437500003 0.371875 0.38418216875 0.371875 0.459375 0.3154759265625 0.459375 0.07310424843749999
1 0.459375 0.4890625 0.459375 0.44925943906250004 0.45496256874999996 0.44609375 0.41140540000000003 0.4265625 0.346069646875 0.371875 0.3079571234375 0.35625 0.2208427859375 0.30546875 0.20450884687499998 0.3015625 0.1337284484375 0.3328125 0.08472663281250001 0.34453125 0.03572481875 0.38359375 0.0411694640625 0.3875 0.046614110937499995 0.3796875 0.0792819875 0.36796875 0.09017127968750001 0.35625 0.12283915625 0.36015625 0.131006125 0.366015625 0.1146721875 0.381640625 0.1037828953125 0.408984375 0.0983382484375 0.471484375 0.112120009375 0.4890625 0.2919861625 0.4890625 0.3079571234375 0.4734375 0.389626815625 0.47734375 0.4467956 0.4890625 0.459375 0.4890625
1 0.28865337812499997 0.4890625 0.3025124765625 0.4734375 0.3596812609375 0.471484375 0.354236615625 0.451953125 0.3215687390625 0.428515625 0.3052348 0.405078125 0.31340176875000003 0.3953125 0.340625 0.3953125 0.3433473234375 0.389453125 0.3242910609375 0.38359375 0.3025124765625 0.39140625 0.2807338921875 0.39140625 0.248066015625 0.3796875 0.1990642015625 0.371875 0.16639632499999998 0.36796875 0.1555070328125 0.371875 0.15006238593750001 0.36796875 0.1337284484375 0.371875 0.1037828953125 0.416796875 0.10106057187499999 0.4578125 0.1037828953125 0.479296875 0.1130961046875 0.4890625 0.28865337812499997 0.4890625
1 0.7200260421875 0 0.728125 0.026574707812499997 0.74375 0.0393920890625 0.73984375 0.0778442390625 0.7535156234375 0.088525390625 0.7808593765625 0.0927978515625 0.8238281234375 0.04580078125 0.8746093765625 0.0586181640625 0.94296875 0.0351196296875 0.9456445312499999 0 0.7200260421875 0
1 1 0.4890625 1 0 0.9530747765625 0 0.95078125 0.0351196296875 0.97421875 0.0564819328125 0.9332031234375 0.04580078125 0.8785156234375 0.0586181640625 0.8609375 0.0949340828125 0.8511718765625 0.14833984375 0.85703125 0.2957397453125 0.86875 0.3470092765625 0.89609375 0.3897338859375 0.9078125 0.4666381828125 0.905534475 0.4890625 1 0.4890625
1 1 0 0.9494977671874999 0 0.9488281234375 0.003076171875 0.95078125 0.0351196296875 0.9839843765625 0.062890625 1 0.0698974609375 1 0
1 0.459375 0.42362874375 0.4761718765625 0.4175048828125 0.5347656234375 0.4260498046875 0.56015625 0.3640991203125 0.5328125 0.2914672859375 0.5328125 0.2273803703125 0.5171875 0.1547485359375 0.52109375 0.1205688484375 0.4859375 0.030847167187500003 0.459375 0.003454590625 0.459375 0.42362874375
1 0.48527573593750006 0 0.49375 0.0393920890625 0.525 0.1120239265625 0.525 0.1803833015625 0.540625 0.2145629890625 0.53671875 0.2743774421875 0.55625 0.3341918953125 0.5738281234375 0.35341796875 0.6128906234375 0.3576904296875 0.6402343765625 0.336328125 0.6675781234375 0.3406005859375 0.6871093765625 0.3320556640625 0.7125 0.2871948234375 0.7125 0.1803833015625 0.72421875 0.1590209953125 0.72421875 0.0863891609375 0.73984375 0.0607543953125 0.73984375 0.0436645515625 0.72421875 0.026574707812499997 0.7153835234375 0 0.48527573593750006 0
1 0.53671875 0.0992065421875 0.5269531234375 0.122705078125 0.525 0.1761108390625 0.540625 0.2017456046875 0.53671875 0.2701049796875 0.56015625 0.3384643546875 0.5855468765625 0.3576904296875 0.6128906234375 0.3576904296875 0.6402343765625 0.336328125 0.6910156234375 0.327783203125 0.7125 0.2829223640625 0.7125 0.1803833015625 0.72421875 0.1590209953125 0.72421875 0.0863891609375 0.7359375 0.0735717765625 0.73984375 0.0436645515625 0.7144531234375 0.0287109375 0.6910156234375 0.0500732421875 0.6246093765625 0.0415283203125 0.5777343765625 0.054345703125 0.53671875 0.0992065421875
1 0.8830936109374999 0.4890625 0.88828125 0.3982788078125 0.8511718765625 0.2978759765625 0.7847656234375 0.310693359375 0.7183593765625 0.3021484375 0.6714843765625 0.344873046875 0.6480468765625 0.3406005859375 0.6089843765625 0.3662353515625 0.5855468765625 0.3662353515625 0.5542968765625 0.413232421875 0.56015625 0.4880004890625 0.5600175390625 0.4890625 0.8830936109374999 0.4890625
1 1 0.4890625 1 0.3602895109375 0.9839843765625 0.3705078125 0.9019531234375 0.3918701171875 0.9078125 0.4281860359375 0.9634709812499999 0.4890625 1 0.4890625
1 1 0.4890625 1 0.3574768078125 0.9683593765625 0.3747802734375 0.9546875 0.3726440421875 0.9625 0.3640991203125 0.9566406234375 0.3576904296875 0.9410156234375 0.379052734375 0.9019531234375 0.3918701171875 0.9078125 0.4281860359375 0.9634709812499999 0.4890625 1 0.4890625
1 0.86484375 0.0821166984375 0.8511718765625 0.14833984375 0.853125 0.2530151359375 0.86875 0.3427368171875 0.8941406234375 0.3833251953125 0.9136718765625 0.38759765625 0.96640625 0.3384643546875 0.97421875 0.3085571296875 0.9859375 0.2102905265625 0.9859375 0.0735717765625 0.9566406234375 0.04580078125 0.8785156234375 0.0586181640625 0.86484375 0.0821166984375
1 0.459375 0.4890625 0 0.4890625 0 0.9238823499999999 0.459375 0.7569301796875 0.459375 0.4890625
1 0.459375 1 0.459375 0.7520910609375 0.010382582812500001 0.9220927953124999 0.003335359375 1 0.459375 1
1 0.5339743593749999 0.4890625 0.5416666671875 0.49375 0.619791665625 0.4890625 0.5339743593749999 0.4890625
1 0.6666666671874999 0.4890625 0.6208333328125 0.515625 0.6291666671875 0.546875 0.6833333328125001 0.6 0.7375 0.615625 0.95 0.525 0.95 0.521875 0.9269736828124999 0.4890625 0.6666666671874999 0.4890625
1 1 0.4890625 0.944892471875 0.4890625 0.9458333328125 0.490625 0.9791666671874999 0.5125 1 0.505397728125 1 0.4890625
1 0.459375 0.7300502234375 0.5291666671875 0.746875 0.5541666671875001 0.740625 0.6791666671875 0.621875 0.6791666671875 0.615625 0.6041666671875 0.54375 0.5125 0.540625 0.459375 0.572806490625 0.459375 0.7300502234375
1 1 0.5625 0.9666666671874999 0.5625 0.9458333328125 0.578125 0.9333333328125001 0.6625 0.9791666671874999 0.7875 1 0.803125 1 0.5625
1 0.9016927078125001 1 0.9208333328125 0.978125 0.9208333328125 0.965625 0.8791666671874999 0.903125 0.7791666671874999 0.921875 0.725 0.975 0.7208333328125001 1 0.9016927078125001 1
1 1 0.82573529375 0.9625 0.8125 0.8875 0.828125 0.8875 0.88125 0.9333333328125001 0.95625 0.9708333328125001 0.984375 1 0.97890625 1 0.921875 1 0.82573529375
1 0.459375 1 0.64375 1 0.6208333328125 0.965625 0.5583333328125 0.928125 0.459375 0.936960565625 0.459375 1
1 0.8416666671874999 0.89375 0.8708333328125001 0.86875 0.8708333328125001 0.865625 0.85 0.859375 0.8458333328125001 0.80625 0.7375 0.7125 0.6875 0.696875 0.6208333328125 0.7 0.5416666671875 0.765625 0.5541666671875001 0.884375 0.7625 0.9125 0.8416666671874999 0.89375
1 0.7019841265625001 1 0.7416666671875 0.9375 0.7416666671875 0.934375 0.7125 0.915625 0.6125 0.896875 0.5583333328125 0.90625 0.6458333328125 0.975 0.6569444437499999 1 0.7019841265625001 1
1 0.459375 0.9120565875000001 0.5166666671875 0.90625 0.5375 0.8375 0.5375 0.83125 0.5208333328125 0.75625 0.459375 0.7392680921875 0.459375 0.9120565875000001
1 0.9333333328125001 0.771875 0.9416666671874999 0.759375 0.9416666671874999 0.753125 0.9333333328125001 0.69375 0.9125 0.665625 0.9291666671875 0.634375 0.9208333328125 0.584375 0.9041666671874999 0.571875 0.8583333328125 0.575 0.7791666671874999 0.61875 0.7833333328125001 0.65625 0.825 0.696875 0.8541666671874999 0.696875 0.8375 0.734375 0.8625 0.728125 0.875 0.74375 0.8541666671874999 0.7625 0.9333333328125001 0.771875