1 0.509375 0.26517944375 0.49511966875 0.26796875 0.4896750234375 0.2640625 0.4706187609375 0.266015625 0.465174115625 0.293359375 0.4706187609375 0.316796875 0.43522856093750006 0.34609375 0.437950884375 0.359765625 0.48695269999999996 0.391015625 0.48695269999999996 0.418359375 0.4706187609375 0.441796875 0.48695269999999996 0.484765625 0.48695269999999996 0.516015625 0.5005643156249999 0.521875 0.509375 0.518714396875 0.509375 0.3850891078125 0.508731284375 0.375390625 0.509375 0.3749287921875 0.509375 0.26517944375
1 0.1575516109375 0.271875 0.09766050312499999 0.2796875 0.09493818125 0.402734375 0.10310515 0.40859375 0.25011059375 0.39296875 0.3317802859375 0.3734375 0.3889490703125 0.336328125 0.4052830078125 0.320703125 0.4107276546875 0.305078125 0.4052830078125 0.258203125 0.39983836250000004 0.238671875 0.3916713921875 0.2328125 0.3317802859375 0.24453125 0.3045570546875 0.240625 0.2882231171875 0.2640625 0.2609998859375 0.271875 0.21744271718750002 0.27578125 0.211998071875 0.271875 0.1575516109375 0.271875
1 0.3753374546875 0.36171875 0.3317802859375 0.3890625 0.32905796249999997 0.398828125 0.3453919015625 0.418359375 0.3698928078125 0.4359375 0.38622674687499997 0.43984375 0.3916713921875 0.4359375 0.42433926875 0.4359375 0.46245179218750004 0.44375 0.48695269999999996 0.410546875 0.48695269999999996 0.391015625 0.42433926875 0.35390625 0.3753374546875 0.36171875
1 0.0959711921875 0 0.09493818125 0.137109375 0.10582747343750001 0.152734375 0.09493818125 0.180078125 0.1003828265625 0.191796875 0.124883734375 0.20546875 0.1902194875 0.209375 0.2310543328125 0.180078125 0.2746115015625 0.129296875 0.2963900859375 0.086328125 0.31272402499999996 0.070703125 0.3181686703125 0.047265625 0.334502609375 0.027734375 0.3453919015625 0.000390625 0.34593636562499996 0 0.0959711921875 0
1 0.0959283734375 0 0.09493818125 0.137109375 0.1003828265625 0.144921875 0.09493818125 0.156640625 0.1003828265625 0.168359375 0.09493818125 0.180078125 0.1003828265625 0.191796875 0.124883734375 0.20546875 0.1902194875 0.209375 0.23649897968750003 0.176171875 0.2963900859375 0.098046875 0.3453919015625 0.004296875 0.34838645625 0 0.0959283734375 0
1 0.10310515 0.19765625 0.09766050312499999 0.2015625 0.09766050312499999 0.271875 0.2609998859375 0.271875 0.2882231171875 0.2640625 0.3018347328125 0.246484375 0.3018347328125 0.226953125 0.28550079375 0.207421875 0.26644453281249997 0.1546875 0.184774840625 0.21328125 0.1303283796875 0.209375 0.10310515 0.19765625
1 0.10310515 0.14296875 0.09766050312499999 0.15078125 0.09493818125 0.191796875 0.10310515 0.19765625 0.11943908750000001 0.20546875 0.16299625625 0.21328125 0.20110877968750002 0.20546875 0.2582775640625 0.152734375 0.3181686703125 0.055078125 0.2827784703125 0.04921875 0.26916685625 0.055078125 0.26916685625 0.070703125 0.247388271875 0.121484375 0.211998071875 0.16640625 0.1793301953125 0.16640625 0.1521069640625 0.1546875 0.11943908750000001 0.15078125 0.11399444218749999 0.14296875 0.10310515 0.14296875
1 0.11943908750000001 0.4046875 0.09766050312499999 0.4125 0.09493818125 0.461328125 0.1003828265625 0.469140625 0.1793301953125 0.52578125 0.26644453281249997 0.4984375 0.3100017015625 0.47890625 0.32089099375 0.47890625 0.3399472546875 0.465234375 0.3399472546875 0.441796875 0.32905796249999997 0.422265625 0.334502609375 0.410546875 0.32089099375 0.40078125 0.3181686703125 0.430078125 0.32905796249999997 0.437890625 0.32089099375 0.44375 0.2882231171875 0.44375 0.25011059375 0.43203125 0.21744271718750002 0.396875 0.16299625625 0.4046875 0.11943908750000001 0.4046875
1 0.2154009765625 0.56875 0.1276060578125 0.484765625 0.10310515 0.47109375 0.09766050312499999 0.475 0.0967204203125 0.56875 0.2154009765625 0.56875
1 0.509375 0.56875 0.509375 0.524042721875 0.4188946234375 0.5296875 0.38622674687499997 0.5375 0.3753374546875 0.54921875 0.32633563906249996 0.54921875 0.2882231171875 0.55703125 0.28005614843750004 0.56875 0.509375 0.56875
1 0.32633563906249996 0.11953125 0.27733382500000003 0.15078125 0.2746115015625 0.180078125 0.290945440625 0.215234375 0.315446346875 0.240625 0.3535588703125 0.240625 0.40256068437500003 0.22890625 0.43522856093750006 0.2171875 0.4706187609375 0.187890625 0.45972946875 0.141015625 0.437950884375 0.109765625 0.4188946234375 0.1 0.3807821 0.10390625 0.32633563906249996 0.11953125
1 1 0 0.696175934375 0 0.703125 0.08360595781249999 0.71484375 0.1220581046875 0.7402343765625 0.1583740234375 0.7675781234375 0.1754638671875 0.7988281234375 0.1754638671875 0.8261718765625 0.162646484375 0.9199218765625 0.0643798828125 0.9746093765625 0.0387451171875 1 0.03319091875 1 0
1 1 0.56875 1 0.213203940625 0.9941406234375 0.20537109375 0.9550781234375 0.20537109375 0.9238281234375 0.2523681640625 0.8964843765625 0.265185546875 0.859375 0.3100463859375 0.828125 0.3784057609375 0.8125 0.4382202140625 0.8125 0.4809448234375 0.83203125 0.5364868171875 0.8099079249999999 0.56875 1 0.56875
1 0.6621093765625 0.1156494140625 0.6582031234375 0.1498291015625 0.66015625 0.4296752921875 0.6933593765625 0.4318115234375 0.7558593765625 0.401904296875 0.8066406234375 0.41044921875 0.83984375 0.3314086921875 0.7871093765625 0.3292724609375 0.7597656234375 0.316455078125 0.7265625 0.2758666984375 0.6953125 0.1733276359375 0.69140625 0.1220581046875 0.6621093765625 0.1156494140625
1 0.8022020937499998 0.56875 0.8046875 0.5663940421875 0.81640625 0.5151245109375 0.8027343765625 0.41044921875 0.7480468765625 0.4061767578125 0.6972656234375 0.4318115234375 0.6621093765625 0.436083984375 0.6582031234375 0.4489013671875 0.656280740625 0.56875 0.8022020937499998 0.56875
1 0.47234528750000004 1 0.472660503125 0.995703125 0.43727030468750006 0.97421875 0.4263810125 0.97421875 0.404602428125 0.99375 0.22492910625 0.98203125 0.221798434375 1 0.47234528750000004 1
1 0.509375 1 0.509375 0.8292388921875 0.4889944421875 0.851171875 0.4454372734375 0.917578125 0.43727030468750006 0.9546875 0.43454798125 0.964453125 0.49092823125 1 0.509375 1
1 0.509375 0.634612528125 0.464493534375 0.6265625 0.3882684890625 0.61875 0.34471132031249996 0.63046875 0.290264859375 0.63046875 0.290264859375 0.65 0.2957095046875 0.64609375 0.306598796875 0.65 0.3283773828125 0.634375 0.3365443515625 0.640234375 0.268486275 0.6890625 0.2657639515625 0.718359375 0.290264859375 0.759375 0.3937131359375 0.77109375 0.43454798125 0.784765625 0.45088191875000005 0.816015625 0.4590488890625 0.8765625 0.47810515000000003 0.862890625 0.499883734375 0.831640625 0.509375 0.826193034375 0.509375 0.634612528125
1 0.167760321875 0.788671875 0.15414870625 0.884375 0.1568710296875 0.941015625 0.167760321875 0.956640625 0.197705875 0.97421875 0.3937131359375 0.99375 0.42365868906250004 0.976171875 0.4399926265625 0.944921875 0.4454372734375 0.812109375 0.4399926265625 0.792578125 0.420936365625 0.77890625 0.404602428125 0.775 0.3174880890625 0.76328125 0.23581839843750002 0.76328125 0.197705875 0.77109375 0.167760321875 0.788671875
1 0 1 0.22030115625 1 0.2222067828125 0.991796875 0.2167621375 0.980078125 0.19226122968749998 0.97421875 0.1623156765625 0.956640625 0.151426384375 0.917578125 0.132370121875 0.90390625 0.11059153749999999 0.9 0.0425334625 0.925390625 0.01531023125 0.976171875 0 0.9926483156250001 0 1
1 0.045512003125 0.56875 0.009865585937500001 0.589453125 0 0.6015869140625 0 0.79590620625 0.0234772 0.78671875 0.05614507656249999 0.790625 0.072479015625 0.81015625 0.0997022453125 0.7984375 0.1405370921875 0.769140625 0.20042819843749998 0.714453125 0.2167621375 0.706640625 0.23854072187500003 0.687109375 0.2494300140625 0.663671875 0.23854072187500003 0.648046875 0.159593353125 0.59140625 0.132370121875 0.57578125 0.10884925000000001 0.56875 0.045512003125 0.56875
1 0.5422511140624999 0.56875 0.5363281234375 0.6983154296875 0.534375 0.9696166984375001 0.5416852671875 1 0.7106857625 1 0.7140625 0.9952514640625001 0.71796875 0.9482543953124999 0.6847656234375 0.950390625 0.6886718765625 0.941845703125 0.7355468765625 0.9290283203125 0.8019531234375 0.9461181640625 0.8527343765625 0.9204833984375 0.87421875 0.8927124015625001 0.8703125 0.8628051765624999 0.8390625 0.8029907234374999 0.7609375 0.7260864265625 0.76484375 0.6662719734375 0.75703125 0.6150024421875 0.7042968765625 0.5744140625 0.6535156234375 0.5786865234375 0.6183593765625 0.5701416015625 0.6168043171875001 0.56875 0.5422511140624999 0.56875