1 0.111135275 0 0.12421875 0.049498071875 0.173046875 0.11211150156250001 0.192578125 0.11211150156250001 0.270703125 0.0522203953125 0.29609375 0.022274840625 0.29875725625 0 0.111135275 0
1 0.359375 0 0.3030537921875 0 0.30390625 0.005940903125 0.3 0.022274840625 0.2765625 0.054942717187500004 0.253125 0.14205705468750002 0.253125 0.1856142234375 0.274609375 0.2210044234375 0.317578125 0.24822765468750002 0.359375 0.2870661296875 0.359375 0.11870557343749999 0.35859375 0.11483382499999999 0.35859375 0.08761059375 0.359375 0.0859772 0.359375 0
1 0.13203125 0.065832009375 0.11640625 0.033164132812500004 0.106640625 0.0304418109375 0.083203125 0.041331103125000004 0.065625 0.0984998859375 0.0578125 0.109389178125 0.06171875 0.1475017015625 0.08125 0.2019481625 0.102734375 0.2427830078125 0.161328125 0.2373383625 0.192578125 0.2210044234375 0.21015625 0.2019481625 0.21796875 0.17472493125 0.2140625 0.109389178125 0.173046875 0.11211150156250001 0.13203125 0.065832009375
1 0 0 0 0.1021750234375 0.012890625 0.10666685625000001 0.055859375 0.10666685625000001 0.06953125 0.0821659484375 0.085906190625 0 0 0
1 0.337109375 0.2700062390625 0.28828125 0.2346160390625 0.278515625 0.231893715625 0.262890625 0.24822765468750002 0.239453125 0.231893715625 0.223828125 0.2373383625 0.1984375 0.283617853125 0.19453125 0.32173037656250003 0.1984375 0.338064315625 0.235546875 0.3788991609375 0.255078125 0.38434380625000003 0.286328125 0.3516759296875 0.313671875 0.3407866375 0.35078125 0.3053964390625 0.35078125 0.2890625 0.337109375 0.2700062390625
1 0 0.41875 0.2586889203125 0.41875 0.25703125 0.397955421875 0.247265625 0.38434380625000003 0.231640625 0.3788991609375 0.1984375 0.338064315625 0.19453125 0.294507146875 0.1984375 0.2727285609375 0.19453125 0.26183926875 0.173046875 0.2373383625 0.137890625 0.2373383625 0.118359375 0.24822765468750002 0.102734375 0.2427830078125 0.0734375 0.1910588703125 0.0578125 0.13661240937500002 0.044140625 0.12300079374999999 0.03046875 0.12027847031250001 0.012890625 0.1175561484375 0.001171875 0.13389008593750001 0 0.13389008593750001 0 0.41875
1 0 0.240550703125 0.024609375 0.2645615921875 0.04609375 0.2509499765625 0.0578125 0.2291713921875 0.06171875 0.20739280781249997 0.0734375 0.19650351562499999 0.0578125 0.13661240937500002 0.044140625 0.12300079374999999 0.03046875 0.12027847031250001 0.012890625 0.1175561484375 0.001171875 0.13389008593750001 0 0.13389008593750001 0 0.240550703125
0 0.8182942703125 0 0.7984375 0.0317708328125 0.8109375 0.0692708328125 0.8109375 0.1776041671875 0.8671875 0.22760416718749998 0.8765625 0.22760416718749998 0.9546875 0.1526041671875 0.9734375 0.1109375 0.9359375 0.0401041671875 0.9078125 0.0151041671875 0.901519096875 0 0.8182942703125 0
0 0.5828125 0.40260416718750003 0.6265625 0.4067708328125 0.6453125 0.4067708328125 0.6890625 0.3859375 0.7109375 0.3567708328125 0.7140625 0.3192708328125 0.6953125 0.2484375 0.6609375 0.1942708328125 0.6140625 0.21510416718749997 0.5765625 0.2692708328125 0.5578125 0.3526041671875 0.5828125 0.40260416718750003
0 0.4484375 0.2234375 0.4734375 0.2442708328125 0.4765625 0.2401041671875 0.5671875 0.21510416718749997 0.5609375 0.1276041671875 0.5765625 0.0442708328125 0.5484375 0.0359375 0.4953125 0.0609375 0.4296875 0.06510416718749999 0.4203125 0.0817708328125 0.4234375 0.15677083281249998 0.4484375 0.2234375
0 0.359375 0.3322172625 0.3671875 0.3359375 0.3828125 0.3359375 0.4265625 0.3151041671875 0.4453125 0.2609375 0.4453125 0.2234375 0.4046875 0.1442708328125 0.3609375 0.1484375 0.359375 0.1529513890625 0.359375 0.3322172625
0 0.8861572265625 0.41875 0.8328125 0.3692708328125 0.793229165625 0.41875 0.8861572265625 0.41875
0 0.1153024203125 0.9583456203124999 0.1892476328125 0.9265218718749999 0.22705873593749998 0.866308596875 0.1819292765625 0.837015578125 0.1367999125 0.7784296640624999 0.11484502968750002 0.7279806875 0.05629883125 0.7768023015625 0.038003128125 0.8060951984375 0.09167054531249999 0.9086206375 0.1153024203125 0.9583456203124999
0 0.5179398140625 0.41875 0.46875 0.47083333281249995 0.46875 0.5708333328124999 0.584375 0.7375 0.609375 0.75 0.628125 0.75 0.696875 0.6583333328125001 0.6875 0.6458333328125001 0.70625 0.6041666671875 0.725 0.5958333328125 0.721875 0.5791666671875 0.759375 0.5583333328125 0.8399038453125 0.41875 0.659375 0.41875 0.61875 0.425 0.6078125 0.41875 0.5179398140625 0.41875
0 0.703125 0.8125 0.771875 0.8458333328125001 0.775 0.8458333328125001 0.809375 0.8458333328125001 0.840625 0.8125 0.834375 0.8041666671875 0.859375 0.7708333328125001 0.871875 0.7083333328125001 0.83125 0.6791666671875 0.778125 0.5833333328125 0.75625 0.5708333328124999 0.746875 0.5958333328125 0.7 0.6166666671875001 0.678125 0.675 0.6625 0.6666666671874999 0.63125 0.7416666671875 0.653125 0.7791666671874999 0.671875 0.775 0.703125 0.8125
0 0.734375 1 0.765625 0.9791666671874999 0.771875 0.8666666671875 0.684375 0.8125 0.621875 0.8083333328125001 0.59375 0.8333333328125001 0.590625 0.9458333328125 0.621875 0.9916666671875 0.637946428125 1 0.734375 1
0 0.8474798390625 0.41875 0.79375 0.5041666671875 0.78125 0.5541666671875001 0.8125 0.6416666671875 0.865625 0.6958333328125 0.890625 0.6958333328125 0.928125 0.6875 0.975 0.6416666671875 0.9625 0.6291666671874999 0.98125 0.6041666671875 0.9875 0.6208333328125001 1 0.6166666671875001 1 0.55 0.98125 0.5333333328125 0.996875 0.5166666671875 0.99375 0.5 0.935859375 0.41875 0.8474798390625 0.41875
0 0.8470170453125 0.41875 0.784375 0.5208333328125 0.784375 0.5833333328125 0.809375 0.6375 0.86875 0.6958333328125 0.8875 0.6958333328125 0.928125 0.6833333328125001 0.959375 0.65 0.975 0.6666666671874999 0.98125 0.65 1 0.6583333328125001 1 0.55 0.984375 0.5333333328125 1 0.5 0.92890625 0.41875 0.8470170453125 0.41875
0 1 0.8875 0.990625 0.8958333328125001 0.98125 0.875 0.95625 0.8958333328125001 0.95 0.8625 0.903125 0.8625 0.875 0.8375 0.778125 0.8708333328125001 0.78125 0.9833333328125 0.8138888906249999 1 1 1 1 0.9375 0.975 0.9416666671874999 0.96875 0.9041666671874999 1 0.9 1 0.8875
0 1 0.75 0.928125 0.7 0.8625 0.7041666671875 0.85625 0.7583333328125 0.8375 0.7833333328125001 0.840625 0.8291666671875 0.909375 0.8458333328125001 0.9125 0.8458333328125001 0.95625 0.8125 0.98125 0.8125 0.96875 0.8041666671875 1 0.7916666671874999 1 0.75
0 0.3646484375 0.41875 0.359375 0.4225 0.359375 0.5364583328125 0.39375 0.5708333328124999 0.4 0.5708333328124999 0.45625 0.5583333328125 0.4625 0.4875 0.459375 0.45416666718750004 0.42142857187500005 0.41875 0.3646484375 0.41875
0 0.359375 0.7151041671874999 0.375 0.7333333328125 0.3875 0.7291666671874999 0.4 0.7625 0.40625 0.7625 0.4125 0.75 0.459375 0.75 0.50625 0.675 0.490625 0.6208333328125001 0.446875 0.5791666671875 0.38125 0.5791666671875 0.359375 0.6166666671875001 0.359375 0.7151041671874999
0 0.359375 0.93194444375 0.375 0.9458333328125 0.475 0.9625 0.478125 0.9625 0.51875 0.9208333328125 0.521875 0.8833333328125 0.50625 0.8583333328125 0.496875 0.8791666671874999 0.453125 0.8666666671875 0.4125 0.8041666671875 0.396875 0.7916666671874999 0.36875 0.8 0.359375 0.78125 0.359375 0.93194444375
0 0.50625 0.7916666671874999 0.540625 0.8583333328125 0.54375 0.8583333328125 0.571875 0.8375 0.603125 0.7666666671875 0.5125 0.6583333328125001 0.459375 0.7666666671875 0.50625 0.7916666671874999
0 0.44375 0.8583333328125 0.48125 0.8791666671874999 0.509375 0.8791666671874999 0.5375 0.8583333328125 0.540625 0.8416666671874999 0.525 0.8208333328125 0.534375 0.7958333328125 0.45625 0.75 0.425 0.7791666671874999 0.425 0.8208333328125 0.44375 0.8583333328125
0 0.4827380953125 1 0.48125 0.9916666671875 0.4375 0.9666666671874999 0.3875 0.9708333328125001 0.37534722187499997 1 0.4827380953125 1
0 0.6052083343750001 1 0.590625 0.9708333328125001 0.54375 0.9541666671875 0.496875 0.9791666671874999 0.4975852265625 1 0.6052083343750001 1