1 0.5944010421875 0 0.6328125 0.0535390203125 0.6328125 0.1134301265625 0.625 0.15154265 0.60546875 0.1842105265625 0.611328125 0.1978221421875 0.6328125 0.19509981875 0.666015625 0.1705989109375 0.693359375 0.13248638906250002 0.783203125 0.0453720515625 0.796875 0.02087114375 0.8006184890625001 0 0.5944010421875 0
1 0.46302083281249995 0 0.45703125 0.02087114375 0.45703125 0.1134301265625 0.453125 0.12431941875000001 0.4609375 0.15154265 0.486328125 0.2032667875 0.517578125 0.21960072656250001 0.53125 0.216878403125 0.580078125 0.1978221421875 0.607421875 0.1760435578125 0.625 0.15154265 0.63671875 0.08076225000000001 0.6328125 0.0535390203125 0.6171875 0.0263157890625 0.5965091765625 0 0.46302083281249995 0
1 0.4322102859375 0 0.43359375 0.015426496875000001 0.453125 0.042649728125 0.4607747390625 0 0.4322102859375 0
1 0.8044704859375 0 0.796875 0.0317604359375 0.775390625 0.0617059890625 0.68359375 0.15154265 0.68359375 0.1787658796875 0.74609375 0.2713248640625 0.765625 0.30943738593750003 0.779296875 0.31760435625 0.79296875 0.3148820328125 0.826171875 0.3067150640625 0.8515625 0.28221415625 0.85546875 0.2441016328125 0.84765625 0.23321234062500001 0.84765625 0.2059891109375 0.890625 0.1188747734375 0.97265625 0.0045372046875 0.97265625 0 0.8044704859375 0
1 0.302734375 0.43194192343750004 0.251953125 0.43738657031250006 0.248046875 0.44283121562499994 0.166015625 0.43738657031250006 0.15234375 0.42377495468750004 0.14453125 0.3802177859375 0.138671875 0.3720508171875 0.111328125 0.3883847546875 0.1015625 0.40199637031249996 0.1015625 0.434664246875 0.10546875 0.4401088921875 0.1015625 0.45099818437500006 0.107421875 0.4646098 0.138671875 0.4646098 0.181640625 0.4809437390625 0.205078125 0.4646098 0.232421875 0.4646098 0.263671875 0.513611615625 0.27734375 0.5163339390624999 0.306640625 0.4809437390625 0.330078125 0.486388384375 0.357421875 0.4809437390625 0.359375 0.46188747656249995 0.35546875 0.45644283124999996 0.3671875 0.3965517234375 0.361328125 0.3938294015625 0.341796875 0.4101633390625 0.330078125 0.4101633390625 0.302734375 0.43194192343750004
1 0.30859375 0.19509981875 0.302734375 0.18693284999999998 0.28515625 0.216878403125 0.28515625 0.2441016328125 0.263671875 0.268602540625 0.240234375 0.2849364796875 0.228515625 0.2849364796875 0.208984375 0.268602540625 0.193359375 0.268602540625 0.173828125 0.2849364796875 0.15625 0.325771325 0.15625 0.3421052625 0.14453125 0.35843920156250003 0.1484375 0.407441015625 0.15625 0.4292196 0.166015625 0.43738657031250006 0.28515625 0.434664246875 0.328125 0.41288566250000003 0.328125 0.40199637031249996 0.314453125 0.3938294015625 0.2890625 0.3529945546875 0.2890625 0.30943738593750003 0.296875 0.2658802171875 0.30859375 0.23865698750000003 0.30859375 0.216878403125 0.30078125 0.21143375625 0.30859375 0.19509981875
1 0.365234375 0.5462794921875 0.318359375 0.5408348453125 0.302734375 0.5462794921875 0.287109375 0.5626134296874999 0.25 0.6197822140625 0.23046875 0.70145190625 0.21484375 0.84845735 0.220703125 0.85662431875 0.34375 0.8539019968750001 0.3515625 0.7940108890625 0.3515625 0.739564428125 0.34765625 0.7341197828125 0.3515625 0.6905626140625001 0.359375 0.6633393828124999 0.3828125 0.6470054453125 0.37890625 0.6197822140625 0.390625 0.5598911078125 0.384765625 0.5517241375 0.365234375 0.5462794921875
1 0.205078125 0.6061705984375 0.224609375 0.6225045375 0.234375 0.6197822140625 0.26171875 0.5762250453125 0.26953125 0.52722323125 0.232421875 0.4646098 0.212890625 0.4646098 0.1796875 0.4891107078125 0.1875 0.52722323125 0.1875 0.5598911078125 0.18359375 0.5653357531250001 0.1875 0.5816696921875 0.205078125 0.6061705984375
1 0.36328125 0.3747731390625 0.3671875 0.34754990937499997 0.349609375 0.3230490015625 0.330078125 0.31215970937500004 0.314453125 0.3230490015625 0.29296875 0.3529945546875 0.318359375 0.3938294015625 0.330078125 0.40471869375 0.3359375 0.40199637031249996 0.36328125 0.3747731390625
1 0.478515625 0.268602540625 0.46484375 0.2931034484375 0.4609375 0.320326678125 0.4609375 0.46733212343749997 0.46484375 0.47822141562500003 0.474609375 0.486388384375 0.61328125 0.48366606093750003 0.62109375 0.4401088921875 0.66015625 0.3965517234375 0.66015625 0.29854809375 0.65234375 0.2713248640625 0.638671875 0.2631578953125 0.576171875 0.2631578953125 0.533203125 0.2849364796875 0.513671875 0.2849364796875 0.501953125 0.2740471875 0.478515625 0.268602540625
1 0.3984375 0.173321234375 0.40234375 0.2658802171875 0.4140625 0.2931034484375 0.427734375 0.3067150640625 0.4609375 0.30943738593750003 0.46875 0.276769509375 0.48046875 0.260435571875 0.47265625 0.2495462796875 0.4765625 0.1842105265625 0.45703125 0.14609800312500001 0.451171875 0.11615245 0.416015625 0.11070780468750001 0.40234375 0.129764065625 0.40234375 0.1678765875 0.3984375 0.173321234375
1 1 0.592558984375 0.951171875 0.5408348453125 0.927734375 0.5353901999999999 0.90625 0.5598911078125 0.8828125 0.6034482765625 0.8828125 0.6687840296875 0.892578125 0.7041742281250001 0.904296875 0.7041742281250001 0.931640625 0.731397459375 0.9375 0.7286751359375 0.958984375 0.6932849359375 1 0.652450090625 1 0.592558984375
1 0.595703125 0.617059890625 0.576171875 0.6333938296875 0.552734375 0.638838475 0.537109375 0.6551724140624999 0.494140625 0.6769509984375001 0.443359375 0.7205081671875 0.4140625 0.7613430125 0.41796875 0.8266787656249999 0.431640625 0.8511796734375 0.443359375 0.85662431875 0.470703125 0.8457350265624999 0.486328125 0.85662431875 0.84765625 0.8539019968750001 0.865234375 0.8511796734375 0.87109375 0.8321234125 0.828125 0.71778584375 0.8046875 0.6361161531249999 0.775390625 0.57894736875 0.728515625 0.5462794921875 0.708984375 0.5462794921875 0.630859375 0.59528130625 0.623046875 0.6061705984375 0.595703125 0.617059890625
1 0.4140625 0.7613430125 0.41796875 0.8266787656249999 0.431640625 0.8511796734375 0.443359375 0.85662431875 0.455078125 0.8511796734375 0.466796875 0.85662431875 0.478515625 0.8511796734375 0.486328125 0.85662431875 0.86328125 0.8539019968750001 0.87109375 0.84845735 0.87109375 0.8266787656249999 0.80078125 0.6252268609375 0.775390625 0.57894736875 0.732421875 0.5462794921875 0.697265625 0.5517241375 0.619140625 0.6061705984375 0.525390625 0.6551724140624999 0.447265625 0.7150635203125 0.4140625 0.7613430125
1 0.82421875 0.3366606171875 0.814453125 0.3284936484375 0.787109375 0.3284936484375 0.697265625 0.3502722328125 0.68359375 0.3747731390625 0.67578125 0.41288566250000003 0.6796875 0.45644283124999996 0.69921875 0.47822141562500003 0.720703125 0.5408348453125 0.748046875 0.5517241375 0.767578125 0.5680580765625 0.806640625 0.6279491828125 0.8203125 0.6252268609375 0.869140625 0.600725953125 0.91015625 0.549001815625 0.91796875 0.494555353125 0.91796875 0.45644283124999996 0.91015625 0.4292196 0.900390625 0.4156079859375 0.869140625 0.4101633390625 0.841796875 0.3938294015625 0.8203125 0.36388384687499997 0.82421875 0.3366606171875
1 0.708984375 0.5462794921875 0.583984375 0.6279491828125 0.57421875 0.6415607984375 0.56640625 0.6742286749999999 0.59375 0.7286751359375 0.630859375 0.85662431875 0.8359375 0.8539019968750001 0.865234375 0.8511796734375 0.87109375 0.8430127046875 0.8671875 0.8157894734375001 0.84375 0.7613430125 0.8046875 0.6361161531249999 0.78125 0.5871143375 0.763671875 0.5680580765625 0.755859375 0.5680580765625 0.732421875 0.5462794921875 0.708984375 0.5462794921875
1 0.3515625 0.8539019968750001 0.421875 0.8539019968750001 0.42578125 0.84845735 0.4140625 0.8212341203125 0.41015625 0.766787659375 0.46875 0.6851179671875001 0.416015625 0.66606170625 0.396484375 0.6497277671874999 0.376953125 0.6497277671874999 0.359375 0.6633393828124999 0.3515625 0.6905626140625001 0.3515625 0.8539019968750001
1 0.57421875 0.6687840296875 0.568359375 0.6333938296875 0.470703125 0.6932849359375 0.41796875 0.7504537203125 0.41015625 0.78856624375 0.41796875 0.8321234125 0.42578125 0.84845735 0.431640625 0.85662431875 0.47265625 0.8539019968750001 0.48046875 0.84845735 0.48046875 0.8375680578125 0.47265625 0.8321234125 0.46875 0.7994555359375 0.45703125 0.7722323046875 0.45703125 0.739564428125 0.501953125 0.7041742281250001 0.552734375 0.68239564375 0.568359375 0.68239564375 0.57421875 0.6687840296875
1 0.0436197921875 0 0.05078125 0.009981851562500001 0.07421875 0.12431941875000001 0.123046875 0.18693284999999998 0.140625 0.1842105265625 0.20703125 0.0916515421875 0.21484375 0.0644283125 0.21484375 0.042649728125 0.203125 0.015426496875000001 0.18959779999999998 0 0.0436197921875 0
1 0.212890625 0.617059890625 0.201171875 0.6225045375 0.181640625 0.6116152453125 0.158203125 0.6116152453125 0.14453125 0.63067150625 0.14453125 0.6415607984375 0.125 0.6851179671875001 0.09765625 0.7722323046875 0.154296875 0.8511796734375 0.162109375 0.85662431875 0.2109375 0.8539019968750001 0.21875 0.8321234125 0.21875 0.78856624375 0.2265625 0.7341197828125 0.19140625 0.70145190625 0.1796875 0.6633393828124999 0.1796875 0.63067150625 0.185546875 0.6225045375 0.193359375 0.6333938296875 0.22265625 0.63067150625 0.212890625 0.617059890625
1 0 0.8553904609374999 0.1484375 0.8539019968750001 0.15234375 0.84845735 0.138671875 0.8239564421875001 0.044921875 0.7259528125 0 0.6922378890625 0 0.8553904609374999
1 0 0.3081809296875 0.0078125 0.303992740625 0.01953125 0.2495462796875 0.01171875 0.23321234062500001 0.013671875 0.2032667875 0.015625 0.23321234062500001 0.021484375 0.24137931093749998 0.044921875 0.24682395625 0.076171875 0.23593466406250002 0.0859375 0.21143375625 0.0625 0.0916515421875 0.0625 0.0698729578125 0.041015625 0.0018148828124999999 0.001953125 0.007259528125 0 0.008892921875 0 0.3081809296875
1 0 0.6728675140625 0.013671875 0.6769509984375001 0.05078125 0.6742286749999999 0.06640625 0.6633393828124999 0.07421875 0.6252268609375 0.07421875 0.5762250453125 0.0859375 0.5653357531250001 0.09375 0.5326678765625 0.1015625 0.407441015625 0.091796875 0.3883847546875 0.029296875 0.3774954625 0 0.3928085296875 0 0.6728675140625
1 0 0.3889292203125 0.021484375 0.382940109375 0.03125 0.36932849375 0.02734375 0.29854809375 0.017578125 0.268602540625 0.01171875 0.2713248640625 0.01171875 0.2931034484375 0 0.305807621875 0 0.3889292203125
1 0.14453125 0.216878403125 0.15234375 0.2223230484375 0.15625 0.23865698750000003 0.173828125 0.2631578953125 0.212890625 0.268602540625 0.228515625 0.2849364796875 0.23828125 0.28221415625 0.248046875 0.2794918328125 0.27734375 0.2495462796875 0.28125 0.216878403125 0.296875 0.1842105265625 0.27734375 0.1188747734375 0.248046875 0.078039928125 0.228515625 0.078039928125 0.197265625 0.0998185125 0.13671875 0.189655171875 0.14453125 0.216878403125
1 1 0.2223230484375 0.978515625 0.208711434375 0.966796875 0.18693284999999998 0.958984375 0.18693284999999998 0.939453125 0.2141560796875 0.923828125 0.21960072656250001 0.896484375 0.2141560796875 0.8671875 0.254990925 0.86328125 0.2713248640625 0.919921875 0.3284936484375 0.974609375 0.399274046875 0.994140625 0.4156079859375 1 0.41288566250000003 1 0.2223230484375
1 1 0.0263157890625 0.986328125 0.012704175000000002 0.974609375 0.012704175000000002 0.88671875 0.129764065625 0.8515625 0.20054446406249998 0.84765625 0.2277676953125 0.859375 0.2495462796875 0.859375 0.276769509375 0.8359375 0.3148820328125 0.82421875 0.34754990937499997 0.82421875 0.36388384687499997 0.833984375 0.382940109375 0.849609375 0.3938294015625 0.892578125 0.4101633390625 0.904296875 0.4101633390625 0.923828125 0.3883847546875 0.935546875 0.3938294015625 0.958984375 0.3883847546875 0.994140625 0.4156079859375 1 0.41288566250000003 1 0.0263157890625
1 1 0.0263157890625 0.986328125 0.012704175000000002 0.974609375 0.012704175000000002 0.890625 0.12431941875000001 0.88671875 0.1842105265625 0.904296875 0.2141560796875 0.91796875 0.216878403125 0.939453125 0.208711434375 0.95703125 0.1842105265625 0.953125 0.16243194218749998 0.9609375 0.1352087109375 0.98828125 0.08076225000000001 1 0.0698729578125 1 0.0263157890625
1 1 0.216878403125 0.998046875 0.06715063593750001 0.9609375 0.1352087109375 0.953125 0.1678765875 0.986328125 0.2141560796875 1 0.216878403125
1 0.59375 0.23865698750000003 0.59375 0.254990925 0.599609375 0.2631578953125 0.638671875 0.2631578953125 0.65234375 0.2713248640625 0.66015625 0.29854809375 0.66015625 0.3965517234375 0.66796875 0.40199637031249996 0.6796875 0.391107078125 0.68359375 0.36388384687499997 0.693359375 0.3502722328125 0.736328125 0.339382940625 0.759765625 0.3284936484375 0.76953125 0.3148820328125 0.677734375 0.1705989109375 0.634765625 0.2032667875 0.603515625 0.208711434375 0.59375 0.23865698750000003
1 0.3828125 0.6361161531249999 0.408203125 0.660617059375 0.443359375 0.6769509984375001 0.47265625 0.6742286749999999 0.50390625 0.6252268609375 0.51953125 0.5707804000000001 0.5234375 0.5326678765625 0.513671875 0.513611615625 0.482421875 0.49183303125 0.435546875 0.4809437390625 0.40625 0.5163339390624999 0.39453125 0.549001815625 0.3828125 0.5980036296875 0.3828125 0.6361161531249999