1 0.4044596359375 0 0.40625 0.009981851562500001 0.419921875 0.0290381125 0.486328125 0.0235934671875 0.498046875 0.0399274046875 0.51953125 0.03720508125 0.603515625 0.007259528125 0.60640914375 0 0.4044596359375 0
1 0.859375 0.5544464609374999 0.8515625 0.5326678765625 0.830078125 0.50816696875 0.802734375 0.50816696875 0.798828125 0.5027223234375 0.755859375 0.50816696875 0.73828125 0.52722323125 0.73046875 0.549001815625 0.73046875 0.63067150625 0.71875 0.6742286749999999 0.71875 0.723230490625 0.69921875 0.7504537203125 0.6953125 0.7994555359375 0.712890625 0.8294010890625 0.736328125 0.8457350265624999 0.8203125 0.8539019968750001 0.865234375 0.8511796734375 0.890625 0.78856624375 0.9375 0.7341197828125 0.9453125 0.71778584375 0.9453125 0.679673321875 0.94921875 0.6742286749999999 0.9453125 0.6197822140625 0.927734375 0.6061705984375 0.884765625 0.5898366609375 0.859375 0.5544464609374999
1 0.751953125 0.50816696875 0.814453125 0.5027223234375 0.828125 0.47822141562500003 0.82421875 0.45099818437500006 0.802734375 0.42105263125 0.787109375 0.42105263125 0.767578125 0.43738657031250006 0.669921875 0.31760435625 0.654296875 0.31760435625 0.59375 0.407441015625 0.57421875 0.4455535390625 0.52734375 0.6742286749999999 0.52734375 0.70145190625 0.55078125 0.745009075 0.607421875 0.818511796875 0.6328125 0.8375680578125 0.658203125 0.81306715 0.685546875 0.8021778578125 0.6953125 0.78856624375 0.69921875 0.745009075 0.71484375 0.723230490625 0.71484375 0.679673321875 0.7265625 0.63067150625 0.7265625 0.5762250453125 0.734375 0.5326678765625 0.751953125 0.50816696875
1 0.755859375 0.747731396875 0.7734375 0.745009075 0.79296875 0.71778584375 0.80859375 0.6415607984375 0.8046875 0.6252268609375 0.791015625 0.6061705984375 0.775390625 0.59528130625 0.744140625 0.59528130625 0.7265625 0.63067150625 0.71484375 0.6851179671875001 0.71484375 0.71778584375 0.755859375 0.747731396875
1 1 0.6922378890625 0.994140625 0.687840290625 0.966796875 0.6987295828125 0.88671875 0.7994555359375 0.87109375 0.8375680578125 0.876953125 0.85662431875 1 0.8553904609374999 1 0.6922378890625
1 0.908203125 0 0.884765625 0.007259528125 0.85546875 0.0317604359375 0.85546875 0.0644283125 0.86328125 0.0916515421875 0.853515625 0.1052631578125 0.837890625 0.11070780468750001 0.83203125 0.12431941875000001 0.83203125 0.1569872953125 0.84765625 0.2658802171875 0.85546875 0.2876588015625 0.873046875 0.3067150640625 0.9375 0.320326678125 0.982421875 0.31760435625 1 0.3081809296875 1 0.008892921875 0.9921875 0.015426496875000001 0.99609375 0.0317604359375 0.990234375 0.034482759375 0.9709924765625001 0 0.908203125 0
1 1 0.3928085296875 0.998046875 0.3938294015625 0.966796875 0.3938294015625 0.931640625 0.3502722328125 0.869140625 0.34482758593749996 0.865234375 0.339382940625 0.841796875 0.339382940625 0.810546875 0.355716878125 0.80078125 0.36932849375 0.796875 0.391107078125 0.80078125 0.41288566250000003 0.82421875 0.4401088921875 0.83203125 0.46188747656249995 0.8359375 0.5 0.873046875 0.5680580765625 0.892578125 0.5898366609375 0.943359375 0.6116152453125 0.958984375 0.660617059375 1 0.6728675140625 1 0.3928085296875
1 1 0.305807621875 0.994140625 0.31215970937500004 0.935546875 0.31760435625 0.9296875 0.325771325 0.93359375 0.3421052625 0.962890625 0.3883847546875 0.970703125 0.3938294015625 0.9921875 0.391107078125 1 0.3889292203125 1 0.305807621875
1 0.46875 0.7994555359375 0.46484375 0.766787659375 0.439453125 0.7368421046875 0.361328125 0.6769509984375001 0.341796875 0.6769509984375001 0.29296875 0.739564428125 0.265625 0.8430127046875 0.271484375 0.85662431875 0.453125 0.8539019968750001 0.46875 0.7994555359375
1 0.443359375 0.5680580765625 0.421875 0.6034482765625 0.421875 0.6470054453125 0.4453125 0.7341197828125 0.46875 0.766787659375 0.47265625 0.7831215968749999 0.46875 0.810344828125 0.4765625 0.8430127046875 0.486328125 0.85662431875 0.62109375 0.8539019968750001 0.62890625 0.8430127046875 0.599609375 0.81306715 0.54296875 0.7341197828125 0.52734375 0.70145190625 0.52734375 0.6742286749999999 0.5625 0.5 0.5625 0.47822141562500003 0.556640625 0.47549909218749997 0.486328125 0.5408348453125 0.443359375 0.5680580765625
1 0.23046875 0.6415607984375 0.2265625 0.679673321875 0.234375 0.6905626140625001 0.251953125 0.747731396875 0.275390625 0.7586206890625 0.28515625 0.7558983671874999 0.30078125 0.723230490625 0.341796875 0.6769509984375001 0.3828125 0.679673321875 0.38671875 0.61433756875 0.37890625 0.5871143375 0.361328125 0.5680580765625 0.330078125 0.5517241375 0.271484375 0.5462794921875 0.25 0.5871143375 0.23046875 0.6415607984375
1 0 0.8539019968750001 0.046875 0.8539019968750001 0.099609375 0.8511796734375 0.111328125 0.8457350265624999 0.1171875 0.8321234125 0.1015625 0.7613430125 0.09765625 0.6905626140625001 0.056640625 0.6279491828125 0.037109375 0.617059890625 0.009765625 0.617059890625 0 0.6252268609375 0 0.8539019968750001
1 0.12109375 0.8266787656249999 0.12109375 0.84845735 0.126953125 0.85662431875 0.25390625 0.8539019968750001 0.26171875 0.8375680578125 0.2578125 0.8049001812500001 0.23828125 0.7068965515625 0.224609375 0.68239564375 0.181640625 0.68239564375 0.150390625 0.6932849359375 0.123046875 0.6932849359375 0.1015625 0.7068965515625 0.1015625 0.7504537203125 0.12109375 0.8266787656249999
1 0 0.5762250453125 0.0078125 0.5762250453125 0.041015625 0.5680580765625 0.07421875 0.521778584375 0.09375 0.48366606093750003 0.12109375 0.40199637031249996 0.125 0.35843920156250003 0.09765625 0.303992740625 0.09765625 0.2713248640625 0.0703125 0.2223230484375 0.001953125 0.15970961875 0 0.5762250453125
1 0 0.5762250453125 0.0078125 0.5762250453125 0.041015625 0.5680580765625 0.07421875 0.521778584375 0.09375 0.48366606093750003 0.12109375 0.40199637031249996 0.125 0.36388384687499997 0.09765625 0.303992740625 0.09765625 0.2713248640625 0.060546875 0.2141560796875 0.001953125 0.15970961875 0 0.5762250453125
1 0.3671875 0.505444646875 0.392578125 0.5517241375 0.408203125 0.5571687843750001 0.431640625 0.5408348453125 0.447265625 0.5571687843750001 0.45703125 0.5544464609374999 0.505859375 0.5190562609375 0.51953125 0.5 0.51953125 0.48366606093750003 0.482421875 0.44827586249999996 0.455078125 0.43738657031250006 0.423828125 0.40471869375 0.404296875 0.4101633390625 0.3671875 0.45099818437500006 0.36328125 0.46733212343749997 0.3671875 0.505444646875
1 0.36328125 0.494555353125 0.3671875 0.45099818437500006 0.400390625 0.4101633390625 0.416015625 0.40471869375 0.42578125 0.391107078125 0.4296875 0.3421052625 0.42578125 0.3366606171875 0.419921875 0.24137931093749998 0.400390625 0.23593466406250002 0.361328125 0.252268603125 0.283203125 0.268602540625 0.244140625 0.2849364796875 0.224609375 0.2849364796875 0.185546875 0.3012704171875 0.16796875 0.325771325 0.15625 0.36932849375 0.15625 0.52722323125 0.16015625 0.5544464609374999 0.125 0.5816696921875 0.125 0.608892921875 0.1328125 0.6415607984375 0.142578125 0.6551724140624999 0.169921875 0.6551724140624999 0.181640625 0.6715063515625 0.19921875 0.6687840296875 0.212890625 0.66606170625 0.2265625 0.652450090625 0.2421875 0.5980036296875 0.271484375 0.5462794921875 0.287109375 0.5408348453125 0.306640625 0.5517241375 0.341796875 0.5517241375 0.36328125 0.52722323125 0.3671875 0.5163339390624999 0.36328125 0.494555353125
1 0.15625 0.5544464609374999 0.15625 0.5326678765625 0.150390625 0.5245009078125 0.080078125 0.5190562609375 0.048828125 0.5626134296874999 0.0234375 0.5762250453125 0.037109375 0.5898366609375 0.115234375 0.6333938296875 0.125 0.6633393828124999 0.12109375 0.6687840296875 0.123046875 0.687840290625 0.15234375 0.6851179671875001 0.169921875 0.68239564375 0.17578125 0.6742286749999999 0.166015625 0.660617059375 0.158203125 0.66606170625 0.138671875 0.660617059375 0.12890625 0.6415607984375 0.12109375 0.5980036296875 0.12109375 0.5816696921875 0.130859375 0.5680580765625 0.15625 0.5544464609374999
1 0.12109375 0.592558984375 0.12890625 0.63067150625 0.142578125 0.6551724140624999 0.169921875 0.6551724140624999 0.181640625 0.6715063515625 0.19921875 0.6687840296875 0.212890625 0.66606170625 0.2265625 0.652450090625 0.2421875 0.592558984375 0.23046875 0.5816696921875 0.2265625 0.5598911078125 0.21484375 0.5381125234375 0.193359375 0.5245009078125 0.154296875 0.5626134296874999 0.126953125 0.573502721875 0.12109375 0.592558984375
1 0.197265625 0.208711434375 0.130859375 0.165154265625 0.115234375 0.165154265625 0.103515625 0.1542649734375 0.087890625 0.1542649734375 0.033203125 0.13248638906250002 0.013671875 0.13248638906250002 0.00390625 0.14609800312500001 0.009765625 0.165154265625 0.072265625 0.21960072656250001 0.099609375 0.2631578953125 0.138671875 0.268602540625 0.173828125 0.290381125 0.203125 0.2876588015625 0.212890625 0.2794918328125 0.228515625 0.2794918328125 0.228515625 0.2740471875 0.21875 0.2713248640625 0.220703125 0.2631578953125 0.244140625 0.268602540625 0.24609375 0.2495462796875 0.228515625 0.23049001875 0.216796875 0.23049001875 0.197265625 0.208711434375
1 0.00054719375 0 0 0.12431941875000001 0.01953125 0.12431941875000001 0.107421875 0.07259528125 0.1328125 0.03720508125 0.13662574375 0 0.00054719375 0
1 0.2610677078125 0 0.263671875 0.0018148828124999999 0.2890625 0.0045372046875 0.302734375 0.0018148828124999999 0.3049045140625 0 0.2610677078125 0
1 0.733984375 0 0.689453125 0.034482759375 0.67578125 0.0535390203125 0.671875 0.0698729578125 0.6796875 0.12431941875000001 0.73828125 0.303992740625 0.748046875 0.31760435625 0.765625 0.3148820328125 0.83984375 0.2495462796875 0.83984375 0.20054446406249998 0.828125 0.129764065625 0.841796875 0.1052631578125 0.85546875 0.0970961890625 0.8515625 0.0317604359375 0.81475360625 0 0.733984375 0
1 0.34375 0.10254083437499999 0.33984375 0.1188747734375 0.34375 0.1678765875 0.365234375 0.19237749531249998 0.423828125 0.23593466406250002 0.44921875 0.23321234062500001 0.466796875 0.208711434375 0.482421875 0.2141560796875 0.50390625 0.19509981875 0.51953125 0.1569872953125 0.515625 0.1352087109375 0.474609375 0.0834845734375 0.396484375 0.0235934671875 0.380859375 0.0235934671875 0.36328125 0.0480943734375 0.34375 0.10254083437499999
1 0.787109375 0.3012704171875 0.767578125 0.31760435625 0.748046875 0.3230490015625 0.7265625 0.28221415625 0.712890625 0.23593466406250002 0.646484375 0.2631578953125 0.634765625 0.2740471875 0.623046875 0.2740471875 0.568359375 0.3067150640625 0.537109375 0.31215970937500004 0.515625 0.3421052625 0.5234375 0.40199637031249996 0.5234375 0.45099818437500006 0.529296875 0.4646098 0.5625 0.46188747656249995 0.5703125 0.45644283124999996 0.609375 0.3802177859375 0.654296875 0.31760435625 0.677734375 0.3230490015625 0.751953125 0.4156079859375 0.771484375 0.426497278125 0.79296875 0.40199637031249996 0.80078125 0.35843920156250003 0.796875 0.3148820328125 0.787109375 0.3012704171875
1 0.5 0.21143375625 0.48046875 0.254990925 0.48046875 0.276769509375 0.509765625 0.3012704171875 0.529296875 0.31215970937500004 0.55078125 0.30943738593750003 0.568359375 0.3067150640625 0.615234375 0.2794918328125 0.64453125 0.2277676953125 0.64453125 0.21143375625 0.630859375 0.19237749531249998 0.576171875 0.1488203265625 0.552734375 0.1488203265625 0.544921875 0.15970961875 0.529296875 0.165154265625 0.5 0.21143375625
1 0.068359375 0.0998185125 0.06640625 0.1134301265625 0.091796875 0.14337568125 0.115234375 0.15970961875 0.146484375 0.1705989109375 0.158203125 0.181488203125 0.16796875 0.1787658796875 0.1796875 0.1569872953125 0.19140625 0.10798548125 0.1953125 0.0535390203125 0.185546875 0.034482759375 0.154296875 0.012704175000000002 0.142578125 0.012704175000000002 0.12890625 0.0480943734375 0.115234375 0.06715063593750001 0.099609375 0.0834845734375 0.068359375 0.0998185125
1 0.6094250812500001 0 0.61328125 0.0698729578125 0.6015625 0.12431941875000001 0.615234375 0.137931034375 0.630859375 0.137931034375 0.666015625 0.1542649734375 0.68359375 0.15154265 0.68359375 0.1352087109375 0.671875 0.10798548125 0.67578125 0.0535390203125 0.693359375 0.0290381125 0.7272135421875 0 0.6094250812500001 0
1 0.47265625 0.0644283125 0.47265625 0.0753176046875 0.515625 0.1352087109375 0.51953125 0.1569872953125 0.53515625 0.1569872953125 0.552734375 0.1488203265625 0.568359375 0.1270417421875 0.595703125 0.121597096875 0.60546875 0.10798548125 0.61328125 0.0698729578125 0.61328125 0.03720508125 0.603515625 0.007259528125 0.572265625 0.0235934671875 0.509765625 0.0399274046875 0.47265625 0.0644283125