1 0.3328125 0.409375 0.3328125 0.3787573734375 0.340625 0.34064485 0.36015625 0.3079769734375 0.354296875 0.2943653578125 0.3328125 0.29708768124999996 0.299609375 0.3215885890625 0.272265625 0.3597011109375 0.221035384375 0.409375 0.3328125 0.409375
1 0.4890625 0.409375 0.4890625 0.30881461093749996 0.479296875 0.2889207125 0.448046875 0.2725867734375 0.434375 0.275309096875 0.385546875 0.2943653578125 0.358203125 0.31614394218749997 0.340625 0.34064485 0.32924570000000003 0.409375 0.4890625 0.409375
1 0.211801425 0.409375 0.28203125 0.34064485 0.28203125 0.3134216203125 0.21953125 0.22086263593750002 0.2 0.1827501140625 0.186328125 0.17458314375 0.17265625 0.1773054671875 0.139453125 0.1854724359375 0.1140625 0.20997334374999999 0.11015625 0.2480858671875 0.11796875 0.258975159375 0.11796875 0.2861983890625 0.075 0.3733127265625 0.049127196875 0.409375 0.211801425 0.409375
1 0.4890625 0.0058374578125 0.35234375 0.0085214390625 0.34453125 0.0520786078125 0.30546875 0.0956357765625 0.30546875 0.19363940625 0.31328125 0.22086263593750002 0.326953125 0.2290296046875 0.389453125 0.2290296046875 0.432421875 0.20725102031249998 0.451953125 0.20725102031249998 0.463671875 0.21814031250000002 0.487109375 0.22358495937499998 0.4890625 0.22008482968749998 0.4890625 0.0058374578125
1 0.04765625 0 0.04765625 0.03574466875 0.05546875 0.0629679 0.065234375 0.07657951406249999 0.096484375 0.0820241609375 0.123828125 0.0983580984375 0.1453125 0.128303653125 0.14140625 0.1555268828125 0.151171875 0.1636938515625 0.178515625 0.1636938515625 0.268359375 0.1419152671875 0.28203125 0.11741436093749999 0.28984375 0.0793018375 0.2859375 0.03574466875 0.26640625 0.013966084375000002 0.26161410625000003 0 0.04765625 0
1 0 0.30525465 0.006640625 0.30525465 0.026171875 0.2780314203125 0.041796875 0.2725867734375 0.069140625 0.2780314203125 0.0984375 0.23719657500000002 0.10234375 0.22086263593750002 0.045703125 0.1636938515625 0 0.10454166093749999 0 0.30525465
1 0 0.409375 0.0436541890625 0.409375 0.07890625 0.362423434375 0.1140625 0.2916430359375 0.11796875 0.26441980468750004 0.10625 0.2426412203125 0.10625 0.215417990625 0.1296875 0.1773054671875 0.14140625 0.14463759062499998 0.14140625 0.128303653125 0.131640625 0.109247390625 0.116015625 0.0983580984375 0.073046875 0.0820241609375 0.061328125 0.0820241609375 0.041796875 0.1038027453125 0.030078125 0.0983580984375 0.006640625 0.1038027453125 0 0.0986605796875 0 0.409375
1 0 0.409375 0.0437683109375 0.409375 0.075 0.36786808125000003 0.07890625 0.3079769734375 0.061328125 0.2780314203125 0.04765625 0.275309096875 0.026171875 0.283476065625 0.00859375 0.3079769734375 0.0125 0.3297555578125 0.0046875 0.35697878906249997 0 0.36631246875 0 0.409375
1 0.2859375 0.10108042187499999 0.28203125 0.128303653125 0.272265625 0.1419152671875 0.229296875 0.15280455937499998 0.205859375 0.1636938515625 0.19609375 0.1773054671875 0.287890625 0.3215885890625 0.330859375 0.2889207125 0.362109375 0.283476065625 0.371875 0.25353051249999997 0.371875 0.23719657500000002 0.366015625 0.2290296046875 0.326953125 0.2290296046875 0.31328125 0.22086263593750002 0.30546875 0.19363940625 0.30546875 0.0956357765625 0.29765625 0.09019112968750001 0.2859375 0.10108042187499999
1 1 0.409375 1 0.17775745468749998 0.4890625 0.175189759375 0.4890625 0.3910745265625 0.5012705078125 0.409375 1 0.409375
1 0.10140787656250001 0.409375 0.09453125 0.41011229531250004 0.07109375 0.44822481875 0.01640625 0.578896325 0 0.6017638390625 0 1 0.4890625 1 0.4890625 0.713982409375 0.369921875 0.6197311703125 0.346484375 0.6197311703125 0.319140625 0.608841878125 0.3015625 0.5897856171875 0.2859375 0.5462284484375 0.268359375 0.5271721875 0.194140625 0.4727257265625 0.182421875 0.4563917875 0.147265625 0.43461320312499996 0.12191568906250001 0.409375 0.10140787656250001 0.409375
1 0 1 0.4890625 1 0.4890625 0.7188237296875 0.487109375 0.7177348 0.385546875 0.6306204624999999 0.366015625 0.6197311703125 0.338671875 0.6197311703125 0.311328125 0.6033972328124999 0.276171875 0.5380614796875001 0.252734375 0.5162828953125 0.229296875 0.505393603125 0.198046875 0.4727257265625 0.135546875 0.42372391093750006 0.09453125 0.4210015875 0.075 0.44278017187499996 0.075 0.45366946406249997 0.0125 0.5897856171875 0 0.607208484375 0 1
1 0.4890625 0.409375 0.2684916171875 0.409375 0.26640625 0.4210015875 0.29375 0.5625623859375001 0.311328125 0.5979525859375 0.342578125 0.614286525 0.432421875 0.6033972328124999 0.451953125 0.592507940625 0.4890625 0.5840631828125 0.4890625 0.409375
1 0 0.409375 0 0.5928011140625 0.01640625 0.573451678125 0.06328125 0.46455875625000004 0.075 0.4318908796875 0.07176920625 0.409375 0 0.409375
1 1 1 1 0.8694791671874998 0.941796875 0.8229166671874999 0.928125 0.8255208328125001 0.83828125 0.9296875 0.8291100546875001 1 1 1