1 0.5716578796875 0.5890625 0.574214496875 0.546875 0.5660475265625 0.462890625 0.5497135890625 0.439453125 0.5197680359375 0.421875 0.47076622031250004 0.42578125 0.443542990625 0.4453125 0.39454117499999997 0.4453125 0.35098400625 0.45703125 0.269314315625 0.45703125 0.24753573125 0.46484375 0.22847946874999997 0.482421875 0.2230348234375 0.525390625 0.22847946874999997 0.529296875 0.22847946874999997 0.556640625 0.2529803765625 0.578125 0.27475896093749996 0.5859375 0.279114678125 0.5890625 0.5716578796875 0.5890625
1 0.53337965 0.384765625 0.5578805578125 0.359375 0.538824296875 0.333984375 0.46532157500000004 0.27734375 0.42176440625 0.25390625 0.39454117499999997 0.25390625 0.1658660390625 0.30078125 0.12775351562499998 0.3203125 0.03791685625 0.380859375 0.03791685625 0.396484375 0.1576990703125 0.494140625 0.14136513125 0.513671875 0.14136513125 0.529296875 0.17131068437500002 0.55078125 0.198533915625 0.5546875 0.2230348234375 0.541015625 0.22847946874999997 0.478515625 0.2529803765625 0.4609375 0.2965375453125 0.453125 0.35098400625 0.453125 0.399985821875 0.44140625 0.443542990625 0.44140625 0.46532157500000004 0.42578125 0.50887874375 0.421875 0.5224903578125 0.412109375 0.53337965 0.384765625
1 0.43809834375 0.51953125 0.46532157500000004 0.5 0.468043896875 0.482421875 0.43809834375 0.44140625 0.40543046718750003 0.44140625 0.35098400625 0.453125 0.31559380625 0.470703125 0.31559380625 0.501953125 0.3264830984375 0.517578125 0.34553936093750004 0.53125 0.3618732984375 0.53515625 0.43809834375 0.51953125
1 0.5337685546875 0 0.45987692812500003 0.01953125 0.3972634984375 0.068359375 0.3972634984375 0.087890625 0.4571546046875 0.166015625 0.487100159375 0.19140625 0.5197680359375 0.1953125 0.574214496875 0.1796875 0.576907546875 0 0.5337685546875 0
1 0.5633252046874999 0.35546875 0.574214496875 0.34765625 0.5769368187499999 0.212890625 0.5633252046874999 0.203125 0.530657328125 0.1953125 0.503434096875 0.19921875 0.487100159375 0.1953125 0.4544322828125 0.171875 0.3673179453125 0.1484375 0.3237607765625 0.1484375 0.2883705765625 0.169921875 0.2611473453125 0.212890625 0.1958115921875 0.283203125 0.198533915625 0.2890625 0.2203125 0.2890625 0.39454117499999997 0.25390625 0.42176440625 0.25390625 0.4544322828125 0.26953125 0.53337965 0.326171875 0.5633252046874999 0.35546875
1 0.2667734796875 0 0.27203663749999996 0.056640625 0.2883705765625 0.087890625 0.3074268375 0.10546875 0.33465006875 0.11328125 0.399985821875 0.109375 0.3972634984375 0.068359375 0.443542990625 0.02734375 0.47621086718749994 0.01171875 0.47893318906250004 0.001953125 0.4780257484375 0 0.2667734796875 0
1 0.2393687609375 0.232421875 0.27475896093749996 0.18359375 0.27748128437499997 0.173828125 0.2611473453125 0.158203125 0.27748128437499997 0.134765625 0.27203663749999996 0.119140625 0.225757146875 0.09375 0.1876446234375 0.08984375 0.17131068437500002 0.09375 0.1304758390625 0.130859375 0.12503119375 0.150390625 0.1576990703125 0.181640625 0.1685883625 0.208984375 0.2039785609375 0.24609375 0.2203125 0.24609375 0.2393687609375 0.232421875
1 0 0 0 0.14884015781249998 0.0569731171875 0.15234375 0.062417762499999994 0.15625 0.111419578125 0.15234375 0.12503119375 0.142578125 0.1304758390625 0.126953125 0.17131068437500002 0.09375 0.21486785312499998 0.08984375 0.2366464390625 0.09375 0.24753573125 0.08984375 0.27203663749999996 0.068359375 0.27203663749999996 0.033203125 0.2611473453125 0.013671875 0.2659114109375 0 0 0
1 0 0.4523785765625 0.00252665625 0.453125 0.0433615015625 0.474609375 0.03791685625 0.494140625 0.0215829171875 0.513671875 0.0351945328125 0.5234375 0.0787517015625 0.52734375 0.1223088703125 0.51953125 0.146809778125 0.498046875 0.1359204859375 0.478515625 0.0433615015625 0.404296875 0.03791685625 0.380859375 0.10053028593749999 0.3359375 0.17675533125 0.296875 0.1821999765625 0.2890625 0.1849223 0.255859375 0.17131068437500002 0.25 0.1223088703125 0.25 0.062417762499999994 0.2421875 0.032472209375 0.263671875 0.0270275640625 0.294921875 0 0.3401672375 0 0.4523785765625
1 0.6390625 0.51375 0.728125 0.52265625 0.7958333328125 0.5734375 0.8479166671874999 0.49921875 0.946875 0.503125 0.9598958328125 0.493359375 0.9833333328125 0.37421875 0.9494791671874999 0.305859375 0.9703125 0.251171875 0.9546875 0.200390625 0.775 0.08125 0.6390625 0.0302734375 0.6390625 0.51375
1 1 0 0.8552083328125001 0 0.8270833328125 0.00703125 0.8036458328125 0.028515625 0.8244791671874999 0.102734375 0.9208333328125 0.15546875 0.9651041671874999 0.196484375 1 0.2418489578125 1 0
1 0 0.84609375 0.0109403359375 0.84609375 0.0191073046875 0.851953125 0.0463305359375 0.902734375 0.05177518125 0.926171875 0.05994215000000001 0.93203125 0.10349931875 0.9203125 0.13888951875 0.894921875 0.1579457796875 0.865625 0.160668103125 0.840234375 0.1334448734375 0.797265625 0.10349931875 0.7796875 0.081720734375 0.77578125 0.057219828125000004 0.781640625 0.057219828125000004 0.801171875 0.0327189203125 0.81875 0 0.81875 0 0.84609375
1 0 1 0.10227971875 1 0.09533235 0.988671875 0.05177518125 0.937890625 0.035441243750000004 0.883203125 0.013662659375 0.851953125 0.000051043750000000004 0.84609375 0 0.8461199078125 0 1
1 0.6390625 0.5890625 0.422011115625 0.5890625 0.422011115625 0.594140625 0.4383450546875 0.617578125 0.492791515625 0.676171875 0.5472379765625 0.711328125 0.5907951453125 0.762109375 0.615296053125 0.77578125 0.6370746375 0.77578125 0.6390625 0.7743550625 0.6390625 0.5890625
1 0.5363486843749999 0.789453125 0.5390710078125001 0.7484375 0.5363486843749999 0.711328125 0.5227370687499999 0.69765625 0.4682906078125 0.678125 0.4083995015625 0.66640625 0.3811762703125 0.66640625 0.3294521328125 0.707421875 0.30222890156250004 0.742578125 0.291339609375 0.840234375 0.30222890156250004 0.855859375 0.326729809375 0.865625 0.3648423328125 0.86953125 0.4029548546875 0.88125 0.4791799 0.8890625 0.509125453125 0.871484375 0.5200147453125 0.851953125 0.5363486843749999 0.789453125
1 0.3076735484375 0.730859375 0.32128516406249996 0.7171875 0.3240074859375 0.707421875 0.3158405171875 0.7015625 0.283172640625 0.69375 0.1797243640625 0.68984375 0.16611275 0.695703125 0.160668103125 0.703515625 0.16611275 0.805078125 0.160668103125 0.816796875 0.16611275 0.832421875 0.1851690109375 0.84609375 0.2069475953125 0.85390625 0.22872617968750003 0.85390625 0.2368931484375 0.848046875 0.2368931484375 0.836328125 0.2505047640625 0.83046875 0.266838703125 0.85390625 0.29678425625 0.855859375 0.291339609375 0.797265625 0.29678425625 0.793359375 0.29678425625 0.758203125 0.3076735484375 0.730859375
1 0.23329968281250002 0.5890625 0.2559494109375 0.6078125 0.310395871875 0.63125 0.326729809375 0.63125 0.33217445625 0.62734375 0.375731625 0.62734375 0.3920655625 0.61953125 0.41656647031249994 0.594140625 0.41656647031249994 0.5890625 0.23329968281250002 0.5890625
1 0.6390625 1 0.6390625 0.9473462421875001 0.5989621140625 0.94375 0.571738884375 0.94765625 0.544515653125 0.93984375 0.5281817156249999 0.9515625 0.49551383906249996 0.95546875 0.46556828437500003 0.973046875 0.44887137031249996 1 0.6390625 1
1 0.44807735937500004 1 0.4601236390625 0.976953125 0.500958484375 0.9515625 0.5036808078125 0.918359375 0.484624546875 0.9046875 0.4465120234375 0.89296875 0.4029548546875 0.89296875 0.34850839375 0.87734375 0.24506011718749998 0.865625 0.22328153281250002 0.8734375 0.18244668749999998 0.906640625 0.18244668749999998 0.976953125 0.21457009999999999 1 0.252682621875 1 0.283172640625 0.990625 0.310395871875 0.990625 0.3278187390625 1 0.44807735937500004 1
1 0.4473831671875 1 0.4601236390625 0.984765625 0.4601236390625 0.976953125 0.500958484375 0.9515625 0.5036808078125 0.914453125 0.49006919218749995 0.9046875 0.4465120234375 0.89296875 0.4083995015625 0.89296875 0.3811762703125 0.90078125 0.33489677812499996 0.933984375 0.33489677812499996 0.953515625 0.3512307171875 0.984765625 0.3512307171875 1 0.4473831671875 1
1 0.8269480515625001 1 0.8244791671874999 0.857421875 0.8140625 0.833984375 0.7958333328125 0.8203125 0.7697916671875 0.8203125 0.7046875 0.884765625 0.6447916671875 0.9140625 0.6390625 0.9240885421874999 0.6390625 0.9302734375 0.6786458328125 0.978515625 0.7072916671875 1 0.8269480515625001 1
1 0.6390625 0.9158118203125 0.6708333328125 0.90234375 0.7359375 0.849609375 0.7854166671875 0.78125 0.7880208328125 0.763671875 0.7619791671875 0.732421875 0.6916666671875 0.6953125 0.6552083328125 0.6640625 0.6390625 0.6600260421875 0.6390625 0.9158118203125
1 0.8270833328125 0.84375 0.8322916671874999 0.83203125 0.8348958328125 0.751953125 0.8270833328125 0.73828125 0.8114583328125 0.73828125 0.7932291671875 0.755859375 0.7880208328125 0.798828125 0.7984375 0.822265625 0.8270833328125 0.84375
1 0.671909721875 0.5890625 0.6421875 0.630859375 0.6786458328125 0.677734375 0.728125 0.7109375 0.775 0.73046875 0.8270833328125 0.73046875 0.82878190625 0.5890625 0.671909721875 0.5890625