1 0.674538353125 0 0.736328125 0.03125 0.84375 0.0390625 0.900390625 0.0208333328125 0.9115513406250001 0 0.674538353125 0
1 0.91388494375 0 0.91015625 0.0546875 0.923828125 0.078125 0.94921875 0.08072916718749999 0.96484375 0.06510416718749999 0.961588540625 0 0.91388494375 0
1 0.96484375 0 0.96484375 0.0546875 1 0.0629595578125 1 0 0.96484375 0
1 0.53515625 0 0.53515625 0.0026041671875 0.5546875 0.1119791671875 0.55078125 0.1901041671875 0.578125 0.3046875 0.611328125 0.3333333328125 0.650390625 0.3385416671875 0.67578125 0.22135416718749998 0.697265625 0.1979166671875 0.740234375 0.203125 0.7578125 0.23697916718749998 0.7578125 0.2890625 0.791015625 0.296875 0.80859375 0.3203125 0.8046875 0.3515625 0.7578125 0.4088541671875 0.7734375 0.4765625 0.76953125 0.5546875 0.79296875 0.5598958328125 0.873046875 0.5260416671875 1 0.44140625 1 0.08333333281250001 0.927734375 0.08333333281250001 0.900390625 0.0416666671875 0.880859375 0.0364583328125 0.771484375 0.046875 0.654296875 0.010416667187500001 0.643727021875 0 0.53515625 0
1 0.53515625 0 0.53515625 0.013020832812499999 0.5546875 0.1171875 0.55078125 0.1953125 0.57421875 0.2994791671875 0.591796875 0.3229166671875 0.642578125 0.34375 0.66015625 0.3255208328125 0.67578125 0.22135416718749998 0.697265625 0.1979166671875 0.740234375 0.203125 0.7578125 0.23697916718749998 0.7578125 0.2890625 0.80859375 0.3151041671875 0.80859375 0.3463541671875 0.76171875 0.3984375 0.76953125 0.5546875 0.79296875 0.5598958328125 0.880859375 0.5208333328125 1 0.4391369046875 1 0.08981604531250001 0.923828125 0.08333333281250001 0.888671875 0.0364583328125 0.771484375 0.046875 0.654296875 0.010416667187500001 0.643359375 0 0.53515625 0
1 0.7265625 0.4088541671875 0.7421875 0.3880208328125 0.734375 0.3359375 0.75390625 0.2942708328125 0.7578125 0.2421875 0.740234375 0.203125 0.701171875 0.1979166671875 0.66796875 0.2421875 0.6640625 0.3411458328125 0.701171875 0.4114583328125 0.7265625 0.4088541671875
1 0.76171875 0.4505208328125 0.748046875 0.4166666671875 0.716796875 0.4166666671875 0.6953125 0.4348958328125 0.6953125 0.5286458328125 0.724609375 0.5625 0.74609375 0.5598958328125 0.76953125 0.5286458328125 0.76171875 0.4505208328125
1 0.462890625 0.625 0.51953125 0.6223958328125 0.646484375 0.6145833328125 0.6796875 0.5807291671875 0.69140625 0.4296875 0.658203125 0.3697916671875 0.595703125 0.328125 0.525390625 0.3229166671875 0.482421875 0.3333333328125 0.44921875 0.3776041671875 0.44921875 0.6119791671875 0.462890625 0.625
1 0.23828125 0.9973958328125001 0.255859375 0.9947916671874999 0.28125 0.9453125 0.267578125 0.8958333328125001 0.205078125 0.8541666671874999 0.166015625 0.859375 0.146484375 0.8125 0.080078125 0.7604166671875 0 0.7369791671875 0.001953125 0.9947916671874999 0.23828125 0.9973958328125001
1 0 0.7265625 0.08203125 0.7526041671875 0.1171875 0.6901041671875 0.140625 0.6119791671875 0.076171875 0.609375 0.021484375 0.578125 0 0.6067708328125 0 0.7265625
1 0.13671875 0.6484375 0.12890625 0.6901041671875 0.17578125 0.7109375 0.201171875 0.703125 0.2265625 0.6536458328125 0.162109375 0.609375 0.13671875 0.6484375
1 0.318359375 0.671875 0.244140625 0.6666666671875 0.203125 0.7057291671875 0.208984375 0.734375 0.2578125 0.7317708328125 0.322265625 0.71875 0.34375 0.6953125 0.318359375 0.671875
1 0.30859375 0.6380208328125 0.341796875 0.6927083328125 0.35546875 0.6901041671875 0.359375 0.5963541671875 0.326171875 0.5729166671875 0.3046875 0.6015625 0.30859375 0.6380208328125
1 0.25 0.6328125 0.28515625 0.6015625 0.271484375 0.5625 0.1953125 0.5755208328125 0.201171875 0.6302083328125 0.25 0.6328125
1 0.21875 0.4869791671875 0.21484375 0.5598958328125 0.25 0.5651041671875 0.31640625 0.4817708328125 0.306640625 0.4583333328125 0.248046875 0.4635416671875 0.21875 0.4869791671875
1 0.27734375 0.5390625 0.28515625 0.5859375 0.30078125 0.5963541671875 0.359375 0.5026041671875 0.349609375 0.46875 0.326171875 0.4739583328125 0.27734375 0.5390625
1 0.27734375 0.5390625 0.28515625 0.5859375 0.30078125 0.5963541671875 0.359375 0.5026041671875 0.349609375 0.46875 0.326171875 0.4739583328125 0.27734375 0.5390625
1 0.171875 0.3828125 0.1640625 0.3203125 0.130859375 0.3020833328125 0.11328125 0.3255208328125 0.1015625 0.3932291671875 0.119140625 0.4270833328125 0.14453125 0.4296875 0.16796875 0.4088541671875 0.171875 0.3828125
1 0.275390625 0.34375 0.251953125 0.3333333328125 0.208984375 0.3541666671875 0.15234375 0.4348958328125 0.21875 0.4609375 0.2890625 0.3880208328125 0.29296875 0.3723958328125 0.275390625 0.34375
1 0.353515625 0.2864583328125 0.33203125 0.3151041671875 0.34375 0.4036458328125 0.357421875 0.421875 0.375 0.4192708328125 0.390625 0.3619791671875 0.375 0.2942708328125 0.353515625 0.2864583328125
1 0.3515625 0.2890625 0.37109375 0.2630208328125 0.357421875 0.21354166718749998 0.3203125 0.2682291671875 0.333984375 0.2916666671875 0.3515625 0.2890625
1 0.44140625 0.4244791671875 0.44140625 0.3776041671875 0.427734375 0.3541666671875 0.404296875 0.359375 0.37890625 0.4192708328125 0.37890625 0.4453125 0.39453125 0.4505208328125 0.431640625 0.4427083328125 0.44140625 0.4244791671875
1 0.43359375 0.1744791671875 0.408203125 0.140625 0.384765625 0.1458333328125 0.3671875 0.1901041671875 0.375 0.3203125 0.384765625 0.3489583328125 0.40625 0.3515625 0.43359375 0.2942708328125 0.43359375 0.1744791671875
1 0.552734375 0.3125 0.5703125 0.2890625 0.541015625 0.203125 0.501953125 0.203125 0.484375 0.1848958328125 0.474609375 0.1041666671875 0.44140625 0.1432291671875 0.44140625 0.3203125 0.45703125 0.3255208328125 0.552734375 0.3125
1 0.2578125 0 0.2578125 0.09114583281250001 0.267578125 0.1145833328125 0.2890625 0.1119791671875 0.3701508625 0 0.2578125 0
1 0.34375 0.07552083281250001 0.353515625 0.09375 0.375 0.09635416718749999 0.3984375 0.0546875 0.369140625 0.0208333328125 0.34375 0.0546875 0.34375 0.07552083281250001
1 0.3984375 0.1171875 0.412109375 0.1354166671875 0.4375 0.1328125 0.48828125 0.0703125 0.478515625 0.0260416671875 0.40234375 0.0859375 0.3984375 0.1171875
1 0.3974609375 0 0.39453125 0.0390625 0.4140625 0.0703125 0.5048828125 0 0.3974609375 0
1 0.008351293749999999 0 0.00390625 0.0859375 0.021484375 0.1197916671875 0.2265625 0.1380208328125 0.2421875 0.1223958328125 0.24609375 0.0703125 0.24331825624999998 0 0.008351293749999999 0
1 0.046875 0.9973958328125001 0.255859375 0.9947916671874999 0.28125 0.9348958328125001 0.26953125 0.8984375 0.232421875 0.8697916671874999 0.162109375 0.859375 0.16015625 0.8307291671874999 0.095703125 0.7708333328125 0.001953125 0.734375 0 0.9921875 0.046875 0.9973958328125001
1 0.009765625 0.359375 0 0.3619791671875 0.00390625 0.5651041671875 0.029296875 0.5572916671875 0.0625 0.4973958328125 0.05078125 0.4036458328125 0.009765625 0.359375
1 0.03515625 0.5703125 0.064453125 0.6041666671875 0.08984375 0.6015625 0.10546875 0.5130208328125 0.072265625 0.5 0.046875 0.5234375 0.03515625 0.5703125
1 0.037109375 0.421875 0.001953125 0.4114583328125 0.0078125 0.5026041671875 0.029296875 0.4947916671875 0.05078125 0.4661458328125 0.05078125 0.4453125 0.037109375 0.421875
1 0.203125 0.5234375 0.21875 0.4869791671875 0.205078125 0.453125 0.1171875 0.4557291671875 0.119140625 0.515625 0.203125 0.5234375
1 0.060546875 0.2864583328125 0.03515625 0.3151041671875 0.03515625 0.3359375 0.0546875 0.3932291671875 0.078125 0.4036458328125 0.09765625 0.3880208328125 0.09375 0.3255208328125 0.060546875 0.2864583328125
1 0.248046875 0.21354166718749998 0.224609375 0.20833333281250002 0.21875 0.2630208328125 0.259765625 0.328125 0.28125 0.3307291671875 0.296875 0.3151041671875 0.296875 0.2838541671875 0.248046875 0.21354166718749998
1 0.197265625 0.2604166671875 0.21484375 0.23177083281250002 0.2109375 0.20052083281250002 0.193359375 0.1822916671875 0.064453125 0.1822916671875 0.046875 0.2109375 0.0546875 0.2578125 0.076171875 0.2760416671875 0.11328125 0.2734375 0.197265625 0.2604166671875
1 1 0.45208333281249996 0.994140625 0.453125 0.888671875 0.53125 0.806640625 0.5572916671875 0.76953125 0.5859375 0.7734375 0.6901041671875 0.810546875 0.7291666671875 0.89453125 0.7734375 0.990234375 0.7395833328125 1 0.7232022828125 1 0.45208333281249996
1 0.30859375 0.1744791671875 0.3125 0.2109375 0.33984375 0.21614583281250002 0.39453125 0.1328125 0.388671875 0.09895833281250001 0.369140625 0.1041666671875 0.30859375 0.1744791671875
1 0.48046875 0.1536458328125 0.494140625 0.1979166671875 0.51953125 0.20052083281250002 0.55078125 0.1640625 0.525390625 0 0.4921875 0.0286458328125 0.48046875 0.1536458328125
1 0.845703125 0.8645833328125001 0.798828125 0.8541666671874999 0.75 0.8880208328125001 0.734375 0.9296875 0.744140625 0.9791666671874999 0.763671875 0.9947916671874999 0.84765625 0.9973958328125001 0.890625 0.9348958328125001 0.845703125 0.8645833328125001
1 0.85546875 0.8828125 0.833984375 0.859375 0.767578125 0.8697916671874999 0.7421875 0.9140625 0.734375 0.9609375 0.783203125 1 0.84765625 0.9973958328125001 0.8671875 0.9453125 0.85546875 0.8828125
1 0.921875 0.8619791671874999 0.921875 0.9244791671874999 0.98046875 0.9505208328125001 0.99609375 0.8671875 0.962890625 0.8541666671874999 0.947265625 0.828125 0.921875 0.8619791671874999
1 1 0.8819444453124999 0.99609375 0.8932291671874999 0.984375 0.9973958328125001 1 0.9973958328125001 1 0.8819444453124999
1 0.32421875 0.8046875 0.34765625 0.7838541671875 0.345703125 0.71875 0.23828125 0.7421875 0.271484375 0.7916666671875 0.32421875 0.8046875
1 0.31640625 0.9973958328125001 0.3203125 0.9401041671874999 0.310546875 0.9270833328125001 0.26171875 0.9869791671874999 0.263671875 1 0.31640625 0.9973958328125001
1 0.38671875 0.8776041671874999 0.3828125 0.8098958328125001 0.361328125 0.78125 0.31640625 0.8203125 0.30859375 0.8619791671874999 0.3125 0.9088541671874999 0.34765625 0.9192708328125001 0.373046875 0.9166666671874999 0.38671875 0.8776041671874999
1 0.38671875 0.8411458328125001 0.3828125 0.9348958328125001 0.40234375 0.9505208328125001 0.42578125 0.8776041671874999 0.416015625 0.8072916671874999 0.400390625 0.8072916671874999 0.38671875 0.8411458328125001
1 0.42578125 0.7473958328125 0.396484375 0.7135416671875 0.373046875 0.7083333328125 0.35546875 0.7317708328125 0.35546875 0.7630208328125 0.392578125 0.8020833328125001 0.4140625 0.7994791671875 0.4296875 0.7734375 0.42578125 0.7473958328125
1 0.359375 0.6119791671875 0.3671875 0.6953125 0.390625 0.7005208328125 0.43359375 0.6276041671875 0.408203125 0.5729166671875 0.388671875 0.5729166671875 0.359375 0.6119791671875
1 0.359375 0.6119791671875 0.3671875 0.6953125 0.390625 0.7005208328125 0.43359375 0.6276041671875 0.408203125 0.5729166671875 0.388671875 0.5729166671875 0.359375 0.6119791671875
1 0.501953125 0.921875 0.484375 0.9348958328125001 0.4765625 0.9765625 0.486328125 1 0.7421875 0.9973958328125001 0.724609375 0.9739583328125001 0.623046875 0.9635416671874999 0.501953125 0.921875
1 0.431640625 0.875 0.41015625 0.9973958328125001 0.46484375 0.9973958328125001 0.48046875 0.9661458328125001 0.484375 0.9036458328125001 0.458984375 0.875 0.431640625 0.875
1 0.5859375 0.8619791671874999 0.59375 0.7942708328125 0.572265625 0.7760416671875 0.55078125 0.7942708328125 0.5546875 0.8359375 0.5859375 0.8619791671874999
1 0.3828125 0.9973958328125001 0.38671875 0.9401041671874999 0.373046875 0.9166666671874999 0.32421875 0.9348958328125001 0.326171875 1 0.3828125 0.9973958328125001
1 0.658203125 0.8020833328125001 0.65234375 0.8463541671874999 0.69140625 0.8567708328125001 0.6953125 0.8046875 0.658203125 0.8020833328125001
1 0.529296875 0.6302083328125 0.509765625 0.640625 0.50390625 0.6640625 0.521484375 0.6979166671875 0.71484375 0.7109375 0.73828125 0.6692708328125 0.728515625 0.640625 0.529296875 0.6302083328125
1 0.88671875 0.7890625 0.880859375 0.7708333328125 0.771484375 0.71875 0.587890625 0.7083333328125 0.57421875 0.7421875 0.611328125 0.7916666671875 0.701171875 0.78125 0.810546875 0.8177083328125001 0.8671875 0.8151041671874999 0.88671875 0.7890625