1 0.2301357578125 0 0.121875 0.11145833281249999 0.1921875 0.29375 0.268359375 0.4213541671875 0.315234375 0.4109375 0.424609375 0.3015625 0.619921875 0.18697916718750002 0.653125 0.1375 0.6068965515625 0 0.2301357578125 0
1 0.23159722343750003 0 0.121875 0.1166666671875 0.1921875 0.29375 0.272265625 0.4213541671875 0.319140625 0.4057291671875 0.459765625 0.2755208328125 0.510546875 0.2598958328125 0.619921875 0.18697916718750002 0.653125 0.13229166718750002 0.605115928125 0 0.23159722343750003 0
1 0.6890625 0.45 0.6890625 0.3120975375 0.631640625 0.2598958328125 0.590625 0.2416666671875 0.569140625 0.2390625 0.405078125 0.34322916718749996 0.33671875 0.42395833281249995 0.331293403125 0.45 0.6890625 0.45
1 0 0 0 0.23020833437500002 0.053515625 0.3015625 0.084765625 0.31197916718749996 0.11015625 0.2833333328125 0.1140625 0.2260416671875 0.059375 0.153125 0.088671875 0.1505208328125 0.1140625 0.1166666671875 0.1140625 0.028125 0.10421875 0 0 0
1 0 0.23020833437500002 0.053515625 0.3015625 0.092578125 0.3067708328125 0.1140625 0.2520833328125 0.10625 0.2104166671875 0.053515625 0.1505208328125 0 0.12673611093749998 0 0.23020833437500002
1 0 0.45 0.0992550875 0.45 0.11015625 0.40833333281249995 0.10625 0.31979166718749996 0.053515625 0.3067708328125 0 0.23541666718749998 0 0.45
1 0.6176432296875001 0 0.64921875 0.1010416671875 0.658984375 0.11927083281249999 0.6890625 0.11125 0.6890625 0.0352083328125 0.6743923609375 0 0.6176432296875001 0
1 0.2125 0.45 0.23515625 0.4135416671875 0.23515625 0.38229166718749996 0.17265625 0.278125 0.123828125 0.3015625 0.11015625 0.3458333328125 0.1140625 0.4135416671875 0.105517578125 0.45 0.2125 0.45
1 0.2072265625 0.45 0.23515625 0.3927083328125 0.21171875 0.35104166718749996 0.11796875 0.38229166718749996 0.09892578125 0.45 0.2072265625 0.45
1 0.21066300624999998 0.45 0.23515625 0.40833333281249995 0.23515625 0.38229166718749996 0.1765625 0.2833333328125 0.131640625 0.29635416718749996 0.11015625 0.3458333328125 0.1140625 0.4135416671875 0.105517578125 0.45 0.21066300624999998 0.45
1 0.9730288546875 0.45 0.9765625 0.43276145625 0.9765625 0.4000935796875 0.9609375 0.37287035 0.916015625 0.3701480265625 0.861328125 0.3864819640625 0.783203125 0.39737125624999997 0.784223621875 0.45 0.9730288546875 0.45
1 0.6890625 0.362830421875 0.705078125 0.359258734375 0.76171875 0.30208995 0.73828125 0.236754196875 0.72265625 0.22042025937499998 0.708984375 0.21769793593750003 0.6890625 0.226953834375 0.6890625 0.362830421875
1 0.6890625 0 0.6890625 0.1320128171875 0.697265625 0.1305835984375 0.736328125 0.1469175359375 0.75 0.1333059203125 0.75 0.11697198281250001 0.76171875 0.078859459375 0.76171875 0.057080874999999996 0.75390625 0.040746937500000004 0.75390625 0.0080790609375 0.7524571734375 0 0.6890625 0
1 1 0 0.88671875 0 0.88671875 0.12241662812500001 0.865234375 0.185030059375 0.833984375 0.1959193515625 0.818359375 0.185030059375 0.80078125 0.2095309671875 0.79296875 0.24219884375 0.78515625 0.2530881359375 0.802734375 0.26669975 0.853515625 0.27758904218749997 0.880859375 0.29392298125 0.908203125 0.29392298125 0.93359375 0.26397742812499997 0.9453125 0.23130955156250002 0.9765625 0.17686308906249998 0.98046875 0.1441952125 0.9765625 0.127861275 0.9921875 0.0734148140625 1 0.062525521875 1 0
1 0.75390625 0 0.75390625 0.035302290624999996 0.76171875 0.057080874999999996 0.76171875 0.078859459375 0.75 0.1387505671875 0.763671875 0.157806828125 0.791015625 0.1741407671875 0.822265625 0.17958541249999999 0.833984375 0.1904747046875 0.861328125 0.185030059375 0.8828125 0.1387505671875 0.8864993999999999 0 0.75390625 0
0 0.569921875 0.5128828265625 0.525 0.510160503125 0.441015625 0.5183274734375 0.417578125 0.5346614109375001 0.4 0.5646069640625 0.40390625 0.6136087796874999 0.4234375 0.640832009375 0.4234375 0.689833825 0.43515625 0.7333909937499999 0.43515625 0.8150606843749999 0.44296875 0.83683926875 0.460546875 0.8558955312500001 0.503515625 0.8613401765625 0.507421875 0.8558955312500001 0.534765625 0.8558955312500001 0.55625 0.8313946234374999 0.5640625 0.8096160390625 0.589453125 0.7742258390625001 0.632421875 0.7578919015625 0.65 0.7442802859375 0.65390625 0.689833825 0.65 0.684389178125 0.65 0.64627665625 0.6421875 0.6299427171875001 0.5953125 0.57549625625 0.569921875 0.5128828265625
0 0.41248585000000004 1 0.472265625 0.9266759296875 0.491796875 0.9430098687499999 0.507421875 0.9430098687499999 0.52890625 0.9130643156249999 0.5328125 0.8858410843750001 0.519140625 0.8613401765625 0.456640625 0.8558955312500001 0.4390625 0.8313946234374999 0.43125 0.7878374546875 0.43125 0.7333909937499999 0.41953125 0.684389178125 0.41953125 0.640832009375 0.40390625 0.6190534249999999 0.4 0.57549625625 0.390234375 0.5618846421875 0.362890625 0.55099535 0.3375 0.5264944421875 0.312109375 0.545550703125 0.25546875 0.6190534249999999 0.23203125 0.66261059375 0.23203125 0.689833825 0.27890625 0.9185089609375 0.2984375 0.956621484375 0.32767315468749997 1 0.41248585000000004 1
0 0.49765625 0.64627665625 0.478125 0.6190534249999999 0.460546875 0.6163311031250001 0.41953125 0.64627665625 0.41953125 0.6789445328125 0.43125 0.7333909937499999 0.448828125 0.76878119375 0.480078125 0.76878119375 0.495703125 0.7578919015625 0.509375 0.7388356390624999 0.51328125 0.7225017015625 0.49765625 0.64627665625
0 0.6890625 0.508515359375 0.581640625 0.5074381812500001 0.57578125 0.5264944421875 0.59140625 0.5646069640625 0.671484375 0.6653329171875 0.6890625 0.6723331765625 0.6890625 0.508515359375
0 0.6890625 0.6958618265625001 0.663671875 0.703445440625 0.648046875 0.7524472546875 0.597265625 0.7742258390625001 0.577734375 0.7960044234375 0.540625 0.8640625 0.53671875 0.9021750234375 0.52890625 0.9239536078124999 0.50546875 0.9511768374999999 0.5015625 0.972955421875 0.50546875 0.9947340062500001 0.5092468265625001 1 0.6474586484375 1 0.671484375 0.9702330984374999 0.6890625 0.9702330984374999 0.6890625 0.6958618265625001
0 0 0.6275035171875001 0.046484375 0.6871115015625 0.066015625 0.6871115015625 0.144140625 0.6272203953125001 0.16953125 0.597274840625 0.1734375 0.5646069640625 0.1578125 0.510160503125 0 0.507795303125 0 0.6275035171875001
0 0.33359375 0.5210497953125 0.32578125 0.510160503125 0.191015625 0.5074381812500001 0.18125 0.5210497953125 0.1734375 0.5537176718750001 0.17734375 0.580940903125 0.1734375 0.597274840625 0.15 0.6299427171875001 0.1265625 0.7170570546875 0.1265625 0.7606142234375 0.148046875 0.7960044234375 0.191015625 0.8232276546874999 0.261328125 0.8885634078125001 0.2671875 0.8858410843750001 0.2671875 0.8640625 0.23203125 0.689833825 0.23203125 0.66261059375 0.24765625 0.6299427171875001 0.304296875 0.55099535 0.33359375 0.5210497953125
0 0 0.8155688515625 0.034765625 0.8123383625 0.066015625 0.7960044234375 0.08359375 0.7769481625 0.09140625 0.7497249312500001 0.0875 0.684389178125 0.046484375 0.6871115015625 0.00546875 0.640832009375 0 0.629398253125 0 0.8155688515625
0 0.210546875 0.8450062390624999 0.16171875 0.8096160390625 0.151953125 0.806893715625 0.136328125 0.8232276546874999 0.112890625 0.806893715625 0.097265625 0.8123383625 0.071875 0.8586178531249999 0.06796875 0.8967303765625001 0.071875 0.9130643156249999 0.108984375 0.9538991609374999 0.128515625 0.9593438062499999 0.159765625 0.9266759296875 0.187109375 0.9157866375000001 0.22421875 0.8803964390625 0.22421875 0.8640625 0.210546875 0.8450062390624999
0 0 1 0.132624646875 1 0.13046875 0.972955421875 0.120703125 0.9593438062499999 0.105078125 0.9538991609374999 0.071875 0.9130643156249999 0.06796875 0.8695071468750001 0.071875 0.8477285609375 0.06796875 0.83683926875 0.046484375 0.8123383625 0.011328125 0.8123383625 0 0.8186541515625001 0 1
0 0.3256530765625 1 0.3140625 0.9838447140625 0.275 0.9076196687500001 0.2671875 0.9021750234375 0.233984375 0.8994527 0.228125 0.9130643156249999 0.228125 0.9620661296874999 0.2231767140625 1 0.3256530765625 1
0 1 1 1 0.45 0.706771140625 0.45 0.7557544453125 0.53680004375 0.7570620859374999 0.98847795 0.7815114375000001 1 1 1