1 0 0 0 0.106519396875 0.196484375 0.22395833281250002 0.270703125 0.22916666718749998 0.29609375 0.2109375 0.31953125 0.1484375 0.334375 0 0 0
1 0.51875 0 0.35078125 0 0.35078125 0.05989583281250001 0.32734375 0.1171875 0.32734375 0.1640625 0.387890625 0.203125 0.497265625 0.20833333281250002 0.51875 0.19174890312499998 0.51875 0
1 0 0.3968833546875 0.21796875 0.3984375 0.204296875 0.3802083328125 0.1515625 0.3671875 0.126171875 0.234375 0.075390625 0.23958333281250002 0.044140625 0.2708333328125 0.005078125 0.2604166671875 0 0.252623821875 0 0.3968833546875
1 0 0.25333091093750004 0.005078125 0.2604166671875 0.051953125 0.265625 0.065625 0.24739583281250002 0.05390625 0.1848958328125 0.001171875 0.1145833328125 0 0.1140625 0 0.25333091093750004
1 0.51875 0 0.51875 0.08671875 0.546875 0.1640625 0.58125 0.3723958328125 0.6054036468749999 0.4 0.691966146875 0.4 0.85 0.28072916718749996 0.8875 0.20572916718749998 0.8875 0.1432291671875 0.8625 0.0140625 0.8540625000000001 0 0.51875 0
1 1 0.4 1 0.3044270828125 0.990625 0.29739583281250004 0.915625 0.20572916718749998 0.853125 0.2848958328125 0.722324809375 0.4 1 0.4
1 1 0.11219175156250001 0.925 0.1223958328125 0.9125 0.1515625 0.921875 0.23072916718749997 1 0.321875 1 0.11219175156250001
1 0.51875 0.4 0.132561384375 0.4 0.22421875 0.5901041671875 0.288671875 0.6552083328125 0.339453125 0.6395833328125 0.448828125 0.5197916671875 0.51875 0.4220147359375 0.51875 0.4
1 0.51875 0.43224571093749997 0.398046875 0.5979166671875 0.316015625 0.6604166671874999 0.30234375 0.6942708328125 0.312109375 0.7229166671874999 0.3921875 0.7932291671874999 0.421484375 0.8583333328125 0.433203125 0.8635416671874999 0.456640625 0.8375 0.51875 0.8259447671875 0.51875 0.43224571093749997
1 0.42039741875000003 1 0.4078125 0.8713541671874999 0.37265625 0.7880208328125 0.3453125 0.7723958328125 0.261328125 0.790625 0.22421875 0.8609375 0.24579741406250002 1 0.42039741875000003 1
1 0.042830140625 0.4 0 0.4361288265625 0 0.9618303578125001 0.003515625 0.9625 0.02159598125 1 0.1233432109375 1 0.16953125 0.9338541671874999 0.15390625 0.8817708328125 0.1578125 0.8453125 0.187109375 0.790625 0.2125 0.7723958328125 0.228125 0.6473958328125 0.2125 0.5796875 0.1184774703125 0.4 0.042830140625 0.4
1 0.22421875 0.8088541671874999 0.20859375 0.7932291671874999 0.179296875 0.8010416671874999 0.16171875 0.8296875 0.15390625 0.8921875 0.167578125 0.9416666671874999 0.20078125 0.9078125 0.22421875 0.8453125 0.22421875 0.8088541671874999
1 0.292578125 0.6604166671874999 0.2359375 0.6213541671874999 0.2203125 0.6578125 0.214453125 0.7802083328125 0.261328125 0.759375 0.2984375 0.6942708328125 0.292578125 0.6604166671874999
1 0.2359375 0.9494791671874999 0.22421875 0.8765625 0.20078125 0.9234375 0.20078125 0.9442708328125 0.218359375 0.9625 0.2359375 0.9494791671874999
1 0.51875 1 1 1 1 0.9400635296875001 0.9645629890624999 0.91015625 0.9047485359374999 0.890625 0.8620239265624999 0.84765625 0.812890625 0.8300781234375 0.8278442390624999 0.80859375 0.9218383796874999 0.796875 0.9389282234374999 0.78125 0.9560180671874999 0.7890625 0.9837890625 0.7753906234375 0.9880615234375 0.7324218765625 0.949609375 0.7050781234375 0.949609375 0.6933593765625 0.9175659171875001 0.66015625 0.7893920890625 0.59765625 0.7039428703125 0.59765625 0.6569458015625 0.609375 0.6056762703125 0.5703125 0.5714965828125 0.5625 0.5522705078125 0.5449218765625 0.5458618171875 0.5546875 0.5330444328125 0.546875 0.51875 0.558568490625 0.51875 1
1 1 0.7357437078125 0.9538818359375 0.7050781234375 0.941064453125 0.6777343765625 0.8962036140624999 0.640625 0.8278442390624999 0.609375 0.7680297859375 0.59375 0.7253051765625 0.59375 0.6697631828125 0.61328125 0.6014038078125 0.56640625 0.5714965828125 0.55859375 0.55654296875 0.5332031234375 0.6035400390625 0.4785156234375 0.616357421875 0.4511718765625 0.6078125 0.4433593765625 0.51875 0.44224391562500004 0.51875 0.932111315625 0.5458618171875 0.9375 0.7039428703125 0.9453125 0.7210327140625 0.97265625 0.7893920890625 0.98046875 0.8000732421875 0.9941406234375 0.7993611656249999 1 0.8181341 1 0.8192993171874999 0.98828125 0.8363891609374999 1 0.8577514640625001 1 0.89833984375 0.9316406234375 0.89833984375 0.8886718765625 0.8833862296875001 0.875 0.8705688484374999 0.890625 0.8342529296875 0.9003906234375 0.8748413078125001 0.90625 0.8705688484374999 0.921875 0.7851196296875 0.921875 0.7723022453125 0.9140625 0.7637573234375 0.921875 0.7594848640625 0.9140625 0.7381225578125 0.9140625 0.7210327140625 0.9296875 0.718896484375 0.9160156234375 0.7509399421875 0.87890625 0.812890625 0.8378906234375 0.8321166984375001 0.80859375 0.8962036140624999 0.8125 0.9346557609375001 0.79296875 0.9773803703125001 0.79296875 1 0.776048090625 1 0.7357437078125
1 1 0.43984690156250006 0.7765747078125 0.44140625 0.7744384765625 0.4746093765625 0.804345703125 0.5371093765625 0.79580078125 0.5878906234375 0.8748413078125001 0.62109375 0.8769775390625 0.5683593765625 0.889794921875 0.5410156234375 0.9303833015624999 0.5078125 1 0.4865959828125 1 0.43984690156250006
1 0.770166015625 0.4433593765625 0.7573486328125 0.4394531234375 0.6355834953125 0.4375 0.62490234375 0.4472656234375 0.599267578125 0.4941406234375 0.599267578125 0.5175781234375 0.6120849609375 0.5566406234375 0.6398559578125 0.5859375 0.6911254890625 0.59765625 0.79580078125 0.5839843765625 0.8000732421875 0.5292968765625 0.7744384765625 0.4785156234375 0.770166015625 0.4433593765625