1 0.66875 0.6296875 0.66875 0.564328834375 0.6526041671875 0.559375 0.6151041671875 0.578125 0.5776041671875001 0.625 0.5833733984375 0.6296875 0.66875 0.6296875
1 0.12874053125 0 0.1234375 0.021875 0.1901041671875 0.059375 0.3234375 0.071875 0.40260416718750003 0.046875 0.418229165625 0 0.12874053125 0
1 0.4859375 0.546875 0.4984375 0.515625 0.49427083281249995 0.5125 0.46510416718750003 0.45 0.4192708328125 0.44375 0.3651041671875 0.478125 0.34427083281250004 0.51875 0.3776041671875 0.565625 0.4109375 0.56875 0.4859375 0.546875
1 0.66875 0 0.6228422609375001 0 0.5817708328125 0.071875 0.5942708328124999 0.096875 0.6276041671875 0.1125 0.66875 0.1253580734375 0.66875 0
0 0.8831357765625001 0 0.767527790625 0.086328125 0.7729724359375 0.156640625 0.759360821875 0.18984375 0.819251928125 0.23671875 0.8519198046875 0.2484375 0.9717020187500001 0.32265625 1 0.326039971875 1 0.0052140078125 0.9907945781249999 0 0.8831357765625001 0
0 0.66875 0.22069440624999997 0.7049143609375 0.21328125 0.7484715296875 0.19375 0.767527790625 0.172265625 0.7729724359375 0.117578125 0.76208314375 0.090234375 0.7375822375000001 0.06484375 0.6994697140625 0.04921875 0.66875 0.04921875 0.66875 0.22069440624999997
0 0.66875 0.51276346875 0.6913027453125 0.531640625 0.7348599140625 0.582421875 0.78113940625 0.61171875 0.8301412203125 0.615625 0.8437528359375 0.605859375 0.870976065625 0.566796875 0.8818653578125 0.535546875 0.8818653578125 0.484765625 0.8655314203125 0.445703125 0.8410305125 0.4359375 0.819251928125 0.4359375 0.7920286984375 0.428125 0.6994697140625 0.42421875 0.66875 0.456054009375 0.66875 0.51276346875
0 0 1 0.38055555625 1 0.33541666718749996 0.9609375 0.1729166671875 0.8484375 0.11875 0.8484375 0 0.8901263296874999 0 1
0 0 1 0.3795608109375 1 0.28958333281250004 0.9265625 0.1729166671875 0.8421875 0.13125 0.8453125 0 0.8905937500000001 0 1
0 0 1 0.3816885953125 1 0.2770833328125 0.9171875 0.1770833328125 0.8453125 0.14375 0.8453125 0 0.8929987984375 0 1
0 0 0.6296875 0 0.8979307437500001 0.1270833328125 0.8515625 0.1770833328125 0.8046875 0.24858870937500002 0.6296875 0 0.6296875
0 0.253977271875 0.6296875 0.21458333281250003 0.7046875 0.1979166671875 0.7546875 0.1979166671875 0.8640625 0.3686594203125 1 0.66875 1 0.66875 0.7853125000000001 0.6520833328125 0.7765625 0.66875 0.6665625015625001 0.66875 0.6338541656250001 0.6654166671875 0.6296875 0.253977271875 0.6296875
1 1 1 1 0.91484375 0.9765625 0.8953125 0.8473958328125001 0.9265625 0.7307291671875 0.9984375 0.7312973484375 1 1 1
1 0.66875 0.9866350453124999 0.7140625 0.9890625 0.8432291671875 0.9171875 0.8432291671875 0.8953125 0.8265625 0.8328125 0.7932291671875 0.7984375 0.7432291671875 0.7859375 0.66875 0.791015625 0.66875 0.9866350453124999
1 0.9682291671875 0.8828125 0.9848958328125 0.821354165625 0.9848958328125 0.8046875 0.9640625 0.7828125 0.8723958328125001 0.7609375 0.8307291671874999 0.7703125 0.8098958328125001 0.7953125 0.8640625 0.9046875 0.9307291671875 0.9015625 0.9682291671875 0.8828125
1 0.8390625 0.7390625 0.8473958328125001 0.6828125 0.8473958328125001 0.6671875 0.8307291671874999 0.6390625 0.7598958328125 0.6796875 0.7098958328125 0.6921875 0.6807291671875 0.7734375 0.8015625 0.7734375 0.8390625 0.7390625
1 1 0.6296875 0.8828125 0.6296875 0.8598958328125 0.6703125 0.8557291671874999 0.7171875 0.8723958328125001 0.7390625 0.9848958328125 0.7828125 1 0.7828125 1 0.6296875