1 0 0 0 0.2796875 0.13390625 0.2796875 0.1328125 0.2578125 0.1484375 0.1901041671875 0.1015625 0.1328125 0.09765625 0.1015625 0.115234375 0.078125 0.1484375 0.0703125 0.1484375 0.0182291671875 0.15790264375000002 0 0 0
1 0 0 0 0.2796875 0.13953125 0.2796875 0.14453125 0.1796875 0.09765625 0.1276041671875 0.09765625 0.09635416718749999 0.1484375 0.0703125 0.1484375 0.0182291671875 0.15790264375000002 0 0 0
1 0.158984375 0 0.1484375 0.0234375 0.15234375 0.07552083281250001 0.171875 0.1171875 0.1640625 0.1692708328125 0.1796875 0.1901041671875 0.205078125 0.1927083328125 0.2421875 0.1223958328125 0.23828125 0.0234375 0.220703125 0 0.158984375 0
1 0.2109375 0.2796875 0.2109375 0.21614583281250002 0.189453125 0.1979166671875 0.158203125 0.1979166671875 0.14453125 0.23177083281250002 0.1397395828125 0.2796875 0.2109375 0.2796875
1 0.45703125 0.2796875 0.45703125 0.1588541671875 0.423828125 0.1145833328125 0.380859375 0.1041666671875 0.310546875 0.109375 0.248046875 0.1510416671875 0.21484375 0.2109375 0.2201778015625 0.2796875 0.45703125 0.2796875
1 0.6881138390625 0.2796875 0.6875 0.2682291671875 0.658203125 0.24479166718749998 0.599609375 0.23958333281250002 0.58984375 0.2630208328125 0.603125 0.2796875 0.6881138390625 0.2796875
1 0.7296875 0.1816271546875 0.697265625 0.1354166671875 0.654296875 0.1145833328125 0.630859375 0.125 0.61328125 0.1536458328125 0.6171875 0.1692708328125 0.6875 0.2421875 0.7296875 0.22564338125 0.7296875 0.1816271546875
1 0.515625 0.1432291671875 0.53125 0.20052083281250002 0.548828125 0.203125 0.5625 0.1848958328125 0.57421875 0.09635416718749999 0.552734375 0.06770833281250001 0.53125 0.07552083281250001 0.515625 0.1432291671875
1 0.5473889796875 0 0.53515625 0.0442708328125 0.5546875 0.0703125 0.572265625 0.07291666718749999 0.5859375 0.0494791671875 0.5523623515625 0 0.5473889796875 0
1 0.474609375 0.22395833281250002 0.51171875 0.23177083281250002 0.52734375 0.2265625 0.52734375 0.20052083281250002 0.501953125 0.140625 0.478515625 0.1354166671875 0.46484375 0.1588541671875 0.46484375 0.20572916718749998 0.474609375 0.22395833281250002
1 0.47265625 0 0.47265625 0.07552083281250001 0.5 0.1328125 0.521484375 0.1302083328125 0.53125 0.1015625 0.53734375 0 0.47265625 0
1 0.35990767031250004 0 0.3359375 0.0703125 0.353515625 0.09375 0.44921875 0.1067708328125 0.46484375 0.1015625 0.46484375 0 0.35990767031250004 0
1 0.7296875 0.2796875 0.7296875 0.2352199078125 0.701171875 0.234375 0.6875 0.2682291671875 0.6924107140625 0.2796875 0.7296875 0.2796875
1 0.6545862265625 0 0.609375 0.06510416718749999 0.609375 0.09635416718749999 0.625 0.1119791671875 0.646484375 0.109375 0.6875 0.0442708328125 0.6827566968750001 0 0.6545862265625 0
0 0.7296875 0 0.7296875 0.2796875 0.9350921624999999 0.2796875 0.934130859375 0.2761718765625 0.9469482421875 0.2449218765625 0.89140625 0.2058593765625 0.8700439453125 0.1511718765625 0.831591796875 0.1316406234375 0.84013671875 0.0691406234375 0.831591796875 0.0261718765625 0.8209106453124999 0.01640625 0.7802368171875 0 0.7296875 0
1 0.480384290625 0.2796875 0.45390625 0.3192708328125 0.48515625 0.42864583281249996 0.5203125 0.4703125 0.604296875 0.45729166718750003 0.6453125 0.40260416718750003 0.6609375 0.3557291671875 0.6609375 0.2796875 0.480384290625 0.2796875
1 0.7296875 0.8435086375 0.658984375 0.790625 0.580859375 0.7958333328125 0.54765625 0.8401041671874999 0.53203125 0.8973958328125 0.54375 0.9807291671874999 0.5610937500000001 1 0.7226697203125 1 0.7296875 0.9753314390625001 0.7296875 0.8435086375
1 0.47734375 0.6734375 0.575 0.7723958328125 0.612109375 0.775 0.6296875 0.7567708328125 0.684375 0.6265625 0.68828125 0.5744791671874999 0.674609375 0.5458333328125 0.631640625 0.5145833328125 0.537890625 0.49895833281250007 0.49296875 0.5640625 0.47734375 0.6734375
1 0.502734375 0.7125 0.575 0.7723958328125 0.62578125 0.7619791671875 0.68828125 0.6109375 0.68828125 0.5692708328125 0.631640625 0.5145833328125 0.533984375 0.49895833281250007 0.4890625 0.5796875 0.47734375 0.6682291671874999 0.502734375 0.7125
1 0 0.8680748453125 0.002734375 0.86875 0.002734375 0.9 0.014453125 0.8791666671874999 0.014453125 0.9052083328125 0.04765625 0.9234375 0.075 0.9078125 0.0828125 0.8661458328125 0.121875 0.8088541671874999 0.18046875 0.5432291671874999 0.162890625 0.5197916671874999 0.061328125 0.46770833281249996 0.010546875 0.45729166718750003 0 0.47438301406250005 0 0.8680748453125
1 0.5339254125 1 0.53203125 0.8661458328125 0.514453125 0.8635416671874999 0.451953125 0.9104166671874999 0.38839738125 1 0.5339254125 1
1 0.29765625 0.5536458328125 0.35234375 0.6161458328125 0.44609375 0.5796875 0.4421875 0.5432291671874999 0.397265625 0.48333333281250007 0.377734375 0.48333333281250007 0.338671875 0.5302083328125 0.29765625 0.5536458328125
1 0.3668945296875 0.2796875 0.366015625 0.2802083328125 0.27421875 0.41302083281249996 0.278125 0.4859375 0.311328125 0.48333333281250007 0.434375 0.3192708328125 0.412432065625 0.2796875 0.3668945296875 0.2796875
1 0.3640625 0.6838541671875 0.43046875 0.7828125 0.45390625 0.7723958328125 0.48515625 0.7098958328125 0.4734375 0.6421875 0.448046875 0.5979166671874999 0.397265625 0.5979166671874999 0.36796875 0.6161458328125 0.3640625 0.6838541671875
1 0.26640625 0.6213541671874999 0.32109375 0.6890625 0.36015625 0.6786458328125 0.36015625 0.6317708328125 0.287890625 0.55625 0.260546875 0.5458333328125 0.25078125 0.5692708328125 0.26640625 0.6213541671874999
1 0.27421875 0.5380208328125 0.28984375 0.5484375 0.323046875 0.5458333328125 0.36796875 0.4963541671874999 0.3796875 0.46510416718750003 0.369921875 0.42083333281249996 0.2703125 0.5119791671874999 0.27421875 0.5380208328125
1 0 1 0.024140625 1 0.03984375 0.9651041671874999 0.0125 0.9442708328125 0.026171875 0.9260416671874999 0.006640625 0.9260416671874999 0.002734375 0.946875 0 0.941903409375 0 1
1 0.300390625 1 0.3015625 0.9859375 0.276171875 0.9208333328125 0.241015625 0.915625 0.186328125 0.946875 0.143359375 0.9520833328125 0.13359375 0.9911458328125 0.1424479171875 1 0.300390625 1
0 0.7296875 0.4728435796875 0.775390625 0.4702954859375 0.833984375 0.49207407031250006 0.888671875 0.49207407031250006 0.900390625 0.49751871562499994 0.91015625 0.5165749765625 0.916015625 0.5192973000000001 0.94140625 0.48390710000000003 0.91015625 0.462128515625 0.8984375 0.40223740937499997 0.892578125 0.394070440625 0.876953125 0.3995150859375 0.830078125 0.3777365015625 0.783203125 0.3396239796875 0.7734375 0.309678425 0.767578125 0.306956103125 0.73046875 0.40223740937499997 0.7296875 0.41639348906249996 0.7296875 0.4728435796875
0 0.7734375 0.2796875 0.7734375 0.3205677171875 0.783203125 0.3396239796875 0.859375 0.3913481171875 0.892578125 0.394070440625 0.89453125 0.375014178125 0.875 0.3042337796875 0.875 0.287899840625 0.869140625 0.279732871875 0.8689127609374999 0.2796875 0.7734375 0.2796875
0 1 0.2796875 0.8795681421874999 0.2796875 0.875 0.29878913281249997 0.9140625 0.462128515625 0.939453125 0.4702954859375 0.955078125 0.49751871562499994 0.96484375 0.5002410390625001 0.994140625 0.5029633625000001 1 0.5009216203125 1 0.2796875
0 0.7296875 0.7493496109375 0.779296875 0.7534170828125 0.8125 0.777917990625 0.8203125 0.777917990625 0.81640625 0.7452501140625001 0.837890625 0.715304559375 0.873046875 0.693525975 0.896484375 0.698970621875 0.912109375 0.6826366828125 0.935546875 0.6880813296875 0.94140625 0.6744697140625 0.91796875 0.5928000234375 0.90625 0.5111303312500001 0.896484375 0.49751871562499994 0.880859375 0.49207407031250006 0.853515625 0.49751871562499994 0.787109375 0.47574013125 0.751953125 0.47574013125 0.7296875 0.48349875156250005 0.7296875 0.7493496109375
0 0.7296875 0.9085894968750001 0.87109375 0.9085894968750001 0.802734375 0.8405314203125 0.759765625 0.8133081890625 0.740234375 0.8296421281249999 0.7296875 0.844342671875 0.7296875 0.9085894968750001
0 0.828125 0.7888072828125 0.84765625 0.8105858671874999 0.943359375 0.8133081890625 0.966796875 0.8078635437500001 0.98828125 0.7888072828125 0.9921875 0.7615840515625 0.962890625 0.7098599140624999 0.935546875 0.6880813296875 0.904296875 0.6880813296875 0.892578125 0.698970621875 0.876953125 0.693525975 0.837890625 0.715304559375 0.8203125 0.7398054671875001 0.8203125 0.7670286984375 0.828125 0.7888072828125