1 0.915625 0.6916666671875 0.909375 0.6458333328125 0.928125 0.6041666671875 0.925 0.47083333281249995 0.915625 0.375 0.896875 0.35 0.88125 0.35 0.68125 0.40833333281249995 0.6625 0.4291666671875 0.70625 0.5625 0.778125 0.6916666671875 0.7875 0.7333333328125 0.80625 0.75 0.840625 0.725 0.846875 0.6875 0.865625 0.7 0.915625 0.6916666671875
1 0.353125 0.30416666718749996 0.31875 0.3541666671875 0.290625 0.475 0.315625 0.5041666671875 0.36875 0.5125 0.440625 0.6041666671875 0.496875 0.5291666671875 0.51875 0.38333333281250004 0.396875 0.3083333328125 0.35625 0.3083333328125 0.353125 0.30416666718749996
1 0.2 0.7458333328125 0.2375 0.7708333328125 0.290625 0.7666666671875 0.31875 0.7458333328125 0.325 0.6583333328125 0.23125 0.625 0.225 0.625 0.196875 0.6708333328125 0.2 0.7458333328125
1 0.38125 0.8 0.3375 0.8333333328125001 0.328125 0.8625 0.3375 0.9166666671874999 0.365625 0.9541666671875 0.4375 0.9166666671874999 0.459375 0.85 0.43125 0.8416666671874999 0.41875 0.8125 0.39375 0.8 0.38125 0.8
1 0.3625 0.7291666671875 0.396875 0.7916666671875 0.440625 0.8083333328125001 0.496875 0.7625 0.490625 0.7083333328125 0.44375 0.6083333328125 0.4375 0.6083333328125 0.371875 0.675 0.3625 0.7291666671875
1 1 0.2071428578125 0.996875 0.1875 0.99375 0.1875 0.91875 0.225 0.928125 0.30416666718749996 0.946875 0.3375 1 0.3282608703125 1 0.2071428578125
1 0.1375 0.05 0.11875 0.0166666671875 0.109375 0.0166666671875 0.040625 0.029166667187500002 0.00625 0.07083333281250001 0 0.3333333328125 0.01875 0.3458333328125 0.071875 0.3375 0.121875 0.2916666671875 0.125 0.2125 0.10625 0.1291666671875 0.140625 0.0875 0.1375 0.05
1 0.184375 0.2666666671875 0.240625 0.35 0.275 0.3291666671875 0.25 0.2 0.2375 0.2 0.203125 0.2125 0.184375 0.2375 0.184375 0.2666666671875
1 0.4125 0.075 0.384375 0.0625 0.375 0.0625 0.3375 0.1166666671875 0.30625 0.24583333281250003 0.425 0.2958333328125 0.453125 0.2416666671875 0.45625 0.19583333281249998 0.446875 0.20416666718749998 0.440625 0.1916666671875 0.453125 0.1833333328125 0.434375 0.1583333328125 0.4125 0.075
1 0.446875 0 0.434375 0.029166667187500002 0.4375 0.1291666671875 0.51875 0.1375 0.534375 0.1541666671875 0.553125 0.0875 0.534375 0.0416666671875 0.496875 0 0.480208334375 0 0.446875 0
1 0 0.3333333328125 0.0625 0.3416666671875 0.128125 0.2875 0.096875 0.1458333328125 0.0875 0.1458333328125 0.0875 0.1666666671875 0.053125 0.1625 0.0125 0.1833333328125 0 0.2166666671875 0 0.3333333328125
1 0.203125 0.1583333328125 0.228125 0.1916666671875 0.246875 0.1916666671875 0.284375 0.1375 0.28125 0.0916666671875 0.25625 0.058333332812500006 0.240625 0.058333332812500006 0.19375 0.0916666671875 0.203125 0.1583333328125
1 0.153125 0 0.134375 0.0375 0.140625 0.075 0.15625 0.0875 0.2 0.054166667187499996 0.20625 0.025 0.1875 0 0.1703125 0 0.153125 0
1 0.24375 0 0.240625 0.0125 0.25 0.05 0.284375 0.08333333281250001 0.375 0.0416666671875 0.36875 0 0.353125 0 0.24375 0
1 0.146875 0.4458333328125 0.175 0.55 0.26875 0.4791666671875 0.2375 0.4291666671875 0.225 0.375 0.20625 0.3583333328125 0.19375 0.3583333328125 0.153125 0.3916666671875 0.146875 0.4458333328125
1 0.22769396562500002 1 0.225 0.9791666671874999 0.2 0.95 0.18125 0.95 0.133522728125 1 0.22769396562500002 1
1 0 0.9625 0.084375 0.9625 0.159375 0.8958333328125001 0.159375 0.825 0.078125 0.7833333328125 0.06875 0.7833333328125 0 0.8 0 0.9625
1 0.6625 0.7541666671875 0.58125 0.8083333328125001 0.565625 0.8583333328125 0.615625 0.95 0.696875 0.9791666671874999 0.734375 0.95 0.746875 0.9125 0.703125 0.8125 0.70625 0.7916666671875 0.671875 0.7541666671875 0.6625 0.7541666671875
1 0.552410715625 1 0.546875 0.8708333328125001 0.51875 0.8458333328125001 0.4984375 0.8458333328125001 0.459375 0.8666666671875 0.44375 0.925 0.4625 1 0.552410715625 1
1 0.5625 0.7416666671875001 0.578125 0.7625 0.625 0.7666666671875 0.64375 0.75 0.653125 0.7041666671875 0.6375 0.6541666671875 0.609375 0.6541666671875 0.5625 0.7041666671875 0.5625 0.7416666671875001