1 1 0.11855811249999999 0.986328125 0.1041666671875 0.951171875 0.1145833328125 0.93359375 0.1380208328125 0.87109375 0.2682291671875 0.828125 0.3203125 0.7734375 0.4453125 0.765625 0.4921875 0.783203125 0.5208333328125 0.916015625 0.5989583328125 0.98828125 0.5963541671875 1 0.591382575 1 0.11855811249999999
1 1 0.6041666671875 0.923828125 0.6041666671875 0.849609375 0.640625 0.80859375 0.6953125 0.796875 0.7317708328125 0.802734375 0.7604166671875 0.919921875 0.7552083328125 0.98046875 0.8567708328125001 0.98046875 0.8776041671874999 0.998046875 0.9010416671874999 1 0.9007523171875 1 0.6041666671875
1 1 0.600036825 0.90234375 0.6223958328125 0.90625 0.7161458328125 0.9765625 0.8515625 0.984375 0.8932291671874999 1 0.9001736125 1 0.600036825
1 0.212890625 0.421875 0.23828125 0.4453125 0.322265625 0.40625 0.34765625 0.2994791671875 0.33984375 0.21614583281250002 0.2421875 0.1119791671875 0.25390625 0.0338541671875 0.208984375 0.010416667187500001 0.005859375 0.0052083328125 0 0.4296875 0.177734375 0.4166666671875 0.212890625 0.421875
1 0.732421875 0.046875 0.673828125 0.0625 0.685546875 0.010416667187500001 0.537109375 0 0.513671875 0.010416667187500001 0.46875 0.0703125 0.47265625 0.1276041671875 0.4453125 0.1796875 0.44921875 0.2526041671875 0.359375 0.3255208328125 0.35546875 0.3880208328125 0.431640625 0.6041666671875 0.470703125 0.5885416671875 0.490234375 0.609375 0.5234375 0.6067708328125 0.564453125 0.5989583328125 0.689453125 0.4270833328125 0.755859375 0.4166666671875 0.87890625 0.2421875 0.890625 0.21614583281250002 0.88671875 0.1848958328125 0.85546875 0.09114583281250001 0.822265625 0.0364583328125 0.751953125 0.015625 0.732421875 0.046875
1 0.439453125 0.5208333328125 0.47265625 0.5338541671875 0.5859375 0.4088541671875 0.58203125 0.3619791671875 0.59765625 0.3359375 0.58203125 0.2786458328125 0.587890625 0.23958333281250002 0.525390625 0.2604166671875 0.443359375 0.2604166671875 0.41796875 0.2890625 0.421875 0.4921875 0.439453125 0.5208333328125
1 0.34765625 0.1796875 0.380859375 0.15625 0.431640625 0.15625 0.455078125 0.140625 0.46875 0.1171875 0.46484375 0.08072916718749999 0.412109375 0.06770833281250001 0.302734375 0.09895833281250001 0.3046875 0.1640625 0.322265625 0.1822916671875 0.34765625 0.1796875
1 0.32045200937499996 1 0.25390625 0.8619791671874999 0.220703125 0.8229166671874999 0.162109375 0.8697916671874999 0.15234375 0.9088541671874999 0.191142315625 1 0.32045200937499996 1
1 0.4296875 0.7578125 0.392578125 0.703125 0.232421875 0.6510416671875 0.205078125 0.6510416671875 0.1796875 0.6901041671875 0.18359375 0.7265625 0.224609375 0.7604166671875 0.361328125 0.796875 0.4140625 0.7942708328125 0.4296875 0.7578125
1 0.056640625 0.6979166671875 0.01953125 0.7109375 0.017578125 0.7552083328125 0.064453125 0.7864583328125 0.09375 0.7838541671875 0.109375 0.7578125 0.099609375 0.7239583328125 0.056640625 0.6979166671875
1 0.01953125 0.5911458328125 0.001953125 0.5520833328125 0.0078125 0.6640625 0.01953125 0.5911458328125
1 0.1484375 0.5598958328125 0.134765625 0.546875 0.095703125 0.5520833328125 0.08203125 0.5703125 0.0859375 0.6119791671875 0.103515625 0.6302083328125 0.1328125 0.6276041671875 0.15234375 0.6015625 0.1484375 0.5598958328125
1 0.34375 0.4244791671875 0.318359375 0.4114583328125 0.248046875 0.4427083328125 0.2109375 0.5234375 0.23046875 0.5494791671875 0.333984375 0.5052083328125 0.3515625 0.4713541671875 0.34375 0.4244791671875
1 0.904296875 1 0.892578125 0.984375 0.865234375 0.9791666671874999 0.8384486593749999 1 0.904296875 1
1 0.774739584375 1 0.7890625 0.9713541671874999 0.779296875 0.9375 0.689453125 0.9270833328125001 0.638671875 0.9635416671874999 0.537109375 0.9479166671874999 0.5 0.9869791671874999 0.5009765625 1 0.774739584375 1
1 0.6875 0.9140625 0.71875 0.7734375 0.669921875 0.6927083328125 0.583984375 0.6614583328125 0.51171875 0.7473958328125 0.484375 0.8151041671874999 0.48046875 0.8880208328125001 0.525390625 0.9375 0.63671875 0.9505208328125001 0.6875 0.9140625
1 0.849609375 0.5833333328125 0.763671875 0.515625 0.6796875 0.6796875 0.71875 0.7630208328125 0.73046875 0.7630208328125 0.775390625 0.6979166671875 0.8671875 0.6171875 0.849609375 0.5833333328125
1 0.8334263406250001 1 0.8671875 0.9713541671874999 0.89453125 0.9140625 0.884765625 0.890625 0.841796875 0.90625 0.79296875 0.9661458328125001 0.79296875 0.9973958328125001 0.80078125 1 0.8334263406250001 1
1 0.48780980625000003 1 0.48828125 0.9817708328125001 0.458984375 0.9583333328125001 0.365234375 0.9427083328125001 0.338898690625 1 0.48780980625000003 1
1 0.40234375 0.8671875 0.4140625 0.8046875 0.376953125 0.796875 0.3515625 0.8776041671874999 0.35546875 0.9192708328125001 0.408203125 0.953125 0.44140625 0.9505208328125001 0.45703125 0.9088541671874999 0.40234375 0.8671875