1 0.46649305625000004 0.3890625 0.4895833328125 0.359375 0.4895833328125 0.33125 0.40625 0.23125 0.3270833328125 0.25625 0.28125 0.29375 0.28125 0.3 0.3104166671875 0.365625 0.332552084375 0.3890625 0.46649305625000004 0.3890625
1 0.1145833328125 0.1625 0.0770833328125 0.196875 0.0770833328125 0.203125 0.08541666718749999 0.2375 0.10625 0.246875 0.16458333281249998 0.234375 0.2979166671875 0.253125 0.3479166671875 0.225 0.38125 0.225 0.39375 0.13125 0.3020833328125 0.003125 0.23125 0.025 0.10625 0.103125 0.1145833328125 0.1625
1 0.509375 0.08779296875 0.50625 0.0875 0.41875 0.109375 0.40208333281249997 0.19375 0.40208333281249997 0.2125 0.4895833328125 0.3 0.509375 0.2934512859375 0.509375 0.08779296875
1 0.13125 0.33125 0.1145833328125 0.35 0.11875 0.353125 0.1604166671875 0.35625 0.1604166671875 0.3375 0.13125 0.33125
1 0.17633928593749998 0.3890625 0.16875 0.3625 0.1395833328125 0.365625 0.1395833328125 0.38125 0.1395833328125 0.3890625 0.17633928593749998 0.3890625
1 0 0 0 0.1456730765625 0.0354166671875 0.1375 0.16875 0.046875 0.1520833328125 0.015625 0.1270833328125 0 0 0
0 0.509375 0 0.509375 0.3890625 0.9487194390625 0.3890625 0.950863034375 0 0.509375 0
0 0.7773148140625 0.3890625 0.7796875 0.373046875 0.7692708328125001 0.357421875 0.7458333328125001 0.34765625 0.7041666671875 0.3515625 0.6859375 0.361328125 0.6963541671875 0.380859375 0.709280303125 0.3890625 0.7773148140625 0.3890625
0 0.7109375 0.3890625 0.6963541671875 0.380859375 0.678125 0.359375 0.6130208328125 0.349609375 0.6026041671875 0.388671875 0.60289351875 0.3890625 0.7109375 0.3890625
0 0.6030729171875 0.3890625 0.6078125 0.353515625 0.5947916671875 0.33984375 0.5739583328125 0.33984375 0.5192708328125 0.369140625 0.5140625 0.384765625 0.5179583328125 0.3890625 0.6030729171875 0.3890625
0 0.509375 0.3728125 0.5114583328125 0.375 0.5635416671875 0.34375 0.5635416671875 0.3203125 0.5427083328125 0.3203125 0.509375 0.3072172625 0.509375 0.3728125
0 0.509375 0.2635546875 0.5895833328125 0.23046875 0.6052083328125 0.203125 0.6078125 0.181640625 0.5921875 0.166015625 0.5765625 0.115234375 0.521875 0.0859375 0.509375 0.0859375 0.509375 0.2635546875
0 0.7354166671875 0.34375 0.75625 0.328125 0.7223958328125001 0.244140625 0.678125 0.2109375 0.6572916671875 0.203125 0.6364583328125 0.20703125 0.6130208328125 0.224609375 0.6130208328125 0.283203125 0.6078125 0.302734375 0.5869791671875 0.314453125 0.5921875 0.330078125 0.6208333328125 0.34765625 0.678125 0.359375 0.7354166671875 0.34375
0 0.7463216140625001 0 0.7276041671875 0.044921875 0.7380208328125001 0.064453125 0.7770833328125001 0.09375 0.8552083328125001 0.1171875 0.9489583328125001 0.1015625 0.9515625 0.017578125 0.9258928578125001 0 0.7463216140625001 0
0 0.9489583328125001 0.22265625 0.9541666671875 0.1875 0.9567708328125001 0.111328125 0.9177083328125001 0.10546875 0.8760416671875 0.1171875 0.8630208328125001 0.130859375 0.8630208328125001 0.146484375 0.8890625 0.189453125 0.9125 0.20703125 0.9333333328125001 0.203125 0.9489583328125001 0.22265625
0 0.95557753125 0.3890625 0.9567708328125001 0.318359375 0.9489583328125001 0.30859375 0.9333333328125001 0.30859375 0.9098958328125001 0.322265625 0.8994791671875 0.369140625 0.880505953125 0.3890625 0.95557753125 0.3890625
0 0.8762019234375 0.3890625 0.8942708328125001 0.373046875 0.9020833328125001 0.34765625 0.9020833328125001 0.30859375 0.8135416671875 0.33203125 0.7666666671875 0.328125 0.7588541671875 0.337890625 0.7880952390625 0.3890625 0.8762019234375 0.3890625
0 0.9098958328125001 0.291015625 0.9125 0.2734375 0.9151041671875 0.232421875 0.8682291671875 0.162109375 0.8578125 0.119140625 0.81875 0.10546875 0.7770833328125001 0.109375 0.7588541671875 0.146484375 0.6807291671875 0.201171875 0.7328125 0.259765625 0.7536458328125001 0.318359375 0.7822916671875 0.33203125 0.8708333328125001 0.3203125 0.9098958328125001 0.291015625
0 0.9385416671875 0.30859375 0.9541666671875 0.3046875 0.9567708328125001 0.240234375 0.9489583328125001 0.23046875 0.9333333328125001 0.23046875 0.9151041671875 0.248046875 0.9098958328125001 0.291015625 0.9385416671875 0.30859375
0 0.7432291671875 0.158203125 0.7614583328125001 0.1328125 0.7640625 0.095703125 0.740625 0.0703125 0.6104166671875 0.06640625 0.5973958328125 0.072265625 0.5765625 0.115234375 0.5921875 0.162109375 0.6260416671875 0.1953125 0.678125 0.1953125 0.6989583328125 0.1875 0.7432291671875 0.158203125
0 0.6272435890625 0 0.6729166671875 0.0234375 0.709375 0.03125 0.7328125 0.017578125 0.740625 0 0.6272435890625 0
0 0.678125 0.06640625 0.7145833328125001 0.046875 0.709375 0.03125 0.6364583328125 0.0078125 0.615625 0.0078125 0.5921875 0.029296875 0.5921875 0.052734375 0.6104166671875 0.06640625 0.678125 0.06640625
0 0.509375 0 0.509375 0.04535845625 0.5635416671875 0.04296875 0.615625 0.0078125 0.6142663046875001 0 0.509375 0
0 0.509375 0.0859375 0.521875 0.0859375 0.553125 0.1015625 0.5739583328125 0.1015625 0.5947916671875 0.07421875 0.5973958328125 0.060546875 0.5739583328125 0.04296875 0.509375 0.046428571875000005 0.509375 0.0859375
0 0.0723958328125 0.735546875 0.0802083328125 0.778515625 0.1140625 0.809765625 0.153125 0.81953125 0.3067708328125 0.825390625 0.3458333328125 0.801953125 0.38229166718749996 0.762890625 0.4057291671875 0.753125 0.43177083281249995 0.727734375 0.4578125 0.673046875 0.4447916671875 0.618359375 0.434375 0.610546875 0.3145833328125 0.6125 0.2416666671875 0.596875 0.1765625 0.610546875 0.153125 0.596875 0.1244791671875 0.653515625 0.0880208328125 0.688671875 0.0723958328125 0.735546875
0 0 0.3890625 0 0.44391276093750004 0.0203125 0.462109375 0.0828125 0.48359375 0.121875 0.48359375 0.153125 0.466015625 0.1739583328125 0.407421875 0.1739583328125 0.3890625 0 0.3890625
0 0.509375 0.3890625 0.376171875 0.3890625 0.3796875 0.45234375 0.403125 0.46796875 0.43177083281249995 0.473828125 0.509375 0.4705022328125 0.509375 0.3890625
0 0.1784375 0.3890625 0.17916666718750002 0.40546875 0.3015625 0.440625 0.35625 0.4328125 0.3692708328125 0.403515625 0.3679861109375 0.3890625 0.1784375 0.3890625
0 0.509375 0.7715422453125 0.42395833281249995 0.766796875 0.3848958328125 0.782421875 0.28854166718749996 0.8546875 0.246875 0.915234375 0.246875 0.934765625 0.2677083328125 0.958203125 0.340625 0.9953125 0.368125 1 0.41822916718750003 1 0.509375 0.9772135421874999 0.509375 0.7715422453125
0 0.509375 1 1 1 1 0.599386134375 0.509375 0.7776955953125 0.509375 1
0 1 0.3890625 0.509375 0.3890625 0.509375 0.785027828125 1 0.5992627718750001 1 0.3890625