1 0.9902573531250001 1 0.996875 0.9916666671875 0.996875 0.775 0.896875 0.625 0.84375 0.5916666671875 0.825 0.5916666671875 0.7375 0.6333333328124999 0.665625 0.7208333328125 0.640625 0.7875 0.684375 0.8666666671875 0.70625 0.9458333328125 0.76875 0.9583333328125001 0.8 0.9833333328125 0.789583334375 1 0.9902573531250001 1
1 0.66081730625 1 0.696875 0.925 0.6375 0.8 0.559375 0.7208333328125 0.55 0.7208333328125 0.53125 0.7416666671875001 0.528125 0.8041666671875 0.46875 0.8958333328125001 0.465625 0.9541666671875 0.506365740625 1 0.66081730625 1
1 0.410491071875 1 0.425 0.9583333328125001 0.4125 0.9125 0.309375 0.7916666671875 0.2875 0.7916666671875 0.221875 0.8958333328125001 0.203125 0.975 0.218526784375 1 0.410491071875 1
1 0.25625 0.7458333328125 0.240625 0.6916666671875 0.2125 0.6583333328125 0.184375 0.6583333328125 0.2 0.6166666671875001 0.18125 0.6041666671875 0.171875 0.6041666671875 0.028125 0.7166666671875 0.021875 0.7708333328125 0.05625 0.8416666671874999 0.11875 0.8541666671874999 0.190625 0.9375 0.25 0.8166666671874999 0.275 0.7791666671875 0.284375 0.7833333328125 0.284375 0.7625 0.25625 0.7458333328125
1 0.48973214374999996 1 0.465625 0.9625 0.45625 0.9625 0.434375 0.9708333328125001 0.420703125 1 0.48973214374999996 1
1 0.3796875 0.7 0.35 0.7083333328125 0.303125 0.775 0.421875 0.9125 0.446875 0.875 0.4625 0.8875 0.446875 0.8625 0.4875 0.775 0.490625 0.7375 0.396875 0.7 0.3796875 0.7
1 0.45625 0.7125 0.55 0.7 0.5625 0.6083333328125 0.525 0.55 0.5078125 0.55 0.36875 0.6041666671875 0.36875 0.6833333328125 0.45625 0.7125
1 0.56875 0.6125 0.559375 0.675 0.5625 0.7083333328125 0.5875 0.7291666671875 0.628125 0.7166666671875 0.64375 0.6666666671875 0.6375 0.6041666671875 0.609375 0.575 0.59375 0.575 0.56875 0.6125
1 0.665625 0.5416666671875 0.63125 0.575 0.646875 0.7166666671875 0.71875 0.6291666671875 0.675 0.5416666671875 0.665625 0.5416666671875
1 0.80625 0 0.79375 0.1875 0.8125 0.2208333328125 0.846875 0.2166666671875 0.88125 0.25833333281250004 0.94375 0.2541666671875 0.975 0.13333333281249998 0.9875 0.0416666671875 0.98125 0 0.965340909375 0 0.80625 0
1 0 0.9305555546875001 0.025 0.9083333328125001 0.03125 0.8375 0.009375 0.75 0 0.75 0 0.9305555546875001
1 0.208333334375 1 0.2 0.9875 0.196875 0.9875 0.187006578125 1 0.208333334375 1
1 0.3375 0.525 0.390625 0.5833333328125 0.4625 0.5625 0.490625 0.5125 0.484375 0.4791666671875 0.415625 0.40833333281249995 0.40625 0.40833333281249995 0.334375 0.5041666671875 0.3375 0.525
1 0.371875 0.325 0.4375 0.4166666671875 0.478125 0.4125 0.553125 0.3541666671875 0.5625 0.225 0.409375 0.2208333328125 0.4 0.2208333328125 0.371875 0.25 0.371875 0.325
1 0.465625 0.075 0.43125 0.1041666671875 0.440625 0.2125 0.509375 0.2208333328125 0.565625 0.20416666718749998 0.565625 0.1041666671875 0.55625 0.0791666671875 0.534375 0.07083333281250001 0.5125 0.07083333281250001 0.465625 0.075
1 0 0.3923076921875 0.003125 0.3875 0.00625 0.3458333328125 0 0.3277777796875 0 0.3923076921875
1 0 0.2645833328125 0.03125 0.3375 0.0875 0.3166666671875 0.153125 0.20416666718749998 0.128125 0.1125 0.059375 0.0875 0.0421875 0.0875 0 0.09714285781250001 0 0.2645833328125
1 0.7125 0.3625 0.696875 0.43333333281249997 0.703125 0.46666666718750005 0.765625 0.49583333281249997 0.821875 0.48333333281249996 0.840625 0.45 0.85 0.3708333328125 0.75625 0.2958333328125 0.74375 0.2958333328125 0.7125 0.3625
1 0 0.6506944453125 0.03125 0.6333333328124999 0.078125 0.6583333328125 0.11875 0.6375 0.14375 0.6041666671875 0.14375 0.5708333328124999 0.115625 0.5166666671875 0.1 0.5166666671875 0 0.5691919203125 0 0.6506944453125
1 0 0.5671568625 0.1 0.5083333328124999 0.115625 0.40416666718750005 0.103125 0.3708333328125 0.090625 0.3708333328125 0.0125 0.4 0 0.4106060625 0 0.5671568625
1 0.1125 0.45 0.121875 0.5125 0.15625 0.5916666671875 0.221875 0.6166666671875001 0.228125 0.5791666671875 0.275 0.5333333328125 0.253125 0.48333333281249996 0.14375 0.3875 0.134375 0.3875 0.1125 0.45
1 0.54375 0.3708333328125 0.509375 0.3916666671875 0.48125 0.4458333328125 0.525 0.5416666671875 0.559375 0.575 0.58125 0.575 0.603125 0.55 0.6 0.475 0.6125 0.4166666671875 0.571875 0.3708333328125 0.54375 0.3708333328125
1 0.61875 0.4125 0.675 0.35 0.675 0.3125 0.653125 0.2875 0.646875 0.2875 0.56875 0.3375 0.571875 0.36666666718749996 0.61875 0.4125
1 0.65 0.2416666671875 0.6125 0.20416666718749998 0.59375 0.20416666718749998 0.56875 0.2666666671875 0.575 0.3125 0.65625 0.275 0.65 0.2416666671875
1 0.746875 0 0.7125 0.054166667187499996 0.69375 0.1583333328125 0.74375 0.1833333328125 0.775 0.175 0.79375 0.1375 0.7875 0.0375 0.8 0.0333333328125 0.7875 0.0333333328125 0.775 0 0.746875 0
1 0.13125 0.2708333328125 0.13125 0.36666666718749996 0.221875 0.43333333281249997 0.28125 0.5083333328124999 0.303125 0.5041666671875 0.321875 0.45416666718750004 0.334375 0.3541666671875 0.340625 0.3416666671875 0.346875 0.3541666671875 0.340625 0.3291666671875 0.3625 0.2166666671875 0.346875 0.20416666718749998 0.346875 0.2 0.3125 0.22916666718749998 0.3125 0.24583333281250003 0.296875 0.2541666671875 0.30625 0.2666666671875 0.284375 0.275 0.259375 0.3125 0.215625 0.2666666671875 0.2125 0.2125 0.165625 0.2208333328125 0.13125 0.2708333328125
1 0.175 1 0.1875 0.9833333328125 0.1875 0.9583333328125001 0.115625 0.8875 0.1125 0.8833333328125 0.121875 0.9 0.103125 0.9208333328125 0.05625 0.9291666671875 0.075 0.9416666671874999 0.05 0.9583333328125001 0.05 1 0.175 1
1 0.034375 0 0.034375 0.0166666671875 0.06875 0.0791666671875 0.090625 0.0875 0.175 0 0.159375 0 0.034375 0
1 0.315625 0 0.290625 0.0208333328125 0.309375 0.0375 0.275 0.0416666671875 0.26875 0.075 0.253125 0.0791666671875 0.25 0.054166667187499996 0.23125 0.05 0.2125 0.08333333281250001 0.225 0.1166666671875 0.209375 0.1416666671875 0.20625 0.1875 0.259375 0.2 0.275 0.2416666671875 0.284375 0.2208333328125 0.31875 0.2166666671875 0.396875 0.1583333328125 0.421875 0.0875 0.440625 0.075 0.45 0 0.33125 0 0.315625 0
1 0.13125 0.075 0.13125 0.1 0.15 0.125 0.196875 0.125 0.184375 0.0958333328125 0.1875 0.0625 0.2 0.054166667187499996 0.18125 0.0125 0.175 0.0125 0.13125 0.075
1 0.175 0.125 0.18125 0.0208333328125 0.178125 0.0208333328125 0.128125 0.0791666671875 0.125 0.0958333328125 0.15 0.1291666671875 0.175 0.125