1 0.447505040625 0 0.3796875 0.121875 0.3359375 0.2552083328125 0.3546875 0.2760416671875 0.5546875 0.334375 0.5703125 0.334375 0.5890625 0.309375 0.5984375 0.21354166718749998 0.6015625 0.0802083328125 0.5828125 0.0385416671875 0.5880681812499999 0 0.447505040625 0
1 0 0.34157196875 0.0265625 0.3802083328125 0.0296875 0.3760416671875 0.0703125 0.3760416671875 0.1921875 0.3010416671875 0.1703125 0.1552083328125 0.1140625 0.0802083328125 0.0421875 0.171875 0 0.178492646875 0 0.34157196875
1 0.043689903125 0 0.0453125 0.009375 0.1109375 0.0760416671875 0.1171875 0.0760416671875 0.15283203125 0 0.043689903125 0
1 0 0.5225 0.0109375 0.5677083328125 0.0484375 0.621875 0.0578125 0.621875 0.0859375 0.609375 0.1078125 0.5260416671875 0.1265625 0.5010416671875 0.1140625 0.4927083328125 0.1203125 0.48020833281249997 0.1296875 0.48854166718750003 0.1265625 0.4427083328125 0.0984375 0.3885416671875 0 0.42998903593750004 0 0.5225
1 0.21313920468749997 0.6296875 0.2265625 0.596875 0.2078125 0.5302083328125 0.1921875 0.546875 0.1109375 0.5552083328124999 0.1086100265625 0.6296875 0.21313920468749997 0.6296875
1 0.94354248125 0 0.96328125 0.0386718765625 0.9419189453125 0.050390623437500004 0.9333740234375 0.0738281234375 0.9419189453125 0.0855468765625 0.9291015625 0.1011718765625 0.9483276359375001 0.09921875 0.96328125 0.1089843765625 0.91201171875 0.1285156234375 0.9162841796875 0.1519531234375 0.9013305671874999 0.1890625 0.8842407234374999 0.17734375 0.8607421875 0.1832031234375 0.869287109375 0.17148437656249998 0.8586059578124999 0.17734375 0.8393798828125 0.1519531234375 0.8500610359374999 0.13828125 0.8607421875 0.14023437656249998 0.8607421875 0.1207031234375 0.8372436515625001 0.0875 0.8158813484374999 0.0796875 0.7795654296875 0.0894531234375 0.7731567390625 0.1421875 0.6962524421875 0.1578125 0.6684814453125 0.17929687656249998 0.6556640625 0.22617187656249998 0.7026611328125 0.2808593765625 0.70693359375 0.3160156234375 0.7240234375 0.3277343765625 0.7197509765625 0.3511718765625 0.7047973640625 0.36484375 0.6962524421875 0.3609375 0.67275390625 0.3746093765625 0.6962524421875 0.38046875 0.7176147453125 0.3609375 0.7282958984375 0.3785156234375 0.7240234375 0.3902343765625 0.7453857421875 0.4058593765625 0.7517944328125 0.42734375 0.7646118171875 0.4 0.7859741203125 0.4 0.8052001953125 0.4136718765625 0.7966552734375 0.4214843765625 0.7987915046875 0.4546875 0.7475219734375 0.44296875 0.7347045890625 0.47421875 0.6770263671875 0.4839843765625 0.7026611328125 0.5113281234375 0.6962524421875 0.52109375 0.67275390625 0.5074218765625 0.6706176765625 0.49375 0.63857421875 0.4996093765625 0.63857421875 0.5542968765625 0.6962524421875 0.58359375 0.7005249015625 0.57578125 0.70693359375 0.5972656234375 0.6236206046875 0.603125 0.621484375 0.6246093765625 0.6364379890625 0.62265625 0.64002685625 0.6296875 1 0.6296875 1 0 0.9612670890625001 0 0.9568725578125001 0.009375 0.9529287484375001 0 0.94354248125 0
1 1 0.15573559374999998 0.9867797859374999 0.165625 0.9611450203124999 0.165625 0.9226928703125001 0.15 0.9077392578125 0.16367187656249998 0.91201171875 0.20273437656249998 0.903466796875 0.2066406234375 0.9440551765624999 0.21640625 0.9504638671875 0.23398437656249998 0.98037109375 0.2535156234375 0.98037109375 0.2925781234375 0.920556640625 0.3316406234375 0.9248291015625 0.3589843765625 0.8906494140625 0.3824218765625 0.8671508796874999 0.41953125 0.8201538078125001 0.415625 0.8052001953125 0.4253906234375 0.80947265625 0.4527343765625 0.8286987296875001 0.4703125 0.8500610359374999 0.47421875 0.8607421875 0.4605468765625 0.852197265625 0.4488281234375 0.8756958015624999 0.43125 0.8735595703125 0.4449218765625 0.8885131828125001 0.45859375 0.9184204109374999 0.4625 0.9269653328124999 0.47421875 0.9333740234375 0.4410156234375 0.9483276359375001 0.44296875 0.9760986328125 0.4605468765625 0.9760986328125 0.4839843765625 0.9846435546875 0.4800781234375 0.971826171875 0.5425781234375 0.988916015625 0.5621093765625 1 0.5649468765625001 1 0.15573559374999998
1 0.6391568249999999 0 0.6706176765625 0.02109375 0.7176147453125 0.02890625 0.7517944328125 0.06796875 0.7688842765625 0.06796875 0.7987915046875 0.0484375 0.8671508796874999 0.06796875 0.87783203125 0.0777343765625 0.869287109375 0.0933593765625 0.8885131828125001 0.1109375 0.9269653328124999 0.11875 0.94619140625 0.030859376562500002 0.9293151843749999 0 0.6391568249999999 0
1 0.7968688953124999 0 0.80947265625 0.0230468765625 0.7923828125 0.0425781234375 0.8415161140624999 0.06015625 0.8714233390625001 0.103125 0.9226928703125001 0.12265625 0.9419189453125 0.1089843765625 0.9333740234375 0.058203123437500004 0.94619140625 0.0347656234375 0.9257164578125 0 0.7968688953124999 0
1 0.609375 0.6296875 0.6220540359375 0.6296875 0.6257568359375 0.6246093765625 0.6877075203125 0.603125 0.6941162109375 0.5933593765625 0.63857421875 0.5503906234375 0.6513916015625 0.4253906234375 0.6684814453125 0.4097656234375 0.6684814453125 0.3941406234375 0.6535278328125 0.37265625 0.6172119140625 0.3511718765625 0.609375 0.350148278125 0.609375 0.6296875
1 0.609375 0.1604721453125 0.6278930671875 0.165625 0.6578002921875 0.1578125 0.6770263671875 0.1285156234375 0.6684814453125 0.1011718765625 0.6193481453125 0.103125 0.612939453125 0.1441406234375 0.609375 0.14495535625 0.609375 0.1604721453125
1 0.609375 1 0.609375 0.8311079546875 0.591015625 0.8333333328125001 0.56953125 0.8098958328125001 0.544140625 0.6927083328125 0.505078125 0.6979166671875 0.471875 0.7265625 0.44453125 0.8411458328125001 0.4484375 0.9192708328125001 0.43402157656250007 1 0.609375 1
1 0.609375 1 0.609375 0.8311079546875 0.591015625 0.8333333328125001 0.56953125 0.8098958328125001 0.55390625 0.7057291671875 0.536328125 0.6875 0.485546875 0.7083333328125 0.46796875 0.7317708328125 0.44453125 0.8359375 0.4484375 0.9140625 0.43232421875 1 0.609375 1
1 0.609375 0.6296875 0.589699075 0.6296875 0.5578125 0.6901041671875 0.56171875 0.7890625 0.594921875 0.8333333328125001 0.609375 0.83140625 0.609375 0.6296875
1 0.34296875 0.6296875 0.34296875 0.6536458328125 0.376171875 0.6979166671875 0.419140625 0.7083333328125 0.489453125 0.703125 0.551953125 0.6614583328125 0.5695652171875001 0.6296875 0.34296875 0.6296875
1 0 0.6296875 0 0.6651041671875 0.00703125 0.7057291671875 0.024609375 0.7291666671875 0.0578125 0.7109375 0.065625 0.6484375 0.06281250000000001 0.6296875 0 0.6296875
1 0.069480846875 0.6296875 0.102734375 0.6770833328125 0.145703125 0.6979166671875 0.169140625 0.6875 0.18671875 0.6588541671875 0.1828125 0.6432291671875 0.1697544640625 0.6296875 0.069480846875 0.6296875
1 0.23722426406250002 0.6296875 0.22578125 0.7161458328125 0.247265625 0.7447916671875 0.26875 0.7369791671875 0.284375 0.6692708328125 0.2735795453125 0.6296875 0.23722426406250002 0.6296875
1 0.26484375 0.7682291671875 0.2453125 0.7421875 0.227734375 0.7395833328125 0.2140625 0.7630208328125 0.251171875 0.8177083328125001 0.26484375 0.7682291671875
1 0.28016304375 0.6296875 0.298046875 0.671875 0.321484375 0.6770833328125 0.33515625 0.6536458328125 0.33515625 0.6296875 0.28016304375 0.6296875
1 0.32734375 0.7369791671875 0.3 0.6796875 0.278515625 0.6822916671875 0.26875 0.7109375 0.2609375 0.8411458328125001 0.278515625 0.8854166671874999 0.301953125 0.890625 0.32734375 0.8567708328125001 0.32734375 0.7369791671875
1 0.446484375 0.71875 0.35078125 0.7057291671875 0.33515625 0.7109375 0.33515625 0.8880208328125001 0.368359375 0.9270833328125001 0.378125 0.8463541671874999 0.395703125 0.828125 0.434765625 0.828125 0.4640625 0.7421875 0.446484375 0.71875
1 0.2412715515625 1 0.1828125 0.9192708328125001 0.161328125 0.9166666671874999 0.1515625 0.9401041671874999 0.1515625 1 0.2412715515625 1
1 0.27190504843749996 1 0.2921875 0.9765625 0.26875 0.9348958328125001 0.247265625 0.9375 0.2375 0.9557291671874999 0.2375 0.9765625 0.255078125 1 0.27190504843749996 1
1 0.373414521875 1 0.38203125 0.9609375 0.33125 0.8984375 0.305859375 0.8958333328125001 0.2921875 0.9140625 0.29609375 0.9453125 0.365641984375 1 0.373414521875 1
1 0.3582682296875 1 0.3078125 0.9609375 0.28828125 0.9921875 0.2888671875 1 0.3582682296875 1
1 0 1 0.138301809375 1 0.13984375 0.9609375 0.1359375 0.9088541671874999 0.1203125 0.8932291671874999 0 0.9039236109375001 0 1
1 0.190625 0.7161458328125 0.175 0.7005208328125 0.153515625 0.703125 0.1125 0.7682291671875 0.118359375 0.8229166671874999 0.141796875 0.8177083328125001 0.190625 0.7473958328125 0.190625 0.7161458328125
1 0 0.8489583328125001 0.087109375 0.8489583328125001 0.1046875 0.8307291671874999 0.10859375 0.7994791671875 0.091015625 0.7708333328125 0.00703125 0.7578125 0 0.757319078125 0 0.8489583328125001
1 0.28828125 0.8984375 0.23359375 0.8151041671874999 0.20625 0.8203125 0.20234375 0.8567708328125001 0.262890625 0.9270833328125001 0.282421875 0.9322916671874999 0.28828125 0.8984375
1 0.423976934375 1 0.44453125 0.8671875 0.41328125 0.8307291671874999 0.387890625 0.8333333328125001 0.37421875 0.8776041671874999 0.385693359375 1 0.423976934375 1
1 1 1 1 0.6296875 0.8124186203124999 0.6296875 0.80625 0.64473400625 0.77890625 0.7372929906250001 0.775 0.8080733890625 0.804296875 0.8597975265625 0.827734375 0.8815761109375 0.835546875 0.8815761109375 0.847265625 0.8979100499999999 0.882421875 0.919688634375 0.901953125 0.94146721875 0.978067653125 1 1 1
1 0.8037500453125 1 0.8140625 0.99319135625 0.81015625 0.9877467109375001 0.81796875 0.971412771875 0.8140625 0.9605234796875 0.82578125 0.9060770187500001 0.82578125 0.88974308125 0.78671875 0.8461859125 0.77109375 0.8080733890625 0.7671875 0.7754055125 0.77109375 0.7645162203125 0.759375 0.7645162203125 0.77109375 0.7481822828125 0.728125 0.7427376359375 0.65390625 0.7427376359375 0.65390625 0.753626928125 0.66171875 0.759071575 0.66171875 0.840741265625 0.6578125 0.8461859125 0.6578125 0.8951877265625001 0.65 0.927855603125 0.66171875 0.9496341875000001 0.66953125 0.9823020640625 0.6790542609375 1 0.8037500453125 1