1 0.3359375 0.0979166671875 0.3015625 0.11875 0.2265625 0.12291666718750001 0.2234375 0.1895833328125 0.1984375 0.23125 0.1953125 0.2854166671875 0.2109375 0.3145833328125 0.2359375 0.3229166671875 0.25406249999999997 0.3229166671875 0.3265625 0.3229166671875 0.3359375 0.3104166671875 0.3578125 0.23541666718749998 0.3609375 0.15625 0.3359375 0.0979166671875
1 0.2578125 0.49791666718750005 0.3515625 0.45208333281249996 0.3703125 0.3770833328125 0.3640625 0.3395833328125 0.2328125 0.3270833328125 0.2046875 0.3395833328125 0.1890625 0.4604166671875 0.2015625 0.48125 0.2421875 0.49791666718750005 0.2578125 0.49791666718750005
1 0.38625 0.55 0.3859375 0.5479166671875 0.3453125 0.46875 0.3015625 0.4770833328125 0.2515625 0.5104166671875 0.2515625 0.55 0.38625 0.55
1 0.1953125 0.31875 0.1453125 0.28958333281250004 0.0828125 0.3270833328125 0.0609375 0.3854166671875 0.0765625 0.4145833328125 0.1578125 0.4770833328125 0.1671875 0.4770833328125 0.1796875 0.46458333281249997 0.1953125 0.31875
1 0.1546164765625 0.55 0.1640625 0.5104166671875 0.1546875 0.4770833328125 0.0921875 0.42291666718750004 0.0578125 0.41875 0.0296875 0.44375 0.0546875 0.48541666718750004 0.0640625 0.5395833328124999 0.0578125 0.55 0.1546164765625 0.55
1 0.1546875 0 0.1546875 0.0229166671875 0.2171875 0.0979166671875 0.2671875 0.1145833328125 0.284375 0.1145833328125 0.3265625 0.0979166671875 0.3295 0 0.1546875 0
1 0.459375 0.076311728125 0.4328125 0.0395833328125 0.4046875 0.0229166671875 0.3828125 0.0645833328125 0.4484375 0.1729166671875 0.459375 0.1838541671875 0.459375 0.076311728125
1 0.4453125 0.43125 0.4296875 0.39791666718749996 0.3828125 0.39375 0.3578125 0.46875 0.3890625 0.5395833328124999 0.4265625 0.5479166671875 0.4296875 0.5479166671875 0.4515625 0.51875 0.4453125 0.43125
1 0.459375 0.20654761875 0.4453125 0.21458333281250003 0.4359375 0.25625 0.4359375 0.29375 0.4578125 0.30625 0.459375 0.30625 0.459375 0.20654761875
1 0.2234375 0.11041666718750001 0.1484375 0.0270833328125 0.1234375 0.0395833328125 0.1171875 0.0770833328125 0.1203125 0.14791666718750002 0.1453125 0.1604166671875 0.1546875 0.1604166671875 0.2109375 0.15625 0.2234375 0.11041666718750001
1 0 0.49513888906250003 0.0359375 0.5270833328125 0.0484375 0.5270833328125 0.0515625 0.49791666718750005 0.0203125 0.4479166671875 0 0.434375 0 0.49513888906250003
1 0.03125 0.55 0.0546875 0.53125 0 0.4933333328125 0 0.549281609375 0.0052083375 0.55 0.03125 0.55
1 0 0.2510416671875 0.0515625 0.27291666718749996 0.0609375 0.27291666718749996 0.0859375 0.21875 0.0390625 0.11875 0.0234375 0.11875 0 0.15 0 0.2510416671875
0 0.459375 0.55 0.95360329375 0.55 0.95625 0.5445893828124999 0.9796875 0.48469827656250003 0.9875 0.45747504531249994 0.9875 0.430251815625 0.96796875 0.3921392921875 0.95234375 0.38125 0.946484375 0.36219373906249996 0.926953125 0.36219373906249996 0.782421875 0.2478561703125 0.758984375 0.2478561703125 0.731640625 0.236966878125 0.7140625 0.2179106171875 0.6984375 0.1743534484375 0.680859375 0.1552971875 0.606640625 0.1008507265625 0.594921875 0.0845167875 0.559765625 0.062738203125 0.532421875 0.0355149734375 0.50703125 0.0382372953125 0.48359375 0.07634981874999999 0.459375 0.13421862812500002 0.459375 0.55
0 0.459375 0.55 0.9495139390624999 0.55 0.96015625 0.517366153125 0.98359375 0.4683643375 0.98359375 0.42480716875 0.966015625 0.394861615625 0.954296875 0.38941696875 0.938671875 0.367638384375 0.899609375 0.3458598 0.798046875 0.25874546249999997 0.778515625 0.2478561703125 0.751171875 0.2478561703125 0.723828125 0.2315222328125 0.688671875 0.1661864796875 0.665234375 0.1444078953125 0.641796875 0.133518603125 0.610546875 0.1008507265625 0.548046875 0.051848910937500006 0.50703125 0.0491265875 0.4875 0.07090517187499999 0.4875 0.0817944640625 0.459375 0.1430467328125 0.459375 0.55
0 1 0.025365468749999998 0.6828125 0.027348003125 0.67890625 0.0491265875 0.70625 0.1906873859375 0.723828125 0.2260775859375 0.755078125 0.242411525 0.844921875 0.2315222328125 0.864453125 0.220632940625 1 0.189787353125 1 0.025365468749999998
0 0 1 0.4560703828125 1 0.451171875 0.9840687390625 0.431640625 0.9840687390625 0.287109375 0.8697311703124999 0.263671875 0.8697311703124999 0.236328125 0.858841878125 0.21875 0.8397856171875 0.203125 0.7962284484375 0.185546875 0.7771721875 0.111328125 0.7227257265625 0.099609375 0.7063917875 0.064453125 0.684613203125 0.037109375 0.6573899734374999 0.01171875 0.6601122953124999 0 0.6791685562499999 0 1
0 0 1 0.450882975 1 0.443359375 0.9895133843749999 0.404296875 0.9677348 0.302734375 0.8806204624999999 0.283203125 0.8697311703124999 0.255859375 0.8697311703124999 0.228515625 0.8533972328124999 0.193359375 0.7880614796875001 0.169921875 0.7662828953125 0.146484375 0.755393603125 0.115234375 0.7227257265625 0.052734375 0.6737239109375001 0.01171875 0.6710015874999999 0 0.6840687375 0 1
0 0.459375 0.6475236890625 0.1875 0.649223003125 0.18359375 0.6710015874999999 0.2109375 0.8125623859375001 0.228515625 0.8479525859375 0.259765625 0.864286525 0.349609375 0.8533972328124999 0.369140625 0.8425079406249999 0.459375 0.821973846875 0.459375 0.6475236890625
0 1 1 1 0.6580825609375001 0.9875 0.6630208328125 0.921875 0.7171875 0.846875 0.8421875 0.821875 0.9713541671874999 0.821875 1 1 1
0 0.459375 0.8700284093749999 0.54375 0.8546875 0.578125 0.8713541671874999 0.6125 0.9171875 0.646875 0.9255208328125001 0.678125 0.8713541671874999 0.684375 0.7088541671875 0.64375 0.5505208328125 0.5125 0.5630208328124999 0.459375 0.58123511875 0.459375 0.8700284093749999
0 0.459375 1 0.6037239578125 1 0.609375 0.9838541671875 0.6 0.8963541671874999 0.5375 0.8380208328125001 0.459375 0.8505208328125 0.459375 1
0 0.7944695718749999 1 0.796875 0.9796875 0.784375 0.9505208328125001 0.63125 0.9296875 0.6125 0.9505208328125001 0.6025090140625 1 0.7944695718749999 1
0 1 0.55 0.642228190625 0.55 0.621875 0.5713541671875 0.659375 0.6921875 0.66875 0.8921875 0.71875 0.9421875 0.7875 0.9630208328125001 0.80625 0.8963541671874999 0.86875 0.7838541671874999 1 0.6250578703125 1 0.55