1 0.2515625 0 0.2515625 0.0380208328125 0.390625 0.0921875 0.4078125 0.0921875 0.4453125 0.0338541671875 0.44069602343750003 0 0.2515625 0
1 0.51875 0 0.447109375 0 0.4515625 0.0296875 0.4765625 0.0671875 0.4921875 0.0671875 0.51875 0.039641203125 0.51875 0
1 0.2171875 0.1380208328125 0.2890625 0.2338541671875 0.2984375 0.2338541671875 0.3671875 0.1630208328125 0.3734375 0.1296875 0.3453125 0.0796875 0.2734375 0.058854167187499994 0.2203125 0.1171875 0.2171875 0.1380208328125
1 0.2546875 0.3921875 0.2828125 0.4213541671875 0.2921875 0.4213541671875 0.4453125 0.4171875 0.4359375 0.2880208328125 0.3609375 0.2296875 0.3203125 0.22552083281250002 0.2546875 0.3171875 0.2546875 0.3921875
1 0.4484375 0.46875 0.4484375 0.4380208328125 0.3921875 0.4213541671875 0.3234375 0.4296875 0.320057090625 0.46875 0.4484375 0.46875
1 0 0.2055803578125 0.0171875 0.2546875 0.0265625 0.2546875 0.1359375 0.1588541671875 0.1578125 0.1088541671875 0.1109375 0.06302083281250001 0.1046875 0.025520832812499998 0.0390625 0.050520832812500006 0.0046875 0.1296875 0 0.1609375 0 0.2055803578125
1 0.3921875 0.25052083281250004 0.4265625 0.2713541671875 0.4546875 0.2713541671875 0.4953125 0.22552083281250002 0.4828125 0.1671875 0.4859375 0.0921875 0.4640625 0.0671875 0.4421875 0.0671875 0.4078125 0.10052083281249999 0.3640625 0.1963541671875 0.3921875 0.25052083281250004
1 0.51875 0.24878472187499998 0.5015625 0.2296875 0.4546875 0.2755208328125 0.4515625 0.3046875 0.51875 0.34768750000000004 0.51875 0.24878472187499998
1 0.51875 0.3578125 0.4578125 0.3296875 0.4515625 0.37552083281250004 0.4765625 0.4380208328125 0.4953125 0.4380208328125 0.51875 0.4145833328125 0.51875 0.3578125
1 0.1953125 0.41302083281249996 0.2296875 0.4421875 0.2296875 0.4380208328125 0.2453125 0.42552083281249997 0.2234375 0.31302083281250004 0.2296875 0.2880208328125 0.2234375 0.3005208328125 0.2171875 0.2880208328125 0.2046875 0.18802083281249998 0.1859375 0.1380208328125 0.1640625 0.1338541671875 0.1046875 0.2088541671875 0.0140625 0.2755208328125 0.0140625 0.3713541671875 0.0484375 0.4213541671875 0.0953125 0.4296875 0.0984375 0.37552083281250004 0.1421875 0.3296875 0.1671875 0.3671875 0.1890625 0.37552083281250004 0.1796875 0.3880208328125 0.1953125 0.3963541671875 0.1953125 0.41302083281249996
1 0.51875 0 0.51875 0.46875 0.65380045625 0.46875 0.66171875 0.438398934375 0.6890625 0.3839524734375 0.71640625 0.28594884375 0.73984375 0.0681629984375 0.698828125 0.00554956875 0.692192246875 0 0.51875 0
1 0.9844414609375001 0.46875 0.9859375 0.46562216406249995 0.9859375 0.4492882265625 0.978125 0.42750964218750004 0.91171875 0.3131720734375 0.89609375 0.29683813593749997 0.878515625 0.29411581249999996 0.8609375 0.3186167203125 0.7891289609375 0.46875 0.9844414609375001 0.46875
1 0.78652479375 0.46875 0.8609375 0.3131720734375 0.8765625 0.2913934890625 0.88828125 0.24783632031249997 0.88828125 0.21516844375000002 0.89609375 0.18794521250000001 0.89609375 0.14438804375 0.8765625 0.1117201671875 0.835546875 0.10899784531250001 0.804296875 0.11988713749999999 0.79453125 0.1334987515625 0.76328125 0.18794521250000001 0.75546875 0.21516844375000002 0.73203125 0.242391675 0.6890625 0.394841765625 0.665625 0.438398934375 0.6562927249999999 0.46875 0.78652479375 0.46875
1 0.9625 0.193389859375 0.89609375 0.035495121875 0.886328125 0.032772800000000005 0.8765625 0.051829060937500004 0.88046875 0.0899415828125 0.92734375 0.18250056718750002 0.956640625 0.2233354125 0.964453125 0.2233354125 0.9625 0.193389859375
1 1 0.24235764531249998 0.980078125 0.26144793593750004 0.95078125 0.30228278125 0.95078125 0.3131720734375 0.968359375 0.3431176265625 1 0.37839893281250003 1 0.24235764531249998
1 0.3055508703125 0.46875 0.3015625 0.4755444640625 0.30546875 0.5245462796875 0.325 0.5517695093749999 0.325 0.600771325 0.33671875 0.64432849375 0.33671875 0.725998184375 0.34453125 0.74777676875 0.362109375 0.76683303125 0.405078125 0.7722776765624999 0.408984375 0.76683303125 0.436328125 0.76683303125 0.4578125 0.7423321234375 0.465625 0.7205535390625 0.491015625 0.6851633390625 0.51875 0.674620525 0.51875 0.5118421046874999 0.496875 0.48643375625 0.4897039890625 0.46875 0.3055508703125 0.46875
1 0.2042230296875 0.46875 0.15703125 0.529990925 0.13359375 0.57354809375 0.13359375 0.600771325 0.18046875 0.8294464609375 0.2 0.867558984375 0.260546875 0.95739564375 0.276171875 0.95739564375 0.373828125 0.8376134296875 0.393359375 0.8539473687499999 0.408984375 0.8539473687499999 0.43046875 0.8240018156250001 0.434375 0.796778584375 0.420703125 0.7722776765624999 0.358203125 0.76683303125 0.340625 0.7423321234375 0.3328125 0.6987749546875 0.3328125 0.64432849375 0.32109375 0.595326678125 0.32109375 0.5517695093749999 0.30546875 0.529990925 0.3015625 0.48643375625 0.291796875 0.4728221421875 0.28157145 0.46875 0.2042230296875 0.46875
1 0.39921875 0.5572141562499999 0.3796875 0.529990925 0.362109375 0.527268603125 0.32109375 0.5572141562499999 0.32109375 0.5898820328125 0.3328125 0.64432849375 0.350390625 0.6797186937499999 0.381640625 0.6797186937499999 0.397265625 0.6688294015625 0.4109375 0.6497731390625 0.41484375 0.6334392015625 0.39921875 0.5572141562499999
1 0.51875 0.6766194328124999 0.498828125 0.6851633390625 0.479296875 0.7069419234375001 0.4421875 0.775 0.43828125 0.8131125234375001 0.43046875 0.8348911078124999 0.40703125 0.8621143374999999 0.403125 0.883892921875 0.40703125 0.90567150625 0.416796875 0.9192831218750002 0.448046875 0.9356170593750001 0.471484375 0.9356170593750001 0.475390625 0.9301724140625 0.51875 0.926395190625 0.51875 0.6766194328124999
1 0 0.46875 0 0.5731941921875 0.045703125 0.5381578953125 0.07109375 0.508212340625 0.075 0.4755444640625 0.07305012968749999 0.46875 0 0.46875
1 0.07558756562499999 0.46875 0.07890625 0.49187840312500003 0.075 0.508212340625 0.0515625 0.5408802171875 0.028125 0.6279945546875 0.028125 0.6715517234374999 0.049609375 0.7069419234375001 0.092578125 0.7341651546875 0.162890625 0.7995009078124999 0.16875 0.796778584375 0.16875 0.775 0.13359375 0.600771325 0.13359375 0.57354809375 0.14921875 0.5408802171875 0.20096842499999998 0.46875 0.07558756562499999 0.46875
1 0 0.8532309687499999 0.010546875 0.8648366609375 0.030078125 0.8702813062499999 0.061328125 0.8376134296875 0.088671875 0.8267241375 0.12578125 0.7913339390624999 0.12578125 0.775 0.112109375 0.7559437390625 0.06328125 0.7205535390625 0.053515625 0.717831215625 0.037890625 0.7341651546875 0.014453125 0.717831215625 0 0.7228675140625 0 0.8532309687499999
1 0.3306812953125 1 0.3328125 0.9927858437499999 0.354296875 0.9519509984375001 0.373828125 0.95739564375 0.393359375 0.9737295828124999 0.403125 0.9601179671875 0.40703125 0.9165607984375 0.39921875 0.8730036296874999 0.377734375 0.848502721875 0.358203125 0.8593920140625 0.283984375 0.9519509984375001 0.260546875 0.95739564375 0.215625 0.8947822140625 0.1765625 0.81855716875 0.16875 0.8131125234375001 0.135546875 0.8103902 0.1296875 0.8240018156250001 0.1296875 0.8730036296874999 0.121875 0.9328947375000001 0.143359375 0.9628402906249999 0.174609375 0.9682849359375 0.22770182343749998 1 0.3306812953125 1
1 0.51875 1 0.66787790625 1 0.6703125 0.9302083328125 0.6609375 0.846875 0.6390625 0.796875 0.5640625 0.7885416671875 0.51875 0.8422453703125001 0.51875 1
1 0.51875 0.46875 0.51875 0.7013795046875 0.6234375 0.784375 0.6703125 0.771875 0.7640625 0.6635416671875001 0.8765625 0.5010416671875 0.8765625 0.46875 0.51875 0.46875
1 0.51875 0.46875 0.51875 0.7171401515625 0.5421875 0.7427083328125 0.6328125 0.7885416671875 0.6828125 0.759375 0.7984375 0.6177083328124999 0.8828125 0.5010416671875 0.8803906250000001 0.46875 0.51875 0.46875
1 0.51875 0.46875 0.51875 0.790375 0.5859375 0.7760416671874999 0.6328125 0.796875 0.6890625 0.7552083328125001 0.8078125 0.6052083328125 0.8796875 0.5052083328125 0.8796875 0.471875 0.878650840625 0.46875 0.51875 0.46875
1 1 0.5359375 0.9703125 0.5260416671875 0.8609375 0.5260416671875 0.6453125 0.796875 0.6359375 0.921875 0.6265625 0.8927083328125001 0.5984375 0.896875 0.601412259375 1 0.9380468750000001 1 0.9484375 0.9802083328125001 1 0.9880208328125001 1 0.5359375