1 0.5 0.2334410921875 0.286328125 0.1057291671875 0.212109375 0.10052083281249999 0.18671875 0.11875 0.16328125 0.18125 0.13203125 0.49375 0.08125 0.5614583328125 0.15546875 0.6135416671875 0.15365953906250002 0.659375 0.4947010875 0.659375 0.5 0.651383196875 0.5 0.2334410921875
1 0 0.5159109484375 0.06953125 0.525 0.114453125 0.5171875 0.13203125 0.478125 0.13203125 0.2697916671875 0.15546875 0.2125 0.15546875 0.165625 0.094921875 0.1265625 0 0.12204241093749998 0 0.5159109484375
1 0.5 0.10033914687500001 0.477734375 0.0692708328125 0.430859375 0.0640625 0.4171875 0.0822916671875 0.42890625 0.1447916671875 0.481640625 0.21510416718749997 0.5 0.2232638890625 0.5 0.10033914687500001
1 0.5 0 0.5 0.48690569375 0.5179077140625 0.4828125 0.5264526359375 0.490625 0.6418090828125 0.490625 0.6930786140625 0.48671875 0.7016235359375 0.459375 0.7187133796875 0.475 0.7443481453125 0.475 0.7528930671875 0.44765625 0.7699829109375 0.459375 0.7956176765625 0.459375 0.7998901359375 0.4125 0.7828002921875 0.4125 0.789208984375 0.4222656234375 0.7828002921875 0.428125 0.7742553703125 0.4203125 0.7742553703125 0.43203125 0.7507568359375 0.4222656234375 0.755029296875 0.4144531234375 0.7443481453125 0.4046875 0.72939453125 0.4105468765625 0.72939453125 0.3441406234375 0.6909423828125 0.2855468765625 0.6930786140625 0.27578125 0.703759765625 0.2777343765625 0.7058959953125 0.26015625 0.7123046875 0.2933593765625 0.7422119140625 0.2933593765625 0.737939453125 0.3128906234375 0.76357421875 0.3402343765625 0.746484375 0.3519531234375 0.7422119140625 0.3792968765625 0.7528930671875 0.38515625 0.7742553703125 0.36953125 0.772119140625 0.3792968765625 0.7870727546875 0.3890625 0.8041625984374999 0.36953125 0.81484375 0.3832031234375 0.8105712890625 0.4496093765625 0.8212524421874999 0.459375 0.8767944328125001 0.459375 0.8853393546875001 0.43984375 0.9280639640625001 0.42421875 0.9451538078125001 0.44375 1 0.44375 1 0.41704241093750005 0.9921508796874999 0.42421875 0.9814697265625 0.3988281234375 0.9857421875 0.3558593765625 0.9964233390625001 0.34609375 1 0.3470280609375 1 0.1384263375 0.9857421875 0.12539062343750002 0.9814697265625 0.0902343765625 0.9985595703125 0.0707031234375 0.9985595703125 0.0472656234375 0.9515625 0.0003906234375 0.9515625 0 0.5 0
1 0.5 0 0.5 0.48671875 0.5050903328125 0.48671875 0.5136352546875 0.475 0.5264526359375 0.48671875 0.6845336921875 0.4828125 0.6909423828125 0.4691406234375 0.66103515625 0.4378906234375 0.6823974609375 0.4339843765625 0.6823974609375 0.4144531234375 0.6460815421875 0.40859375 0.652490234375 0.3988281234375 0.6418090828125 0.38125 0.6225830078125 0.3910156234375 0.635400390625 0.4066406234375 0.6119018546875 0.4125 0.5884033203125 0.3910156234375 0.609765625 0.3949218765625 0.5969482421875 0.3675781234375 0.609765625 0.3597656234375 0.5948120109375 0.35 0.55849609375 0.3519531234375 0.5755859375 0.3636718765625 0.5755859375 0.3871093765625 0.5649047859375 0.3890625 0.5627685546875 0.3675781234375 0.54140625 0.3441406234375 0.55849609375 0.3480468765625 0.5542236328125 0.3285156234375 0.5990844734375 0.28359375 0.6460815421875 0.28359375 0.6717163078125 0.271875 0.6823974609375 0.2816406234375 0.7336669921875 0.21132812343750002 0.7336669921875 0.18789062343750002 0.7763916015625 0.15664062343750002 0.7870727546875 0.13515625 0.8105712890625 0.12539062343750002 0.8362060546875 0.0433593765625 0.8194680609375 0 0.5 0
1 0.5 0 0.5 0.3234426515625 0.5221801765625 0.3265625 0.5691772453125 0.303125 0.6076293953125 0.26015625 0.6332641609375 0.26796875 0.6588989265625 0.26015625 0.6674438484375 0.26796875 0.6930786140625 0.26015625 0.7251220703125 0.2152343765625 0.72939453125 0.18007812343750002 0.8105712890625 0.1136718765625 0.83193359375 0.0550781234375 0.823388671875 0.0082031234375 0.8136008531249999 0 0.5 0
1 0.5 0.32097215625 0.5349975578125 0.32265625 0.5520874015625 0.31484375 0.5969482421875 0.2777343765625 0.6054931640625 0.2582031234375 0.59267578125 0.2308593765625 0.5520874015625 0.19765625 0.5 0.1827741359375 0.5 0.32097215625
1 0.5 0.2549835265625 0.5606323234375 0.25234375 0.5798583984375 0.2230468765625 0.5520874015625 0.19765625 0.5221801765625 0.1859375 0.5 0.1791778265625 0.5 0.2549835265625
1 1 0 0.8333960906250001 0 0.8362060546875 0.0667968765625 0.8191162109375 0.1136718765625 0.8532958984375 0.1371093765625 0.874658203125 0.18789062343750002 0.8896118171874999 0.18984375 0.90029296875 0.18007812343750002 0.90029296875 0.1683593765625 0.9131103515625 0.16445312343750002 0.9045654296875 0.14882812343750002 0.9195190421875001 0.13515625 0.9451538078125001 0.15859375 0.9494262703124999 0.13515625 0.9857421875 0.12539062343750002 0.977197265625 0.1019531234375 1 0.100726759375 1 0
1 0.12646669531250002 0.659375 0.06380208281250001 0.6819816249999999 0 0.732579284375 0 1 0.3497918515625 1 0.3502604171875 0.9451395187500001 0.3229166671875 0.7672810796875 0.2994791671875 0.7146495015625 0.2760416671875 0.68379650625 0.2409993484375 0.659375 0.12646669531250002 0.659375
1 0.5 1 0.5 0.659375 0.30414304062499997 0.659375 0.2981770828125 0.6710923328125 0.2799479171875 0.689241153125 0.3125 0.7654661984375 0.3268229171875 0.819912659375 0.3463541671875 0.9469544015625001 0.349616234375 1 0.5 1
0 1 0.659375 0.8207804359375 0.659375 0.8247395828125 0.678689315625 0.8520833328125 0.7549143609375 0.88203125 0.81843523125 0.9171875 0.8638072828125001 0.9471354171874999 0.8746965750000001 0.9744791671874999 0.8601775187499999 0.9979166671874999 0.8365840515624999 1 0.8325414921875 1 0.659375
0 0.597505434375 0.659375 0.6072916671875 0.6895786078125 0.63984375 0.7567292421875 0.7244791671874999 0.8801412203125001 0.7544270828125 0.9073644515625 0.8 0.9200686250000001 0.8638020828125 0.8928453953125001 0.87421875 0.8746965750000001 0.8911458328125 0.8619924000000001 0.878125 0.8474733437499999 0.8755208328125 0.803916175 0.8533854171874999 0.7512845968749999 0.8416666671874999 0.70228278125 0.813447909375 0.659375 0.597505434375 0.659375