1 0.51875 0.459375 0.51875 0.33647629375 0.2484375 0.29453125 0.178125 0.331640625 0.1598958328125 0.415625 0.1755208328125 0.44296875 0.214409721875 0.459375 0.51875 0.459375
1 0 0 0 0.290384615625 0.0348958328125 0.2984375 0.1598958328125 0.2828125 0.178125 0.257421875 0.2328125 0.228125 0.2692708328125 0.22421875 0.3213541671875 0.23984375 0.396875 0.187109375 0.42291666718750004 0.108984375 0.35 0.073828125 0.3421875 0.0328125 0.3213541671875 0.0484375 0.2979166671875 0.046484375 0.303125 0.015234375 0.3213541671875 0.02109375 0.334375 0.011328125 0.3192708328125 0 0 0
1 0.51875 0.0734316703125 0.44375 0.112890625 0.3890625 0.21640625 0.48020833281249997 0.245703125 0.51875 0.2890625 0.51875 0.0734316703125
1 0.51875 0.07048677812500001 0.44375 0.112890625 0.3890625 0.21640625 0.48020833281249997 0.245703125 0.51875 0.2890625 0.51875 0.07048677812500001
1 0.2328125 0.29453125 0.2953125 0.27109375 0.3291666671875 0.237890625 0.2796875 0.22421875 0.2171875 0.23203125 0.1885416671875 0.249609375 0.1807291671875 0.27890625 0.1963541671875 0.29453125 0.2328125 0.29453125
1 0.51875 0.28967187499999997 0.45677083281249997 0.23203125 0.40989583281249997 0.23203125 0.38125 0.257421875 0.3838541671875 0.27890625 0.43072916718750004 0.321875 0.5088541671875 0.3296875 0.51875 0.319296875 0.51875 0.28967187499999997
1 0.008854167187500001 0.30625 0.0479166671875 0.362890625 0.0817708328125 0.36875 0.146875 0.331640625 0.1677083328125 0.284765625 0.0453125 0.290625 0.008854167187500001 0.30625
1 0.3317708328125 0.27109375 0.3109375 0.27109375 0.2640625 0.29453125 0.3369791671875 0.30625 0.35 0.288671875 0.3317708328125 0.27109375
1 0.6263126999999999 0 0.628910503125 0.415625 0.6506890875 0.41953125 0.7922498859375 0.3921875 0.8276400859375 0.374609375 0.843974025 0.343359375 0.8330847328125 0.253515625 0.8221954406249999 0.233984375 0.778638271875 0.042578125 0.7638016109375 0 0.6263126999999999 0
1 0.4419918328125 1 0.43804446406249997 0.988671875 0.40809891093750006 0.97109375 0.3427631578125 0.9671875 0.1413112515625 0.990625 0.123017240625 1 0.4419918328125 1
1 0 0.459375 0 0.8258848249999999 0.005195099999999999 0.8265625 0.12497731406249998 0.89296875 0.16308983593749998 0.90859375 0.2338702359375 0.90859375 0.25564882031249997 0.90078125 0.30192831249999996 0.871484375 0.34548548125 0.832421875 0.3509301265625 0.824609375 0.34548548125 0.785546875 0.3781533578125 0.730859375 0.3999319421875 0.668359375 0.3999319421875 0.601953125 0.3917649734375 0.5921875 0.2992059890625 0.5921875 0.26926043593750004 0.574609375 0.252926496875 0.539453125 0.252926496875 0.492578125 0.26381578906250003 0.473046875 0.26381578906250003 0.459375 0 0.459375
1 0 0.8227955015624999 0.1467558984375 0.9046875 0.157645190625 0.90859375 0.23931488281250002 0.90859375 0.2774274046875 0.8890625 0.3345961890625 0.844140625 0.3563747734375 0.808984375 0.3264292203125 0.78359375 0.217536296875 0.725 0.15220054375 0.70546875 0.114088021875 0.7015625 0.0732531765625 0.730859375 0 0.8096923828125 0 0.8227955015624999
1 0 0.8068522140625 0.0079174234375 0.801171875 0.10047640625000001 0.699609375 0.07869782187499999 0.672265625 0.026973684375 0.6390625 0 0.632289225 0 0.8068522140625
1 0.2703256921875 0.459375 0.26381578906250003 0.469140625 0.252926496875 0.508203125 0.25564882031249997 0.52578125 0.25837114375 0.551171875 0.26926043593750004 0.570703125 0.30465063593749997 0.5921875 0.402654265625 0.58828125 0.49521324843750003 0.56484375 0.5142695093749999 0.539453125 0.5142695093749999 0.484765625 0.5078349281250001 0.459375 0.2703256921875 0.459375
1 0.51875 0.459375 0.5098719109375 0.459375 0.5142695093749999 0.473046875 0.5142695093749999 0.547265625 0.48976860312500003 0.56875 0.43532214218750004 0.58046875 0.4053765875 0.594140625 0.4053765875 0.660546875 0.38359800312500003 0.715234375 0.38632032656250004 0.72890625 0.43532214218750004 0.7171875 0.5061025406249999 0.68203125 0.51875 0.6784016921875 0.51875 0.459375