1 1 0.4602864578125 0.931640625 0.5104166671875 0.900390625 0.4947916671875 0.865234375 0.4270833328125 0.857421875 0.453125 0.818359375 0.4635416671875 0.712890625 0.5364583328125 0.689453125 0.5677083328125 0.611328125 0.609375 0.546875 0.7213541671875 0.55859375 0.8046875 0.623046875 0.9739583328125001 0.674538353125 1 0.9115513406250001 1 0.919921875 0.984375 0.955078125 0.9739583328125001 0.98046875 0.9401041671874999 0.998046875 0.875 1 0.8740327375 1 0.4602864578125
1 0.961588540625 1 0.9609375 0.9869791671874999 0.931640625 0.9791666671874999 0.9140625 0.9973958328125001 0.91388494375 1 0.961588540625 1
1 1 0.9656377046875001 0.978515625 0.9635416671874999 0.96484375 0.9921875 0.96484375 1 1 1 1 0.9656377046875001
1 1 0.8787615750000001 0.99609375 0.8828125 0.990234375 0.953125 1 0.9553480703125 1 0.8787615750000001
1 1 0.8787615750000001 0.99609375 0.8828125 0.990234375 0.953125 1 0.9553480703125 1 0.8787615750000001
1 0.643727021875 1 0.609375 0.9661458328125001 0.572265625 0.8854166671874999 0.552734375 0.8854166671874999 0.53515625 0.9088541671874999 0.53515625 1 0.643727021875 1
1 0.643359375 1 0.61328125 0.9713541671874999 0.572265625 0.8802083328125001 0.552734375 0.8802083328125001 0.53515625 0.9036458328125001 0.53515625 1 0.643359375 1
1 0.3701508625 1 0.5078125 0.8098958328125001 0.51171875 0.7682291671875 0.501953125 0.75 0.412109375 0.7395833328125 0.37109375 0.7942708328125 0.3515625 0.8515625 0.2734375 0.9401041671874999 0.2578125 0.9713541671874999 0.2578125 1 0.3701508625 1
1 0.5048828125 1 0.53515625 0.9765625 0.5390625 0.9296875 0.501953125 0.8697916671874999 0.478515625 0.8697916671874999 0.3984375 0.9869791671874999 0.3974609375 1 0.5048828125 1
1 0.24331825624999998 1 0.2421875 0.9713541671874999 0.228515625 0.9427083328125001 0.095703125 0.8854166671874999 0.076171875 0.8854166671874999 0.01171875 0.9348958328125001 0.008351293749999999 1 0.24331825624999998 1
1 0.2890625 0.8515625 0.30078125 0.8880208328125001 0.3203125 0.8932291671874999 0.3515625 0.8515625 0.365234375 0.7916666671875 0.337890625 0.796875 0.2890625 0.8515625
1 0.392578125 0.7291666671875 0.51171875 0.7421875 0.62890625 0.5338541671875 0.6796875 0.3828125 0.646484375 0.3333333328125 0.451171875 0.21875 0.341796875 0.109375 0.294921875 0.09895833281250001 0.21875 0.2265625 0.1484375 0.4088541671875 0.302734375 0.5677083328125 0.392578125 0.7291666671875
1 0.302734375 0.5677083328125 0.392578125 0.7291666671875 0.51171875 0.7421875 0.62109375 0.5494791671875 0.6796875 0.3880208328125 0.646484375 0.3333333328125 0.537109375 0.2604166671875 0.486328125 0.24479166718749998 0.345703125 0.1145833328125 0.298828125 0.09895833281250001 0.21875 0.2265625 0.1484375 0.4036458328125 0.302734375 0.5677083328125
1 0.873046875 0.3854166671875 0.91015625 0.3515625 0.9140625 0.3151041671875 0.89453125 0.2109375 0.857421875 0.109375 0.69921875 0.2838541671875 0.7265625 0.3828125 0.744140625 0.40625 0.7578125 0.4036458328125 0.873046875 0.3854166671875
1 1 0.1475497171875 0.986328125 0.15625 0.96484375 0.20572916718749998 0.9609375 0.2682291671875 0.986328125 0.3125 1 0.3166162625 1 0.1475497171875
1 0.658203125 0.2604166671875 0.830078125 0.1041666671875 0.87109375 0.0494791671875 0.8828125 0.0078125 0.34375 0.0026041671875 0.36328125 0.09635416718749999 0.431640625 0.1770833328125 0.595703125 0.28125 0.6171875 0.2786458328125 0.658203125 0.2604166671875
1 0.931640625 0.1302083328125 0.888671875 0.125 0.890625 0.1848958328125 0.904296875 0.203125 0.9296875 0.20052083281250002 0.953125 0.1744791671875 0.953125 0.1536458328125 0.931640625 0.1302083328125
1 0.908203125 0 0.875 0.07552083281250001 0.896484375 0.1041666671875 0.98046875 0.1432291671875 1 0.13180738281249998 1 0 0.908203125 0
1 0 0.3255208328125 0.00390625 0.4817708328125 0.041015625 0.546875 0.078125 0.5598958328125 0.126953125 0.53125 0.140625 0.4921875 0.140625 0.4036458328125 0.115234375 0.3697916671875 0.0859375 0.3671875 0.140625 0.2942708328125 0.13671875 0.23697916718749998 0.111328125 0.20833333281250002 0.080078125 0.21875 0 0.3255208328125
1 0 0.3932291671875 0.015625 0.3984375 0.080078125 0.3697916671875 0.1328125 0.3098958328125 0.140625 0.2682291671875 0.119140625 0.21354166718749998 0.080078125 0.21875 0 0.3255208328125 0 0.3932291671875
1 0.107421875 0 0 0.0026041671875 0.0078125 0.3098958328125 0.080078125 0.21354166718749998 0.1328125 0.20052083281250002 0.13671875 0.1119791671875 0.107421875 0
1 0.109375 0.8671875 0.130859375 0.8958333328125001 0.16796875 0.8984375 0.19140625 0.8151041671874999 0.265625 0.7213541671875 0.31640625 0.6276041671875 0.298828125 0.5833333328125 0.255859375 0.578125 0.216796875 0.6041666671875 0.154296875 0.6041666671875 0.09375 0.6380208328125 0.0859375 0.7473958328125 0.109375 0.8671875
1 0.0078125 0.9244791671874999 0.0625 0.8619791671874999 0.0625 0.8307291671874999 0.02734375 0.6171875 0.001953125 0.5416666671875 0.0078125 0.9244791671874999
1 1 0.3399621203125 0.986328125 0.3333333328125 0.88671875 0.4244791671875 0.88671875 0.4713541671875 0.904296875 0.4947916671875 0.93359375 0.5026041671875 0.98828125 0.4505208328125 1 0.4309895828125 1 0.3399621203125
1 0.734375 0.4401041671875 0.724609375 0.4114583328125 0.685546875 0.4010416671875 0.67578125 0.4192708328125 0.63671875 0.5442708328125 0.640625 0.5703125 0.65234375 0.5703125 0.6953125 0.5338541671875 0.734375 0.4401041671875
1 0.7734375 0.4869791671875 0.8125 0.4505208328125 0.794921875 0.4114583328125 0.73828125 0.4348958328125 0.7421875 0.4713541671875 0.7734375 0.4869791671875
1 0.26171875 0.1380208328125 0.26171875 0.1067708328125 0.205078125 0.015625 0.146484375 0 0.12109375 0.0234375 0.140625 0.1067708328125 0.13671875 0.1744791671875 0.150390625 0.21875 0.19921875 0.2421875 0.26171875 0.1380208328125
1 0.166015625 0 0.126953125 0.015625 0.12109375 0.0546875 0.14453125 0.1380208328125 0.23828125 0.1692708328125 0.26171875 0.1276041671875 0.2109375 0.0234375 0.166015625 0
1 0.26171875 0.1380208328125 0.26171875 0.1119791671875 0.205078125 0.015625 0.146484375 0 0.12109375 0.0234375 0.140625 0.1067708328125 0.13671875 0.1744791671875 0.158203125 0.22395833281250002 0.203125 0.23697916718749998 0.26171875 0.1380208328125
1 0.265625 0.08072916718749999 0.29296875 0.06510416718749999 0.298828125 0 0.203125 0.0026041671875 0.244140625 0.078125 0.265625 0.08072916718749999
1 0.16796875 0.5598958328125 0.189453125 0.5885416671875 0.20703125 0.5859375 0.23046875 0.5442708328125 0.216796875 0.5 0.16796875 0.5390625 0.16796875 0.5598958328125