1 0.259375 0.082291665625 0.2234375 0.128125 0.1703125 0.1364583328125 0.1453125 0.165625 0.1734375 0.2864583328125 0.2078125 0.33645833281250004 0.2109375 0.3322916671875 0.2515625 0.3322916671875 0.259375 0.327483975 0.259375 0.082291665625
1 0.0578125 0.428125 0.0921875 0.440625 0.1046875 0.440625 0.1296875 0.3114583328125 0.0953125 0.290625 0.0390625 0.3739583328125 0.0390625 0.403125 0.0578125 0.428125
1 0.259375 0.56875 0.259375 0.35334429843750004 0.1609375 0.3947916671875 0.1921875 0.5239583328124999 0.22319711562500003 0.56875 0.259375 0.56875
1 0.12109375 0.56875 0.1359375 0.5489583328125 0.1390625 0.503125 0.1015625 0.44895833281249997 0.0828125 0.44895833281249997 0.0578125 0.48229166718750005 0.0484375 0.5489583328125 0.07626953125 0.56875 0.12109375 0.56875
1 0.0078125 0.24895833281250002 0.0484375 0.2822916671875 0.0609375 0.2822916671875 0.0796875 0.265625 0.0921875 0.2114583328125 0.1234375 0.1614583328125 0.0296875 0.090625 0.0015625 0.19479166718750002 0.0078125 0.24895833281250002
0 0.259375 0.56875 0.4869340375 0.56875 0.4875 0.567303765625 0.48359375 0.5183019515625 0.471875 0.485634075 0.43671875 0.4475215515625 0.4171875 0.40396438281249997 0.33125 0.28962681562500003 0.309765625 0.2869044921875 0.294140625 0.297793784375 0.259375 0.3566348515625 0.259375 0.56875
0 0.8166969187500002 0 0.784375 0.060951678125 0.7765625 0.0990642015625 0.7765625 0.148066015625 0.794140625 0.17801157031249998 0.844921875 0.2161240921875 0.852734375 0.2161240921875 0.8625 0.12628743125 0.87421875 0.0936195546875 0.909375 0.050062385937499995 0.899609375 0.036450771874999996 0.860546875 0.009227540624999999 0.83515625 0.001060571875 0.8283081046875 0 0.8166969187500002 0
0 1 0.12165948281250001 0.99921875 0.1208427859375 0.9875 0.0827302625 0.9875 0.060951678125 0.9796875 0.044617740625 0.938671875 0.0473400640625 0.903515625 0.058229356249999996 0.88203125 0.0827302625 0.86640625 0.1153981390625 0.8546875 0.191623184375 0.85859375 0.235180353125 0.8546875 0.240625 0.8546875 0.3168500453125 0.85859375 0.3222946921875 0.8625 0.4094090296875 0.880078125 0.4393545828125 0.923046875 0.4393545828125 0.962109375 0.428465290625 0.96796875 0.376741153125 1 0.311801375 1 0.2170315328125 0.99921875 0.21340176875 0.99921875 0.16984459999999998 1 0.16821120625 1 0.12165948281250001
0 0.9493704656249999 0.56875 0.9640625 0.5400805359375 0.96796875 0.4529661984375 0.9640625 0.43663225937499994 0.880078125 0.4393545828125 0.8625 0.414853675 0.856640625 0.4121313515625 0.84296875 0.43118761406250006 0.81953125 0.480189428125 0.815625 0.5237465968749999 0.848828125 0.5645814421875001 0.8542114265624999 0.56875 0.9493704656249999 0.56875
0 0.8532179609374999 0.56875 0.841015625 0.5591367968750001 0.81171875 0.5183019515625 0.8234375 0.4693001359375 0.85859375 0.39851973749999997 0.8546875 0.2950714609375 0.85078125 0.28962681562500003 0.8546875 0.235180353125 0.844921875 0.2161240921875 0.79609375 0.18617853906249998 0.747265625 0.183456215625 0.731640625 0.1889008625 0.712109375 0.1997901546875 0.70234375 0.21884641562499998 0.68671875 0.349517921875 0.67109375 0.420298321875 0.67109375 0.4529661984375 0.704296875 0.4992456890625 0.8001924953125 0.56875 0.8532179609374999 0.56875
0 0.63984375 0 0.63984375 0.0337284484375 0.6515625 0.0990642015625 0.6828125 0.191623184375 0.696484375 0.210679446875 0.704296875 0.210679446875 0.735546875 0.183456215625 0.774609375 0.1725669234375 0.7765625 0.0936195546875 0.7921875 0.03917309375 0.8127975796874999 0 0.63984375 0
0 0.3692036953125 0 0.38203125 0.050062385937499995 0.39765625 0.0827302625 0.438671875 0.1181204625 0.466015625 0.12356510937500001 0.516796875 0.0854525859375 0.524609375 0.0854525859375 0.56171875 0.03917309375 0.583337715625 0 0.3692036953125 0
0 0.587109375 0.1344544015625 0.53046875 0.0990642015625 0.512890625 0.096341878125 0.466015625 0.1290097546875 0.407421875 0.1344544015625 0.3703125 0.1807338921875 0.34296875 0.22973570781250002 0.33125 0.262403584375 0.33125 0.28418216875 0.42109375 0.40396438281249997 0.454296875 0.46113316718749997 0.501171875 0.4992456890625 0.532421875 0.51013498125 0.559765625 0.4992456890625 0.58515625 0.4693001359375 0.60859375 0.42574296718750004 0.64375 0.3168500453125 0.64375 0.27873752343749997 0.61640625 0.21340176875 0.60859375 0.1643999546875 0.587109375 0.1344544015625
0 0.345699734375 0 0.34296875 0.02283915625 0.337109375 0.031006125000000002 0.321484375 0.0146721875 0.294140625 0.0037828953125000004 0.259375 0.0007543109375 0.259375 0.34973570781249996 0.2765625 0.3114054 0.33125 0.24606964687500002 0.346875 0.2079571234375 0.39765625 0.1208427859375 0.4015625 0.10450884687499999 0.3703125 0.0337284484375 0.362246365625 0 0.345699734375 0
0 0.259375 0.242802859375 0.274609375 0.2215687390625 0.298046875 0.2052348 0.3078125 0.21340176875 0.3078125 0.240625 0.313671875 0.2433473234375 0.31953125 0.2242910609375 0.31171875 0.20251247656250002 0.31171875 0.1807338921875 0.3234375 0.148066015625 0.33125 0.0990642015625 0.33515625 0.066396325 0.33125 0.0555070328125 0.33515625 0.050062385937499995 0.33125 0.0337284484375 0.286328125 0.0037828953125000004 0.259375 0.001993940625 0.259375 0.242802859375
0 0.6376981296875 0.56875 0.633984375 0.5591367968750001 0.5734375 0.507412659375 0.516796875 0.515579628125 0.49921875 0.5400805359375 0.49407653749999997 0.56875 0.6376981296875 0.56875
0 0 0.56875 0 0.77734375 0.019714354687499998 0.77734375 0.045349120312500005 0.79296875 0.0752563484375 0.796875 0.1948852546875 0.76953125 0.23974609375 0.6894531234375 0.23974609375 0.6503906234375 0.2183837890625 0.6308593765625 0.214111328125 0.5917968765625 0.2034301765625 0.57421875 0.1863403328125 0.57421875 0.17637125781250002 0.56875 0 0.56875
0 0.259375 0.7427844625000001 0.2119750984375 0.7734375 0.1564331046875 0.78125 0.154296875 0.8105468765625 0.2119750984375 0.8515625 0.259375 0.8712611609375 0.259375 0.7427844625000001
0 0.259375 1 0.259375 0.8722981515624999 0.1585693359375 0.8222656234375 0.1307983390625 0.82421875 0.0966186515625 0.859375 0.0709838859375 0.8671875 0.0560302734375 0.8847656234375 0.0560302734375 0.9121093765625 0.1051635734375 0.94140625 0.15271193125 1 0.259375 1
0 0.1500244140625 1 0.1500244140625 0.9941406234375 0.0966186515625 0.9375 0.0645751953125 0.9199218765625 0.045349120312500005 0.921875 0.026123046875 0.9433593765625 0.0047607421875 0.9785156234375 0.0047607421875 1 0.1500244140625 1
0 0.259375 1 0.43152465937500006 1 0.4213541671875 0.9716481390624999 0.39140625 0.90812726875 0.35625 0.8627552171874999 0.3263020828125 0.8518659249999999 0.2989583328125 0.8663849812500001 0.2755208328125 0.8899784484375001 0.259375 0.9213082937499999 0.259375 1
0 0.47709588593749996 0.56875 0.496875 0.6449693734374999 0.5151041671875 0.670377721875 0.57890625 0.7230093015625 0.6544270828125001 0.757492059375 0.68828125 0.755677178125 0.7455729171875001 0.7302688296875 0.8302083328125001 0.61774614375 0.8546195703125001 0.56875 0.47709588593749996 0.56875
0 0.6482174437499999 1 0.63359375 0.9698332578125001 0.5489583328125001 0.8464212796874999 0.5190104171875 0.8191980484375 0.4734375 0.8064938749999999 0.4096354171875 0.8337171046874999 0.39921875 0.8518659249999999 0.3822916671875 0.8645700999999999 0.3953125 0.8790891562500001 0.3979166671875 0.922646325 0.42005208281249995 0.9752779031250001 0.4259643546875 1 0.6482174437499999 1