1 0.8441162125 1 0.8671875 0.9296875 0.83203125 0.8359375 0.751953125 0.7239583328125 0.642578125 0.6041666671875 0.591796875 0.5885416671875 0.52734375 0.6536458328125 0.421875 0.8723958328125001 0.4140625 0.9296875 0.42578125 0.9661458328125001 0.44789566562500005 1 0.8441162125 1
1 0.619140625 0.5833333328125 0.701171875 0.6458333328125 0.833984375 0.828125 0.85546875 0.8359375 0.9765625 0.5755208328125 0.9765625 0.4817708328125 0.927734375 0.4375 0.759765625 0.40625 0.736328125 0.3802083328125 0.724609375 0.3854166671875 0.6953125 0.4505208328125 0.615234375 0.5208333328125 0.60546875 0.5494791671875 0.619140625 0.5833333328125
1 0.6484375 0.4713541671875 0.67578125 0.4557291671875 0.7109375 0.3723958328125 0.734375 0.1328125 0.685546875 0.06770833281250001 0.607421875 0.05208333281250001 0.580078125 0.0625 0.57421875 0.08072916718749999 0.52734375 0.3828125 0.564453125 0.453125 0.6484375 0.4713541671875
1 0.994140625 0.109375 0.912109375 0.1666666671875 0.775390625 0.1979166671875 0.7421875 0.22135416718749998 0.73046875 0.3046875 0.763671875 0.390625 0.95703125 0.4348958328125 1 0.4036458328125 0.994140625 0.109375
1 0.685546875 0 0.67578125 0.013020832812499999 0.67578125 0.0546875 0.716796875 0.08854166718749999 0.767578125 0.1614583328125 0.798828125 0.1770833328125 0.85546875 0.1744791671875 0.947265625 0.1197916671875 0.9765625 0.07552083281250001 0.98828125 0.013020832812499999 0.978515625 0 0.685546875 0
1 0.43918978124999997 1 0.4375 0.9973958328125001 0.419921875 0.9739583328125001 0.408203125 0.9791666671874999 0.39470880625000004 1 0.43918978124999997 1
1 0.998046875 1 0.947265625 0.9322916671874999 0.892578125 0.953125 0.865457590625 1 0.998046875 1
1 0.970703125 0.6145833328125 0.94921875 0.6276041671875 0.90625 0.7578125 0.86328125 0.8203125 0.875 0.8984375 0.892578125 0.9270833328125001 0.9140625 0.9244791671874999 0.98828125 0.6953125 0.970703125 0.6145833328125
1 0 0.8740327375 0.06640625 0.8411458328125001 0.05859375 0.7734375 0.07421875 0.6692708328125 0.046875 0.5859375 0.0390625 0.4973958328125 0.009765625 0.453125 0 0.4602864578125 0 0.8740327375
1 0.306640625 0.28125 0.265625 0.2890625 0.28125 0.3098958328125 0.279296875 0.3333333328125 0.248046875 0.328125 0.25390625 0.3098958328125 0.244140625 0.296875 0.224609375 0.3229166671875 0.193359375 0.328125 0.197265625 0.34375 0.166015625 0.3489583328125 0.126953125 0.4010416671875 0.068359375 0.4270833328125 0.05078125 0.4609375 0.046875 0.5182291671875 0.078125 0.6328125 0.130859375 0.7083333328125 0.201171875 0.7083333328125 0.232421875 0.7239583328125 0.302734375 0.8072916671874999 0.3984375 0.8880208328125001 0.515625 0.6640625 0.53125 0.5963541671875 0.515625 0.4713541671875 0.490234375 0.453125 0.4609375 0.3984375 0.45703125 0.3619791671875 0.47265625 0.3098958328125 0.419921875 0.234375 0.341796875 0.20833333281250002 0.306640625 0.28125
1 0.3845796125 1 0.38671875 0.9973958328125001 0.3984375 0.9505208328125001 0.39453125 0.9296875 0.322265625 0.84375 0.263671875 0.8177083328125001 0.150390625 0.890625 0.13671875 0.9140625 0.166796875 1 0.3845796125 1
1 0.110894096875 1 0.107421875 0.9583333328125001 0.0625 0.9921875 0.06103515625 1 0.110894096875 1
1 0.055729165625 1 0.05859375 0.9713541671874999 0 0.9656377046875001 0 1 0.055729165625 1
1 0 0.9553480703125 0.0703125 0.9713541671874999 0.109375 0.9296875 0.095703125 0.875 0.013671875 0.8645833328125001 0 0.8787615750000001 0 0.9553480703125
1 0 0.9553480703125 0.0703125 0.9713541671874999 0.109375 0.9348958328125001 0.099609375 0.875 0.013671875 0.8645833328125001 0 0.8787615750000001 0 0.9553480703125
1 0.166434153125 1 0.16015625 0.9609375 0.142578125 0.9270833328125001 0.119140625 0.921875 0.120569740625 1 0.166434153125 1
1 0.193359375 0.71875 0.138671875 0.7291666671875 0.11328125 0.7890625 0.1171875 0.8567708328125001 0.1640625 0.8776041671874999 0.26171875 0.7994791671875 0.251953125 0.765625 0.193359375 0.71875
1 0 0.3166162625 0.046875 0.3307291671875 0.046875 0.2994791671875 0.068359375 0.2760416671875 0.099609375 0.2708333328125 0.134765625 0.3020833328125 0.185546875 0.3125 0.236328125 0.2916666671875 0.283203125 0.23958333281250002 0.30078125 0.2109375 0.3046875 0.1536458328125 0.26953125 0.05989583281250001 0.244140625 0.0364583328125 0.158203125 0.046875 0 0.1475497171875 0 0.3166162625
1 0.263671875 0 0.25390625 0.013020832812499999 0.345703125 0.1875 0.44921875 0.2421875 0.478515625 0.1510416671875 0.525390625 0.109375 0.56640625 0.1015625 0.5703125 0.0703125 0.552734375 0.0364583328125 0.521484375 0 0.263671875 0
1 0.263671875 0 0.25 0.0182291671875 0.345703125 0.1875 0.44921875 0.2421875 0.478515625 0.1510416671875 0.525390625 0.109375 0.56640625 0.1015625 0.56640625 0.0546875 0.521484375 0 0.263671875 0
1 0.52734375 0.3984375 0.50390625 0.3359375 0.470703125 0.3020833328125 0.45703125 0.3515625 0.46484375 0.4140625 0.482421875 0.4427083328125 0.51171875 0.4505208328125 0.52734375 0.4348958328125 0.52734375 0.3984375
1 0.5625 0.1223958328125 0.548828125 0.109375 0.525390625 0.109375 0.46484375 0.1744791671875 0.46484375 0.22135416718749998 0.490234375 0.25 0.51171875 0.24739583281250002 0.5546875 0.20052083281250002 0.5625 0.1223958328125
1 0.517578125 0.4635416671875 0.5234375 0.5859375 0.5390625 0.6223958328125 0.595703125 0.5833333328125 0.6015625 0.5494791671875 0.564453125 0.484375 0.517578125 0.4635416671875
1 0.52734375 0.3671875 0.5390625 0.2942708328125 0.521484375 0.28125 0.50390625 0.2994791671875 0.50390625 0.3203125 0.52734375 0.3671875
1 0 0 0 0.13180738281249998 0.203125 0.013020832812499999 0.193359375 0 0 0
1 0.953125 0.7994791671875 0.9453125 0.9088541671874999 1 0.9869791671874999 0.998046875 0.7083333328125 0.953125 0.7994791671875
1 0 0.4309895828125 0.03515625 0.3723958328125 0.029296875 0.3541666671875 0 0.3399621203125 0 0.4309895828125
1 0.546875 0.0026041671875 0.576171875 0.05729166718749999 0.6640625 0.0546875 0.673828125 0 0.546875 0.0026041671875