1 0.509375 0.6890625 0.509375 0.466947115625 0.4760416671875 0.4765625 0.4427083328125 0.5046875 0.4427083328125 0.5328125 0.4010416671875 0.5171875 0.3885416671875 0.5359375 0.3885416671875 0.5453125 0.5010416671875 0.6890625 0.509375 0.6890625
1 0.484375 0.1671875 0.3927083328125 0.1546875 0.334375 0.1921875 0.334375 0.209375 0.3885416671875 0.3484375 0.46770833281249996 0.3484375 0.496875 0.2609375 0.484375 0.1671875
1 0.509375 0.11614583125 0.5010416671875 0.0890625 0.45104166718750005 0.0734375 0.3885416671875 0.0796875 0.359375 0.1078125 0.359375 0.1234375 0.396875 0.1484375 0.459375 0.1578125 0.4927083328125 0.1546875 0.509375 0.13468750000000002 0.509375 0.11614583125
1 0.41041666718750003 0 0.3260416671875 0.0421875 0.3260416671875 0.0515625 0.359375 0.0859375 0.5010416671875 0.0703125 0.41544384062499995 0 0.41041666718750003 0
1 0.309375 0.3796875 0.36770833281250004 0.3265625 0.346875 0.2546875 0.296875 0.2265625 0.2635416671875 0.2328125 0.1927083328125 0.3015625 0.1927083328125 0.3109375 0.28854166718749996 0.3828125 0.309375 0.3796875
1 0.109375 0.3453125 0.2010416671875 0.2796875 0.196875 0.2390625 0.1385416671875 0.1640625 0.009375 0.1546875 0.0052083328125 0.3078125 0.0052083328125 0.3171875 0.034375 0.3453125 0.109375 0.3453125
1 0 0.6890625 0.1145833328125 0.6890625 0.121875 0.6859375 0.1010416671875 0.6296875 0 0.570746528125 0 0.6890625
1 0.41944444374999995 0.6890625 0.41770833281249997 0.6859375 0.4427083328125 0.6390625 0.421875 0.5984375 0.3885416671875 0.5734375 0.3552083328125 0.5734375 0.3010416671875 0.6015625 0.3010416671875 0.6171875 0.3387941921875 0.6890625 0.41944444374999995 0.6890625
1 0.3349877453125 0.6890625 0.2927083328125 0.6171875 0.1885416671875 0.6015625 0.1552083328125 0.6140625 0.1552083328125 0.6265625 0.1785416671875 0.6890625 0.3349877453125 0.6890625
1 0.171875 0.5828125 0.234375 0.6046875 0.296875 0.5953125 0.3760416671875 0.5609375 0.4010416671875 0.4953125 0.3635416671875 0.4890625 0.3177083328125 0.4421875 0.2677083328125 0.4640625 0.171875 0.5734375 0.171875 0.5828125
1 0.2010416671875 0.1046875 0.1552083328125 0.1453125 0.1552083328125 0.1734375 0.1760416671875 0.2078125 0.23020833281250003 0.2359375 0.3260416671875 0.1921875 0.359375 0.1578125 0.359375 0.1359375 0.334375 0.1140625 0.259375 0.1171875 0.2010416671875 0.1046875
1 0.134375 0.0421875 0.096875 0.0421875 0.071875 0.0640625 0.071875 0.0703125 0.121875 0.1484375 0.1510416671875 0.1453125 0.196875 0.0984375 0.134375 0.0421875
1 0 0.1280208328125 0.051041667187499994 0.1484375 0.096875 0.1421875 0.059375 0.0609375 0.0260416671875 0.0671875 0 0.09322916718749999 0 0.1280208328125
1 0 0.5222656265625 0.0052083328125 0.5515625 0.055208332812500004 0.5859375 0.1510416671875 0.5859375 0.21770833281250002 0.4953125 0.2927083328125 0.4359375 0.28854166718749996 0.4140625 0.23854166718749997 0.3953125 0.1385416671875 0.3828125 0.1260416671875 0.3765625 0.1385416671875 0.3703125 0.1135416671875 0.3765625 0.0010416671875 0.3546875 0 0.355989584375 0 0.38872767812500003 0.0135416671875 0.4046875 0.0302083328125 0.4046875 0.0385416671875 0.4203125 0.051041667187499994 0.4109375 0.059375 0.4328125 0.096875 0.4578125 0.051041667187499994 0.5015625 0 0.5045072109375 0 0.5222656265625
0 0.509375 0.6890625 1 0.6890625 1 0.5060834890625 0.557477265625 0.508967509375 0.509375 0.57165895 0.509375 0.6890625
0 1 0 0.5573906703125 0 0.553955378125 0.0065696875 0.509375 0.0338082515625 0.509375 0.4097991890625 0.55370955 0.5038754140624999 1 0.5051674578124999 1 0
1 0.509375 0.6890625 0 0.6890625 0 0.778125 0.03125 0.8015625 0.08854166718749999 0.79765625 0.140625 0.825 0.21354166718749998 0.82109375 0.2864583328125 0.9109375 0.3489583328125 0.91484375 0.509375 0.8583113703125 0.509375 0.6890625
1 0.202734375 0.6890625 0.22135416718749998 0.744921875 0.22135416718749998 0.826953125 0.25 0.85234375 0.453125 0.8484375 0.4817708328125 0.830859375 0.4947916671875 0.79765625 0.37496408125 0.6890625 0.202734375 0.6890625
1 0.125 0.965625 0.1432291671875 0.948046875 0.140625 0.92265625 0.1171875 0.889453125 0.1171875 0.838671875 0.1015625 0.815234375 0.078125 0.8015625 0.0416666671875 0.80546875 0.0286458328125 0.858203125 0.05989583281250001 0.967578125 0.125 0.965625
1 0.493376571875 1 0.4661458328125 0.936328125 0.4322916671875 0.91875 0.3854166671875 0.9265625 0.3723958328125 0.951953125 0.39375 1 0.493376571875 1
1 0.6029546890625 0.6890625 0.58738940625 0.720703125 0.58738940625 0.736328125 0.560166175 0.798828125 0.560166175 0.826171875 0.590111728125 0.84765625 0.69900465 0.87890625 0.720783234375 0.87890625 0.7806743421875 0.86328125 0.7942859578125001 0.853515625 0.8215091875 0.810546875 0.826953834375 0.783203125 0.84873241875 0.740234375 0.8514547406249999 0.71484375 0.84873241875 0.705078125 0.8195407390625 0.6890625 0.6029546890625 0.6890625
1 0.9066521875 1 0.8977342328125001 0.962890625 0.8786779718750001 0.94140625 0.8242315109374999 0.91796875 0.7480064656250001 0.90234375 0.72622788125 0.90234375 0.6881153578125 0.91015625 0.6472805125 0.939453125 0.6200572828124999 0.986328125 0.6182424 1 0.9066521875 1
1 1 0.6890625 0.8679866671875001 0.6890625 0.8541770640624999 0.701171875 0.84873241875 0.755859375 0.8650663562500001 0.791015625 0.8841226171875001 0.8046875 0.965792309375 0.828125 1 0.8183081046874999 1 0.6890625