1 0 0.81875 0.1757080078125 0.81875 0.209375 0.7161458328125 0.140625 0.6536458328125 0.01875 0.5911458328125 0 0.5911458328125 0 0.81875
1 0.3796875 0.4615481328125 0.309375 0.47447916718750005 0.24375 0.5244791671875 0.2375 0.5744791671875 0.25 0.6703125 0.296875 0.7203125 0.3796875 0.710274621875 0.3796875 0.4615481328125
1 0.19375 0.2953125 0.15625 0.3411458328125 0.13125 0.4203125 0.23125 0.5036458328125 0.259375 0.5036458328125 0.296875 0.47447916718750005 0.340625 0.3953125 0.265625 0.3244791671875 0.2 0.2953125 0.19375 0.2953125
1 0 0.3854547765625 0.03125 0.4078125 0.125 0.3953125 0.125 0.3619791671875 0.153125 0.31197916718749996 0.134375 0.1786458328125 0.146875 0.1203125 0.1375 0.0994791671875 0.103125 0.09114583281250001 0.096875 0.09114583281250001 0.0625 0.1286458328125 0.003125 0.1203125 0 0.1253125 0 0.3854547765625
1 0 0.5606770828125 0.090625 0.6286458328125 0.153125 0.6453125 0.2 0.5036458328125 0.1125 0.41614583281249995 0.09375 0.41614583281249995 0.009375 0.4328125 0 0.4703125 0 0.5606770828125
1 0.25625 0.1744791671875 0.253125 0.1328125 0.25 0.1286458328125 0.23125 0.1453125 0.2375 0.1744791671875 0.25625 0.1744791671875
1 0.28125 0.1536458328125 0.265625 0.1536458328125 0.2625 0.1828125 0.30625 0.1953125 0.3125 0.1661458328125 0.296875 0.1536458328125 0.28125 0.1536458328125
1 0.3796875 0.81875 0.3796875 0.7619791671875 0.36875 0.7619791671875 0.3625 0.7286458328125 0.340625 0.7286458328125 0.30625 0.7578125 0.315625 0.8119791671875 0.3196340453125 0.81875 0.3796875 0.81875
1 0.3796875 0.5196035625000001 0.398046875 0.5276003859375 0.41953125 0.530322709375 0.460546875 0.511266446875 0.4703125 0.486765540625 0.48203125 0.4268744328125 0.49375 0.4050958484375 0.49765625 0.372427971875 0.509375 0.345204740625 0.509375 0.328870803125 0.5171875 0.31253686406250003 0.5484375 0.1818653578125 0.5484375 0.1655314203125 0.523046875 0.1410305125 0.3796875 0.0744243421875 0.3796875 0.5196035625000001
1 0.3796875 0 0.3796875 0.0698541390625 0.444921875 0.102917990625 0.5015625 0.10019566718749999 0.519140625 0.09747334375 0.525 0.08930637500000001 0.50546875 0.040304559375 0.50546875 0 0.3796875 0
1 0.3796875 0.3952954859375 0.41171875 0.35064938749999996 0.415625 0.32342615625 0.382421875 0.2880359578125 0.3796875 0.28613033125 0.3796875 0.3952954859375
1 0.5059929750000001 0 0.50546875 0.0021920374999999997 0.50546875 0.040304559375 0.52109375 0.07841708281250001 0.5484375 0.1219742515625 0.554296875 0.1301412203125 0.5875 0.12741889687500002 0.616796875 0.1083626359375 0.6734375 0.0511938515625 0.6734375 0.0294152671875 0.665625 0.018525975 0.6611945265625 0 0.5059929750000001 0
1 0.69086710625 0 0.6734375 0.0130813296875 0.67734375 0.04574920625 0.665625 0.067527790625 0.6734375 0.198199296875 0.6578125 0.2308671734375 0.66171875 0.285313634375 0.683203125 0.320703834375 0.7359375 0.3179815109375 0.757421875 0.3098145421875 0.800390625 0.277146665625 0.835546875 0.24447878906249998 0.8453125 0.2254225265625 0.8453125 0.1655314203125 0.8296875 0.040304559375 0.8188438421875001 0 0.69086710625 0
1 0.9213227453125 0.81875 0.9234375 0.8134443062500001 0.915625 0.7753317828124999 0.894140625 0.7453862296875 0.886328125 0.7671648140625 0.882421875 0.7562755218749999 0.874609375 0.7617201671875 0.86875 0.7372192609375 0.8453125 0.6936620921875 0.823828125 0.6746058296874999 0.800390625 0.6746058296874999 0.730078125 0.70727370625 0.70859375 0.748108553125 0.70859375 0.764442490625 0.69296875 0.7971103671875001 0.6898636874999999 0.81875 0.9213227453125 0.81875
1 0.757421875 0.6582718921875 0.74765625 0.6718835078125001 0.74375 0.6936620921875 0.759375 0.6936620921875 0.812109375 0.6746058296874999 0.81796875 0.6609942156249999 0.808203125 0.6473826 0.757421875 0.6582718921875
1 1 0.37073408125 0.983984375 0.35337171093749997 0.948828125 0.3860395875 0.94296875 0.41054049531250003 0.978125 0.459542309375 0.98203125 0.486765540625 0.99375 0.503099478125 1 0.52574920625 1 0.37073408125
1 0.6287547921875 0.81875 0.63046875 0.807999659375 0.69296875 0.6991067375 0.70078125 0.6827728 0.70078125 0.6664388609375 0.679296875 0.6092700765625 0.644140625 0.6310486609375 0.624609375 0.6310486609375 0.550390625 0.5874914921875 0.52109375 0.546656646875 0.509375 0.508544125 0.50546875 0.4704316015625 0.483984375 0.46770927812499996 0.47421875 0.4922101859375 0.452734375 0.5221557390625 0.429296875 0.53304503125 0.41953125 0.546656646875 0.38828125 0.617437046875 0.38828125 0.63921563125 0.43515625 0.8134443062500001 0.4376193171875 0.81875 0.6287547921875 0.81875
1 0.728125 0.4922101859375 0.73984375 0.459542309375 0.73984375 0.44320837187500006 0.632421875 0.3697056484375 0.577734375 0.337037771875 0.566015625 0.337037771875 0.5484375 0.36153867968750003 0.509375 0.45409766406249996 0.509375 0.486765540625 0.52109375 0.5412120015624999 0.546484375 0.582046846875 0.616796875 0.625604015625 0.63828125 0.6283263390625 0.655859375 0.62015936875 0.68515625 0.5902138156250001 0.728125 0.4922101859375
1 1 0.5339524734375 0.97421875 0.45409766406249996 0.944921875 0.42415210937500003 0.925390625 0.42415210937500003 0.874609375 0.45681998593750006 0.866796875 0.45681998593750006 0.851171875 0.42959675624999993 0.812109375 0.44593069375 0.78671875 0.48132089375 0.79453125 0.5248780625 0.79453125 0.5412120015624999 0.78671875 0.5575459390625 0.79453125 0.5847691703125 0.79453125 0.617437046875 0.80625 0.6119924 0.80234375 0.5847691703125 0.812109375 0.5766022000000001 0.81015625 0.617437046875 0.819921875 0.6637165375 0.843359375 0.6800504765625 0.870703125 0.6854951218750001 0.898046875 0.729052290625 0.917578125 0.7453862296875 0.93515625 0.74266390625 0.995703125 0.70727370625 1 0.70036319375 1 0.5339524734375
1 0.827734375 0.6746058296874999 0.843359375 0.6854951218750001 0.85703125 0.6827728 0.884375 0.6446602765625 0.88828125 0.6283263390625 0.884375 0.573879878125 0.870703125 0.5548236156249999 0.823828125 0.5493789703124999 0.8140625 0.5793245234375 0.8140625 0.6501049234375 0.827734375 0.6746058296874999
1 1 0.23507906875 0.921484375 0.162809096875 0.898046875 0.146475159375 0.874609375 0.146475159375 0.85703125 0.1873100046875 0.8453125 0.23631181875 0.8375 0.2472011109375 0.8296875 0.31253686406250003 0.882421875 0.3697056484375 0.925390625 0.40781817187499997 0.9390625 0.41054049531250003 0.94296875 0.39420655625 0.98984375 0.3397600953125 0.99375 0.32342615625 1 0.31362579375 1 0.23507906875
1 0.874920146875 0 0.855078125 0.015803653125 0.83359375 0.04574920625 0.84140625 0.1165296046875 0.84921875 0.1437528359375 0.858984375 0.1573644515625 0.866796875 0.1573644515625 0.870703125 0.146475159375 0.901953125 0.146475159375 0.956640625 0.19003232812499998 0.96640625 0.1873100046875 0.99375 0.14919748125 0.99375 0.1219742515625 0.9546875 0.04574920625 0.925390625 0.0049143609375 0.9183390296875 0 0.874920146875 0
1 1 0.81875 1 0.702033234375 0.995703125 0.70727370625 0.944921875 0.7344969375 0.92734375 0.7589978453125 0.93515625 0.7916657218750001 0.954587809375 0.81875 1 0.81875
1 0.706640625 0.3261484796875 0.691015625 0.3261484796875 0.667578125 0.30436989531249997 0.655859375 0.30436989531249997 0.632421875 0.3261484796875 0.605078125 0.3315931265625 0.59921875 0.3397600953125 0.620703125 0.364261003125 0.706640625 0.41870746406250003 0.726171875 0.42959675624999993 0.73984375 0.4268744328125 0.75546875 0.35064938749999996 0.775 0.3179815109375 0.773046875 0.30436989531249997 0.706640625 0.3261484796875
1 0.775 0.5793245234375 0.790625 0.5412120015624999 0.78671875 0.4758762484375 0.804296875 0.451375340625 0.835546875 0.42959675624999993 0.855078125 0.42959675624999993 0.86484375 0.4050958484375 0.86484375 0.3833172640625 0.855078125 0.3697056484375 0.835546875 0.35337171093749997 0.788671875 0.3315931265625 0.765234375 0.3315931265625 0.759375 0.3397600953125 0.73984375 0.4268744328125 0.74375 0.45409766406249996 0.73203125 0.486765540625 0.74375 0.55210129375 0.765234375 0.582046846875 0.775 0.5793245234375
1 0.08138020781250001 0.81875 0.08125 0.8192708328125 0 0.9406041671875001 0 1 0.3796875 1 0.3796875 0.9479767640624999 0.290234375 0.8791666671874999 0.24921875 0.8348958328125 0.2403821796875 0.81875 0.08138020781250001 0.81875
1 0.7453835234375 1 0.703125 0.9557291671874999 0.684375 0.9557291671874999 0.5998579546875 1 0.7453835234375 1
1 0.574541440625 0.81875 0.565625 0.8265625 0.590625 0.8682291671875 0.63125 0.8640625 0.640625 0.8765625 0.640625 0.9057291671875 0.615625 0.9140625 0.675 0.9307291671875 0.603125 0.9390625 0.603125 0.9723958328125001 0.65625 0.9640625 0.709375 0.9182291671874999 0.7247357531249999 0.81875 0.574541440625 0.81875
1 1 1 1 0.81875 0.90953125 0.81875 0.90625 0.8223958328125001 0.884375 0.8807291671874999 0.871875 0.9932291671875 0.877587890625 1 1 1
1 0.7350488281249999 0.81875 0.709375 0.9432291671874999 0.751953125 1 0.8430803578125001 1 0.865625 0.9473958328125001 0.89116498125 0.81875 0.7350488281249999 0.81875
1 0.5897518375 1 0.584375 0.9390625 0.509375 0.9265625 0.4875 0.9265625 0.41875 0.9932291671875 0.422135415625 1 0.5897518375 1