1 0.215625 0.9958333328125001 0.425 0.9958333328125001 0.434375 0.9833333328125 0.5 0.7833333328125 0.43125 0.7208333328125 0.309375 0.6583333328125 0.284375 0.6583333328125 0.253125 0.6958333328124999 0.246875 0.75 0.21875 0.7958333328125 0.15 0.7791666671875 0.128125 0.8 0.0625 0.9541666671875 0.0625 0.9958333328125001 0.2 0.9958333328125001 0.203125 0.9666666671874999 0.215625 0.9958333328125001
1 0.740625 0.6875 0.715625 0.7625 0.903125 0.7583333328124999 0.8875 0.6625 0.853125 0.6041666671875 0.8125 0.5958333328125 0.803125 0.5958333328125 0.75 0.6041666671875 0.740625 0.6875
1 0.740625 0.5583333328125 0.759375 0.5916666671875 0.846875 0.5916666671875 0.8625 0.5583333328125 0.8625 0.4916666671875 0.7625 0.46666666718750005 0.74375 0.46666666718750005 0.734375 0.4875 0.740625 0.5583333328125
1 0.721875 0.5333333328125 0.69375 0.5291666671875 0.690625 0.525 0.6 0.5416666671875 0.534375 0.5916666671875 0.528125 0.6416666671875 0.540625 0.7375 0.5875 0.7875 0.690625 0.775 0.721875 0.7333333328125 0.7375 0.6583333328125 0.734375 0.5708333328124999 0.721875 0.5333333328125
1 0.446875 0.40833333281249995 0.421875 0.4875 0.521875 0.5708333328124999 0.55 0.5708333328124999 0.5875 0.5416666671875 0.63125 0.4625 0.55625 0.3916666671875 0.490625 0.3625 0.484375 0.3625 0.446875 0.40833333281249995
1 0.4375 0.1875 0.428125 0.1666666671875 0.39375 0.1583333328125 0.3875 0.1583333328125 0.353125 0.19583333281249998 0.29375 0.1875 0.215625 0.3125 0.19375 0.38333333281250004 0.321875 0.475 0.415625 0.4625 0.415625 0.4291666671875 0.44375 0.3791666671875 0.425 0.24583333281250003 0.4375 0.1875
1 0.278125 0.5875 0.28125 0.6208333328125 0.38125 0.6958333328124999 0.44375 0.7125 0.490625 0.5708333328124999 0.403125 0.48333333281249996 0.384375 0.48333333281249996 0.3 0.5 0.278125 0.5875
1 0.860625 0 0.928125 0.0125 0.946875 0 0.860625 0
1 0.5 0 0.5 0.0416666671875 0.6125 0.0625 0.6125 0 0.5 0
1 0.62375 0 0.63125 0.05 0.653125 0.0416666671875 0.6857336968750001 0 0.62375 0
1 0.765625 0 0.7625 0.0166666671875 0.7875 0.15 0.815625 0.1625 0.828125 0.1125 0.859375 0.0916666671875 0.896875 0.1583333328125 0.88125 0.2 0.884375 0.275 1 0.2171875 1 0.0666666671875 0.99375 0.05 0.9625 0.0458333328125 0.940625 0.0166666671875 0.88125 0.025 0.825 0.0083333328125 0.8175000000000001 0 0.765625 0
1 0 0.6041666671875 0.05625 0.6 0.0875 0.5791666671875 0.10625 0.5416666671875 0.0875 0.4583333328125 0.040625 0.3958333328125 0.040625 0.3875 0 0.42083333281249996 0 0.6041666671875
1 0.071875 0.3375 0.046875 0.3916666671875 0.08125 0.4375 0.11875 0.5291666671875 0.175 0.49583333281249997 0.203125 0.5 0.175 0.3625 0.11875 0.3291666671875 0.10625 0.3291666671875 0.071875 0.3375
1 0.075 0.13333333281249998 0.06875 0.13333333281249998 0.04375 0.1416666671875 0.03125 0.1708333328125 0.015625 0.24583333281250003 0.025 0.30416666718749996 0.1375 0.32083333281250004 0.1625 0.3375 0.196875 0.325 0.175 0.17916666718750002 0.14375 0.1458333328125 0.075 0.13333333281249998
1 0.00241935625 0 0 0.05 0.03125 0.0791666671875 0.06875 0.0875 0.0875 0.05 0.0875 0 0.00241935625 0
1 0.09884259375 0 0.096875 0.07083333281250001 0.1125 0.1 0.1625 0.0875 0.20625 0.0041666671875 0.20625 0 0.09884259375 0
1 0.715625 0.2875 0.725 0.30416666718749996 0.815625 0.30416666718749996 0.8375 0.2791666671875 0.834375 0.2 0.784375 0.1583333328125 0.76875 0.1583333328125 0.71875 0.1708333328125 0.715625 0.2875
1 0.59375 0.95 0.51875 0.8833333328125 0.515625 0.8833333328125 0.484375 0.9333333328125001 0.475 0.9958333328125001 0.5875 0.9916666671875 0.59375 0.95
1 1 0.9599358953125 0.953125 0.9375 0.875 0.925 0.853125 0.925 0.81875 0.9958333328125001 1 0.9958333328125001 1 0.9599358953125
1 0.765625 0.875 0.74375 0.9041666671874999 0.728125 0.9375 0.725 0.9958333328125001 0.803125 0.9958333328125001 0.846875 0.9208333328125 0.840625 0.8833333328125 0.81875 0.8708333328125001 0.796875 0.8708333328125001 0.765625 0.875
1 1 0.43125 0.9875 0.4625 0.9875 0.49583333281249997 1 0.5053571421874999 1 0.43125
1 0.90625 0.6916666671875 0.93125 0.6875 0.940625 0.6791666671875001 0.934375 0.55 0.925 0.5291666671875 0.890625 0.5125 0.86875 0.5125 0.865625 0.5958333328125 0.90625 0.6916666671875
1 1 0.22000000000000003 0.88125 0.2833333328125 0.88125 0.3541666671875 0.9375 0.3791666671875 0.99375 0.3625 1 0.3488636375 1 0.22000000000000003
1 0.7 0.1708333328125 0.709375 0.1666666671875 0.7125 0.0916666671875 0.696875 0.0666666671875 0.6875 0.0666666671875 0.678125 0.0875 0.68125 0.1583333328125 0.7 0.1708333328125
1 0.73125 0.1 0.71875 0.1583333328125 0.771875 0.15 0.765625 0.1041666671875 0.746875 0.1 0.73125 0.0625 0.728125 0.0625 0.71875 0.07083333281250001 0.73125 0.1
1 0.734375 0.15 0.734375 0.058333332812500006 0.721875 0.058333332812500006 0.71875 0.1583333328125 0.734375 0.15
1 0.86875 0.4 0.925 0.3875 0.86875 0.35 0.809375 0.3458333328125 0.803125 0.3458333328125 0.7875 0.3541666671875 0.8 0.3875 0.86875 0.4
1 0.965625 0.4125 0.95625 0.4625 0.98125 0.47083333281249995 0.990625 0.43333333281249997 0.978125 0.4125 0.965625 0.4125
1 0.540625 0.19583333281249998 0.521875 0.2125 0.528125 0.2416666671875 0.546875 0.2416666671875 0.54375 0.2 0.540625 0.19583333281249998
1 0.603125 0.23333333281250002 0.5875 0.2208333328125 0.571875 0.2208333328125 0.55625 0.2208333328125 0.553125 0.25 0.596875 0.2625 0.603125 0.23333333281250002
1 1 0.7057432421875001 0.953125 0.7125 0.934375 0.7541666671875 1 0.7565315328125 1 0.7057432421875001
1 0.214338234375 0 0.14375 0.13333333281249998 0.20625 0.23333333281250002 0.2375 0.25 0.328125 0.1166666671875 0.340625 0.0625 0.309375 0.025 0.253125 0 0.214338234375 0
1 0 0.7791666671875 0.009375 0.7875 0.04375 0.75 0.1 0.7208333328125 0.05 0.6083333328125 0.046875 0.6083333328125 0 0.6125 0 0.7791666671875
1 0.653125 0.7958333328125 0.63125 0.7958333328125 0.596875 0.825 0.60625 0.8791666671874999 0.653125 0.9583333328125001 0.70625 0.9875 0.7375 0.9083333328125001 0.740625 0.8666666671875 0.703125 0.8541666671874999 0.69375 0.8291666671875 0.659375 0.8291666671875 0.653125 0.7958333328125