1 0 0 0 0.2890625 0.39454656875 0.2890625 0.3927083328125 0.265625 0.3848958328125 0.224609375 0.2130208328125 0.099609375 0.2026041671875 0.033203125 0.1555224875 0 0 0
1 0.28961925312500003 0.2890625 0.19479166718750002 0.203125 0.14791666718750002 0.20703125 0.121875 0.19140625 0.0645833328125 0.20703125 0.025520832812499998 0.201171875 0.0463541671875 0.263671875 0.0463541671875 0.2890625 0.28961925312500003 0.2890625
1 0.56875 0.2890625 0.56875 0.0723958328125 0.559375 0.0703125 0.47864583281249995 0.119140625 0.44739583281249995 0.205078125 0.5333333328125 0.27734375 0.562351190625 0.2890625 0.56875 0.2890625
1 0.321567234375 0 0.3015625 0.025390625 0.465625 0.109375 0.5489583328125 0.0703125 0.5489583328125 0.05859375 0.4838541671875 0.013671875 0.4718306734375 0 0.321567234375 0
1 0.56875 0 0.56875 0.236195284375 0.60715176875 0.25078125 0.67506135625 0.2890625 0.73891220625 0.2890625 0.7459902453125 0.283984375 0.7841027671875 0.237109375 0.7895474140625 0.221484375 0.8276599359375 0.186328125 0.8494385203124999 0.155078125 0.8712171046874999 0.143359375 0.8929956890625 0.112109375 0.8902733671874999 0.0984375 0.857605490625 0.07109375 0.7704911531249999 0.0359375 0.74871256875 0.0203125 0.7160446921875 0.0125 0.6920882484375 0 0.56875 0
1 0.985107003125 0.2890625 0.98283235 0.215625 0.9692207343749999 0.209765625 0.9637760890625 0.190234375 0.9338305359374999 0.16875 0.9066073046875001 0.16875 0.8902733671874999 0.1765625 0.83582690625 0.184375 0.81677064375 0.201953125 0.7895474140625 0.233203125 0.7786581218749999 0.256640625 0.7984289921875 0.2890625 0.985107003125 0.2890625
1 0.8603278124999999 0 0.8603278124999999 0.018359375 0.865772459375 0.022265625 0.8603278124999999 0.026171875 0.8603278124999999 0.065234375 0.901162659375 0.0984375 0.9283858890625 0.0984375 0.9556091203125 0.090625 0.9855546734375 0.073046875 0.9855546734375 0.033984375 0.9909993187499999 0.030078125 0.9907253078124999 0 0.8603278124999999 0
1 0.9556091203125 0.153125 0.9855546734375 0.131640625 0.98283235 0.090625 0.9773877046875 0.0828125 0.9501644734375001 0.09453125 0.9066073046875001 0.0984375 0.8712171046874999 0.147265625 0.8494385203124999 0.162890625 0.843993875 0.178515625 0.8848287203125 0.1765625 0.9338305359374999 0.16484375 0.9556091203125 0.153125
1 0.8603278124999999 0 0.8603278124999999 0.065234375 0.901162659375 0.0984375 0.9556091203125 0.090625 0.9909993187499999 0.065234375 0.9892164640625001 0 0.8603278124999999 0
1 0.007291667187500001 0.456640625 0.025520832812499998 0.478125 0.11927083281249999 0.478125 0.153125 0.448828125 0.1505208328125 0.42734375 0.11927083281249999 0.40390625 0.0411458328125 0.41171875 0.007291667187500001 0.425390625 0.007291667187500001 0.456640625
1 0 0.72421875 0.2026041671875 0.72421875 0.215625 0.710546875 0.2130208328125 0.65390625 0.2052083328125 0.526953125 0.17135416718750002 0.49375 0.0203125 0.48203125 0 0.493291440625 0 0.72421875
1 0.56875 1 0.56875 0.90902549375 0.5359375 0.8921875 0.48645833281249995 0.905859375 0.4447916671875 0.968359375 0.4490104171875 1 0.56875 1
1 0.3005208328125 1 0.3015625 0.99765625 0.29375 0.972265625 0.2442708328125 0.946875 0.20778093437499998 1 0.3005208328125 1
1 0.325 0.964453125 0.3223958328125 0.915625 0.309375 0.851171875 0.2859375 0.8296875 0.2625 0.855078125 0.25729166718749996 0.929296875 0.29635416718749996 0.9703125 0.325 0.964453125
1 0.16354166718750002 0.847265625 0.1921875 0.86875 0.2286458328125 0.86484375 0.2833333328125 0.831640625 0.28072916718749996 0.81796875 0.18697916718750002 0.8140625 0.16354166718750002 0.847265625
1 0.2234375 0.9234375 0.1921875 0.88828125 0.153125 0.901953125 0.1661458328125 0.978125 0.2208333328125 0.972265625 0.2234375 0.9234375
1 0.0489583328125 0.866796875 0.054166667187499996 0.925390625 0.07760416718749999 0.9546875 0.1505208328125 0.95859375 0.15572916718750002 0.9234375 0.0723958328125 0.85703125 0.0489583328125 0.866796875
1 0.059375 0.823828125 0.0645833328125 0.847265625 0.1296875 0.89609375 0.1765625 0.88828125 0.18697916718750002 0.87265625 0.09322916718749999 0.8140625 0.059375 0.823828125
1 0.059375 0.823828125 0.0645833328125 0.847265625 0.1296875 0.89609375 0.1765625 0.88828125 0.18697916718750002 0.87265625 0.09322916718749999 0.8140625 0.059375 0.823828125
1 0 1 0.0337928921875 1 0.0515625 0.9546875 0 0.90496651875 0 1
1 0 0.7903362781250001 0.0098958328125 0.79453125 0.0359375 0.79453125 0.0411458328125 0.77890625 0.0333333328125 0.741796875 0.0151041671875 0.73203125 0 0.73203125 0 0.7903362781250001
1 0.56875 1 0.56875 0.9105129078124999 0.5255208328125 0.8921875 0.4890625 0.90390625 0.4604166671875 0.941015625 0.451678240625 1 0.56875 1
1 0.111300871875 1 0.1140625 0.9703125 0.07760416718749999 0.9546875 0.04375 0.968359375 0.044687500000000005 1 0.111300871875 1
1 0.12323908750000001 0.2890625 0.14791666718750002 0.366796875 0.1765625 0.40390625 0.28072916718749996 0.4 0.31979166718749996 0.362890625 0.35870881718750003 0.2890625 0.12323908750000001 0.2890625
1 0.5157382234375001 0.2890625 0.45520833281249995 0.327734375 0.4447916671875 0.374609375 0.47864583281249995 0.4234375 0.5203125 0.4390625 0.56875 0.42950246718749996 0.56875 0.312532553125 0.5346117421875001 0.2890625 0.5157382234375001 0.2890625
1 0.56875 0.3185546875 0.5359375 0.30625 0.4734375 0.31796875 0.45 0.339453125 0.4604166671875 0.405859375 0.5046875 0.43125 0.5515625 0.4390625 0.56875 0.417578125 0.56875 0.3185546875
1 0.3953125 0.84921875 0.37447916718749996 0.82578125 0.309375 0.827734375 0.3328125 0.93515625 0.38229166718749996 0.901953125 0.3953125 0.84921875
1 0.56875 0.8557173296875 0.5307291671875001 0.853125 0.5177083328125 0.862890625 0.56875 0.9045006796875 0.56875 0.8557173296875
1 0.371875 0.812109375 0.4109375 0.85703125 0.4526041671875 0.86484375 0.4994791671875 0.8609375 0.5098958328125 0.82578125 0.5072916671875001 0.800390625 0.4682291671875 0.78671875 0.40052083281249995 0.790625 0.371875 0.812109375
1 0.39791666718749996 0.757421875 0.39791666718749996 0.773046875 0.43177083281249995 0.78671875 0.5255208328125 0.790625 0.5411458328125 0.77109375 0.4682291671875 0.74765625 0.39791666718749996 0.757421875
1 0.2989583328125 0.800390625 0.3223958328125 0.81796875 0.3536458328125 0.81796875 0.3927083328125 0.780859375 0.39010416718749996 0.759375 0.3640625 0.74375 0.3380208328125 0.74765625 0.30416666718749996 0.776953125 0.2989583328125 0.800390625
1 0.16354166718750002 0.765234375 0.16354166718750002 0.784765625 0.2026041671875 0.8140625 0.2859375 0.80625 0.2911458328125 0.7828125 0.2182291671875 0.73984375 0.16354166718750002 0.765234375
1 0.16354166718750002 0.765234375 0.16354166718750002 0.784765625 0.2026041671875 0.8140625 0.2859375 0.80625 0.2911458328125 0.7828125 0.2182291671875 0.73984375 0.16354166718750002 0.765234375
1 0.56875 0.445703125 0.5645833328125 0.448828125 0.5541666671875001 0.550390625 0.5125 0.671484375 0.5255208328125 0.6890625 0.5671875 0.696875 0.56875 0.6962239578125 0.56875 0.445703125
1 0.56875 0.6989583328125 0.5567708328125 0.69296875 0.49427083281249995 0.6890625 0.465625 0.714453125 0.465625 0.741796875 0.56875 0.759898603125 0.56875 0.6989583328125
1 0.4526041671875 0.5875 0.3848958328125 0.5796875 0.36666666718749996 0.601171875 0.3848958328125 0.62265625 0.4265625 0.61875 0.4526041671875 0.5875
1 0.56875 0.7893110796875 0.5307291671875001 0.78671875 0.5072916671875001 0.800390625 0.5255208328125 0.84921875 0.56875 0.8479218750000002 0.56875 0.7893110796875
1 0.44739583281249995 0.48203125 0.3953125 0.478125 0.3927083328125 0.515234375 0.4369791671875 0.52109375 0.44739583281249995 0.48203125
1 0.28854166718749996 0.651953125 0.3015625 0.45859375 0.2598958328125 0.43515625 0.23125 0.444921875 0.2208333328125 0.644140625 0.23125 0.663671875 0.2546875 0.66953125 0.28854166718749996 0.651953125
1 0.3723958328125 0.2890625 0.3614583328125 0.292578125 0.309375 0.401953125 0.2989583328125 0.585546875 0.3328125 0.59921875 0.38229166718749996 0.562109375 0.371875 0.472265625 0.40833333281249995 0.362890625 0.4057291671875 0.30625 0.3828125 0.2890625 0.3723958328125 0.2890625
1 0.56875 0.9399739578125 0.6307291671875 0.915625 0.7098958328125 0.85625 0.7765625 0.775 0.7140625 0.7625 0.6473958328125 0.76875 0.6015625 0.803125 0.56875 0.8073679953124999 0.56875 0.9399739578125
1 0.8755208328125 1 0.9640625 0.946875 0.8682291671875 0.896875 0.8098958328125001 0.89375 0.7432291671875 0.86875 0.7223958328125 0.871875 0.6932291671875 0.90625 0.6932291671875 0.93125 0.7276041671875 1 0.8755208328125 1
1 0.8557291671874999 0.890625 0.8890625 0.846875 0.8890625 0.821875 0.8682291671875 0.790625 0.7932291671874999 0.784375 0.7640625 0.796875 0.7432291671875 0.828125 0.7432291671875 0.846875 0.7765625 0.878125 0.8557291671874999 0.890625
1 0.8390625 0.428125 0.8348958328125 0.35 0.7265625 0.353125 0.6973958328125 0.378125 0.6973958328125 0.3875 0.7015625 0.421875 0.7348958328124999 0.4375 0.8182291671874999 0.440625 0.8390625 0.428125
1 0.6223958328125 0.2890625 0.6223958328125 0.321875 0.7057291671875 0.353125 0.7432291671875 0.334375 0.756960228125 0.2890625 0.6223958328125 0.2890625