1 0.67734375 0.3447916671875 0.65390625 0.3135416671875 0.632421875 0.3109375 0.603125 0.3447916671875 0.603125 0.43854166718750004 0.624609375 0.45677083281249997 0.655859375 0.45677083281249997 0.66953125 0.42291666718750004 0.67734375 0.3447916671875
1 0.557421875 0.509375 0.566015625 0.5036458328125 0.59921875 0.44375 0.5875 0.2927083328125 0.554296875 0.2588541671875 0.42734375 0.2510416671875 0.370703125 0.2484375 0.35703125 0.2614583328125 0.35703125 0.49583333281249997 0.3671875 0.509375 0.557421875 0.509375
1 0 0.2634154046875 0.0484375 0.2614583328125 0.025 0.1833333328125 0 0.13888888906250002 0 0.2634154046875
1 0.108984375 0.1703125 0.08359375 0.1625 0.03671875 0.1833333328125 0.04453125 0.225 0.069921875 0.2640625 0.134375 0.21979166718749998 0.108984375 0.1703125
1 0.230078125 0.1546875 0.165625 0.1416666671875 0.116796875 0.1390625 0.1109375 0.1677083328125 0.151953125 0.20677083281250003 0.226171875 0.2015625 0.2515625 0.178125 0.230078125 0.1546875
1 0.2671875 0.2770833328125 0.26328125 0.1833333328125 0.249609375 0.1807291671875 0.21640625 0.23541666718749998 0.2125 0.271875 0.233984375 0.3005208328125 0.2671875 0.2770833328125
1 0.19296875 0.271875 0.1578125 0.240625 0.108984375 0.24322916718749998 0.103125 0.2979166671875 0.179296875 0.3109375 0.19296875 0.271875
1 0.22421875 0.3916666671875 0.1578125 0.3083333328125 0.12265625 0.3135416671875 0.1265625 0.3864583328125 0.155859375 0.40989583281249997 0.214453125 0.41510416718750004 0.22421875 0.3916666671875
1 0.2671875 0.3708333328125 0.20859375 0.2770833328125 0.19296875 0.2875 0.18515625 0.334375 0.233984375 0.3994791671875 0.257421875 0.4046875 0.2671875 0.3708333328125
1 0.2671875 0.3708333328125 0.20859375 0.2770833328125 0.19296875 0.2875 0.18515625 0.334375 0.233984375 0.3994791671875 0.257421875 0.4046875 0.2671875 0.3708333328125
1 0.07734375 0.509375 0.0796875 0.490625 0.07578125 0.46458333281249997 0.05234375 0.44375 0.026953125 0.44635416718750004 0.009375 0.48020833281249997 0.014423076562500001 0.509375 0.07734375 0.509375
1 0.1956676140625 0.509375 0.20078125 0.5010416671875 0.196875 0.48541666718750004 0.1265625 0.4125 0.06015625 0.43854166718750004 0.10985383124999999 0.509375 0.1956676140625 0.509375
1 0.29786931875 0.509375 0.2828125 0.45416666718750004 0.265234375 0.4515625 0.2515625 0.46979166718750004 0.24632352968750001 0.509375 0.29786931875 0.509375
1 0.34131944375 0.509375 0.34921875 0.49583333281249997 0.34921875 0.44895833281249997 0.339453125 0.43072916718750004 0.30234375 0.42291666718750004 0.28671875 0.428125 0.28671875 0.45416666718750004 0.3101222828125 0.509375 0.34131944375 0.509375
1 0.1265625 0.3864583328125 0.1109375 0.35 0.026953125 0.3578125 0.025 0.41770833281249997 0.112890625 0.4203125 0.1265625 0.3864583328125
1 0.86875 0.123490646875 0.80234375 0.1 0.718359375 0.1442708328125 0.68125 0.1833333328125 0.67734375 0.2875 0.714453125 0.3161458328125 0.796484375 0.3421875 0.86875 0.39571759218749997 0.86875 0.123490646875
1 0.25546875 0.0895833328125 0.23203125 0.06875 0.179296875 0.0817708328125 0.14609375 0.13125 0.253515625 0.1546875 0.25546875 0.0895833328125
1 0.2173611109375 0 0.21640625 0.0114583328125 0.22421875 0.053125 0.269140625 0.0921875 0.290625 0.0635416671875 0.294290865625 0 0.2173611109375 0
1 0.2931857640625 0 0.29453125 0.0322916671875 0.308203125 0.0661458328125 0.323828125 0.0661458328125 0.333015046875 0 0.2931857640625 0
1 0.3375 0.1 0.321875 0.0739583328125 0.300390625 0.0713541671875 0.26328125 0.11041666718750001 0.26328125 0.1416666671875 0.280859375 0.1651041671875 0.304296875 0.1598958328125 0.33359375 0.1260416671875 0.3375 0.1
1 0.34140625 0.24583333281250003 0.2984375 0.1729166671875 0.275 0.178125 0.2671875 0.2614583328125 0.296484375 0.3005208328125 0.316015625 0.3005208328125 0.34140625 0.24583333281250003
1 0.34140625 0.24583333281250003 0.2984375 0.1729166671875 0.275 0.178125 0.2671875 0.2614583328125 0.296484375 0.3005208328125 0.316015625 0.3005208328125 0.34140625 0.24583333281250003
1 0.5015625 0.0791666671875 0.49375 0.0114583328125 0.4625 0.0375 0.45859375 0.0791666671875 0.480078125 0.0973958328125 0.5015625 0.0791666671875
1 0.603125 0.06875 0.59921875 0.0166666671875 0.56015625 0.0270833328125 0.566015625 0.0713541671875 0.603125 0.06875
1 0.64609375 0.20416666718749998 0.62265625 0.1625 0.429296875 0.1755208328125 0.41171875 0.209375 0.417578125 0.2328125 0.437109375 0.24322916718749998 0.636328125 0.2328125 0.64609375 0.20416666718749998
1 0.79453125 0.084375 0.775 0.058333332812500006 0.718359375 0.0557291671875 0.608984375 0.0921875 0.519140625 0.0817708328125 0.48203125 0.13125 0.495703125 0.1651041671875 0.679296875 0.1546875 0.788671875 0.10260416718750001 0.79453125 0.084375
1 1 0 0.86875 0 0.86875 0.34445434218750004 0.9218534437500001 0.46518342187500006 1 0.438372165625 1 0
1 0 0.509375 0 1 0.3513196078125 1 0.08899009375 0.509375 0 0.509375
1 0.0815002046875 0.509375 0.3597155515625 1 0.7520005125 1 0.7404187515625 0.509375 0.0815002046875 0.509375
1 0.86875 1 0.86875 0.509375 0.74069723125 0.509375 0.7436317734375 1 0.86875 1
1 1 1 1 0.53586065625 0.8953125 0.69375 0.86875 0.7645833328125 0.86875 0.9486742421875001 0.908984375 0.9828125 0.955859375 0.9932291671875 0.9671874984375 1 1 1