1 0.3848958328125 0.5234375 0.3640625 0.4890625 0.35989583281250004 0.4140625 0.2932291671875 0.4109375 0.2515625 0.3859375 0.1973958328125 0.3828125 0.1682291671875 0.3984375 0.1598958328125 0.4234375 0.1598958328125 0.4415625 0.1598958328125 0.5140625 0.17239583281249998 0.5234375 0.24739583281250002 0.5453125 0.3265625 0.5484375 0.3848958328125 0.5234375
1 0 0.47620738749999997 0.0307291671875 0.5390625 0.1057291671875 0.5578125 0.1432291671875 0.5515625 0.15572916718750002 0.4203125 0.1432291671875 0.3921875 0.0223958328125 0.3765625 0.0015625 0.3890625 0 0.39287109375 0 0.47620738749999997
1 0.1223958328125 0 0.1223958328125 0.0046875 0.1515625 0.0609375 0.2015625 0.1078125 0.2182291671875 0.0984375 0.2348958328125 0.1078125 0.2182291671875 0.1171875 0.2348958328125 0.1390625 0.3098958328125 0.1484375 0.35989583281250004 0.1046875 0.3807291671875 0.1046875 0.4015625 0.0296875 0.43072916718750004 0.0015625 0.43072916718750004 0 0.1223958328125 0
1 0.6 0 0.45130208281249995 0 0.4057291671875 0.0390625 0.41822916718750003 0.1078125 0.4015625 0.1140625 0.4015625 0.1203125 0.47239583281249997 0.2296875 0.5348958328125 0.2484375 0.5723958328125 0.2421875 0.5848958328125 0.1921875 0.6 0.1959635421875 0.6 0
1 0.1640625 0.3828125 0.1932291671875 0.3328125 0.15572916718750002 0.2703125 0.0973958328125 0.2484375 0.0682291671875 0.2640625 0.0057291671875 0.3453125 0.0057291671875 0.3546875 0.0182291671875 0.3671875 0.1640625 0.3828125
1 0 0.343798828125 0.0057291671875 0.3421875 0.05989583281250001 0.2796875 0.0640625 0.2453125 0.0390625 0.2171875 0 0.240625 0 0.343798828125
1 0.5973958328125 0.4703125 0.5973958328125 0.4453125 0.5723958328125 0.4203125 0.5723958328125 0.3828125 0.5307291671875001 0.3421875 0.5223958328125 0.3546875 0.5098958328125 0.3421875 0.45989583281249996 0.3421875 0.3848958328125 0.4046875 0.3682291671875 0.4546875 0.3682291671875 0.471875 0.3848958328125 0.5140625 0.4890625 0.5171875 0.5640625 0.4984375 0.5973958328125 0.4703125
1 0 0.5890625 0.08739583281249999 0.5890625 0.0890625 0.5703125 0.0140625 0.5453125 0 0.55151654375 0 0.5890625
1 0.3723958328125 0.4109375 0.4557291671875 0.3359375 0.44322916718750005 0.3109375 0.4057291671875 0.3046875 0.3348958328125 0.3078125 0.3223958328125 0.3328125 0.3223958328125 0.3421875 0.3265625 0.3984375 0.3723958328125 0.4109375
1 0 0.2296223953125 0.0348958328125 0.2078125 0.0682291671875 0.1578125 0.0682291671875 0.1203125 0.0307291671875 0.1390625 0 0.1736328125 0 0.2296223953125
1 0.3640625 0.2265625 0.3640625 0.2109375 0.3182291671875 0.1765625 0.2598958328125 0.1578125 0.2390625 0.1703125 0.20989583281250002 0.2390625 0.20989583281250002 0.2484375 0.2640625 0.2734375 0.3640625 0.2265625
1 0.6 0.1461547859375 0.609375 0.1666625984375 0.61328125 0.2179321296875 0.6816406234375 0.2414306640625 0.7324218765625 0.22861328125 0.7753906234375 0.2756103515625 0.8027343765625 0.271337890625 0.81640625 0.2606567390625 0.8125 0.2222045890625 0.828125 0.2093872078125 0.83984375 0.1709350578125 0.8457031234375 0.0705322265625 0.8300781234375 0.0448974609375 0.7832031234375 0.0448974609375 0.6503906234375 0.0705322265625 0.6035156234375 0.09189453125 0.6 0.10013427500000001 0.6 0.1461547859375
1 0.6702439421874999 0 0.66015625 0.008581542187500001 0.66015625 0.025671385937500003 0.6699218765625 0.0448974609375 0.6933593765625 0.049169921875 0.703125 0.0384887703125 0.7011718765625 0.014990234375 0.6847254484375 0 0.6702439421874999 0
1 1 0.092962646875 0.8769531234375 0.100439453125 0.85546875 0.0897583015625 0.84765625 0.1623901359375 0.83203125 0.2093872078125 0.81640625 0.2264770515625 0.81640625 0.2435668953125 0.83203125 0.2692016609375 0.83203125 0.3418334953125 0.84375 0.3631958015625 0.84375 0.4700073234375 0.8691406234375 0.5148681640625 0.8886718765625 0.5234130859375 0.9160156234375 0.519140625 0.9433593765625 0.5405029296875 0.9824218765625 0.53623046875 1 0.5170043953125 1 0.092962646875
1 1 0 0.8369056921875 0 0.85546875 0.0812133796875 0.8769531234375 0.100439453125 0.9355468765625 0.0876220703125 0.9941406234375 0.0961669921875 1 0.0940307609375 1 0
1 1 0.2606567390625 0.9785156234375 0.237158203125 0.9316406234375 0.2243408203125 0.8652343765625 0.2328857421875 0.8417968765625 0.2115234375 0.81640625 0.2264770515625 0.8203125 0.2563842765625 0.83203125 0.2692016609375 0.83203125 0.3418334953125 0.84375 0.3631958015625 0.84375 0.4657348640625 0.8652343765625 0.510595703125 0.9160156234375 0.519140625 0.9433593765625 0.5405029296875 0.9707031234375 0.5405029296875 0.99609375 0.5212768546875 1 0.509883625 1 0.2606567390625
1 0.9973102656249999 0.5890625 0.9707031234375 0.5490478515625 0.9472656234375 0.5490478515625 0.9082031234375 0.5234130859375 0.8847656234375 0.527685546875 0.8378906234375 0.4849609375 0.7714843765625 0.493505859375 0.7050781234375 0.4806884765625 0.66796875 0.5810913078125 0.668424246875 0.5890625 0.9973102656249999 0.5890625
1 0.6 0.530739565625 0.6425781234375 0.57041015625 0.6621093765625 0.5661376953125 0.6875 0.5255493171875 0.703125 0.4358276359375 0.7050781234375 0.33115234375 0.69140625 0.2649291984375 0.6777343765625 0.2414306640625 0.6 0.22867736718749998 0.6 0.530739565625
1 0 0.9632659312499999 0.0447916671875 0.97578125 0.14895833281249998 0.92890625 0.2114583328125 0.88984375 0.3260416671875 0.85859375 0.35989583281250004 0.825390625 0.36770833281250004 0.78046875 0.3390625 0.716015625 0.25833333281250004 0.6828125 0.14895833281249998 0.69453125 0.07083333281250001 0.7140625 0.034375 0.7140625 0.0161458328125 0.723828125 0.0083333328125 0.75703125 0 0.75928125 0 0.9632659312499999
1 0.4436379921875 1 0.4067708328125 0.911328125 0.3572916671875 0.85859375 0.3260416671875 0.85859375 0.2010416671875 0.89765625 0.1385416671875 0.93671875 0.055208332812500004 0.971875 0.0369791671875 0.985546875 0.033767360937500004 1 0.4436379921875 1
1 0.6 1 0.6 0.8018229171875 0.596875 0.8 0.4875 0.79609375 0.4614583328125 0.82734375 0.39114583281250004 0.852734375 0.3859375 0.864453125 0.41197916718750005 0.907421875 0.445340653125 1 0.6 1
1 0 0.5890625 0 0.6927455359375 0.0447916671875 0.70234375 0.10729166718750001 0.70234375 0.18020833281249998 0.690625 0.2192708328125 0.676953125 0.26614583281250004 0.618359375 0.2635416671875 0.6046875 0.24542572499999998 0.5890625 0 0.5890625
1 1 1 1 0.8294442640625 0.9794351171875 0.81796875 0.9522118875000001 0.8140625 0.9222663343749999 0.831640625 0.8895984578125 0.894140625 0.8188180578124999 0.960546875 0.8133734125000001 0.983984375 0.820814428125 1 1 1
1 0.6 0.5890625 0.6 0.7629601109374999 0.6963135203124999 0.77890625 0.7153697828125 0.757421875 0.7153697828125 0.745703125 0.7425930125 0.722265625 0.764371596875 0.691015625 0.7880558078125001 0.5890625 0.6 0.5890625
1 0.8153697828125 1 0.8133734125000001 0.995703125 0.8133734125000001 0.964453125 0.8405966421875 0.937109375 0.83787431875 0.9234375 0.8242627046875001 0.898046875 0.8052064421875 0.884375 0.7915948281249999 0.882421875 0.76981624375 0.843359375 0.7398706890625 0.81796875 0.7235367515625 0.821875 0.6500340296875 0.874609375 0.6119215062500001 0.909765625 0.6282554453125 0.937109375 0.655478675 0.960546875 0.6795372046875 1 0.8153697828125 1
1 0.6 0.860994465625 0.6364224140625 0.884375 0.726259075 0.819921875 0.7235367515625 0.8140625 0.7017581671875 0.7828125 0.625533121875 0.7671875 0.6037545375 0.7671875 0.6 0.769881184375 0.6 0.860994465625
1 0.7888725046875 0.86875 0.7453153359375 0.81796875 0.728981396875 0.81796875 0.6935911984375001 0.847265625 0.7507599812500001 0.89609375 0.7888725046875 0.88828125 0.7888725046875 0.86875
1 1 0.5890625 0.89862400625 0.5890625 0.895043103125 0.655859375 0.9004877499999999 0.663671875 0.9140993640625 0.66953125 1 0.6662876062499999 1 0.5890625