1 0.789583334375 0 0.76875 0.0333333328125 0.771875 0.0791666671875 0.803125 0.0916666671875 0.815625 0.1291666671875 0.859375 0.13333333281249998 0.878125 0.0875 0.940625 0.0625 0.9902573531250001 0 0.789583334375 0
1 0.506365740625 0 0.565625 0.0666666671875 0.61875 0.0875 0.66081730625 0 0.506365740625 0
1 0.218526784375 0 0.275 0.0916666671875 0.30625 0.1208333328125 0.340625 0.125 0.384375 0.075 0.410491071875 0 0.218526784375 0
1 0.603125 0.42083333281249996 0.5875 0.3916666671875 0.5625 0.38333333281250004 0.5443749999999999 0.38333333281250004 0.471875 0.38333333281250004 0.4625 0.3958333328125 0.440625 0.47083333281249995 0.4375 0.55 0.4625 0.6083333328125 0.496875 0.5875 0.571875 0.5833333328125 0.575 0.5166666671875 0.6 0.475 0.603125 0.42083333281249996
1 0.446875 0.2541666671875 0.428125 0.3291666671875 0.434375 0.36666666718749996 0.565625 0.3791666671875 0.59375 0.36666666718749996 0.609375 0.24583333281250003 0.596875 0.225 0.55625 0.20833333281250002 0.540625 0.20833333281250002 0.446875 0.2541666671875
1 0.415625 0.075 0.403125 0.0958333328125 0.4125 0.1583333328125 0.453125 0.2375 0.496875 0.22916666718749998 0.546875 0.19583333281249998 0.546875 0.1291666671875 0.515625 0.029166667187500002 0.5 0.029166667187500002 0.415625 0.075
1 0.420703125 0 0.41875 0.0041666671875 0.4125 0.0666666671875 0.503125 0.0208333328125 0.48973214374999996 0 0.420703125 0
1 0.187006578125 0 0.134375 0.0666666671875 0.115625 0.19583333281249998 0.165625 0.25833333281250004 0.24375 0.2791666671875 0.309375 0.32083333281250004 0.340625 0.275 0.3375 0.1916666671875 0.35 0.1583333328125 0.275 0.1 0.208333334375 0 0.187006578125 0
1 0.95625 0.625 0.984375 0.6541666671875 0.996875 0.6541666671875 0.996875 0.3458333328125 0.98125 0.3458333328125 0.925 0.375 0.878125 0.425 0.8875 0.44166666718750003 0.878125 0.4583333328125 0.86875 0.44166666718750003 0.846875 0.4583333328125 0.8375 0.5333333328125 0.88125 0.5833333328125 0.88125 0.6041666671875 0.95625 0.625
1 0.871875 0.9625 0.965625 0.875 0.996875 0.8625 0.996875 0.6875 0.946875 0.6291666671875 0.878125 0.6416666671875 0.871875 0.625 0.865625 0.625 0.75625 0.6958333328124999 0.7375 0.7583333328124999 0.74375 0.7958333328125 0.79375 0.8083333328125001 0.784375 0.8458333328125001 0.80625 0.8666666671875 0.81875 0.85 0.834375 0.875 0.840625 0.9625 0.871875 0.9625
1 0 0.2171875 0.009375 0.2125 0.021875 0.17916666718750002 0.01875 0.1166666671875 0 0.0666666671875 0 0.2171875
1 0.309375 0.8625 0.29375 0.8791666671874999 0.31875 0.8875 0.365625 0.8708333328125001 0.3875 0.8 0.375 0.6875 0.31875 0.625 0.2375 0.6125 0.2203125 0.6125 0.1375 0.6291666671875 0.0625 0.7166666671875 0.0625 0.7416666671875001 0.103125 0.7708333328125 0.1375 0.8625 0.153125 0.8708333328125001 0.159375 0.9083333328125001 0.196875 0.9541666671875 0.290625 0.8541666671874999 0.309375 0.8625
1 0.203125 0.9458333328125 0.2625 0.875 0.2125 0.8708333328125001 0.2 0.8458333328125001 0.196875 0.8166666671874999 0.2125 0.7958333328125 0.225 0.8083333328125001 0.2375 0.7958333328125 0.175 0.625 0.165625 0.625 0.134375 0.6333333328124999 0.096875 0.6708333328125 0.0625 0.7208333328125 0.0625 0.7416666671875001 0.103125 0.7708333328125 0.134375 0.8708333328125001 0.15625 0.8666666671875 0.15 0.8958333328125001 0.159375 0.9125 0.203125 0.9458333328125
1 0.3625 0.9958333328125001 0.359375 0.9541666671875 0.334375 0.9125 0.278125 0.8875 0.275 0.8875 0.2125 0.9583333328125001 0.2 0.9958333328125001 0.3625 0.9958333328125001
1 0.603125 0.3875 0.653125 0.4166666671875 0.715625 0.3791666671875 0.7375 0.32083333281250004 0.721875 0.2916666671875 0.640625 0.22916666718749998 0.63125 0.22916666718749998 0.61875 0.2416666671875 0.603125 0.3875
1 0.740625 0.0958333328125 0.7 0.075 0.6875 0.075 0.65625 0.1041666671875 0.634375 0.19583333281249998 0.64375 0.22916666718749998 0.70625 0.2833333328125 0.740625 0.2875 0.76875 0.2625 0.74375 0.2208333328125 0.734375 0.1666666671875 0.759375 0.125 0.740625 0.0958333328125
1 0 0.9958333328125001 0.075 0.9958333328125001 0 0.9599358953125 0 0.9958333328125001
1 0.784375 0.8916666671875 0.721875 0.8541666671874999 0.696875 0.8541666671874999 0.65 0.925 0.646875 0.9958333328125001 0.784375 0.9958333328125001 0.784375 0.8916666671875
1 0.64375 0.7333333328125 0.64375 0.6833333328125 0.58125 0.6083333328125 0.53125 0.5916666671875 0.5140625 0.5916666671875 0.471875 0.6083333328125 0.46875 0.7125 0.4875 0.7875 0.515625 0.8208333328125 0.540625 0.8208333328125 0.565625 0.7958333328125 0.603125 0.7958333328125 0.64375 0.7541666671875 0.63125 0.7458333328125 0.64375 0.7333333328125
1 0.28125 0.55 0.365625 0.6666666671875 0.39375 0.6833333328125 0.415625 0.6416666671875 0.35 0.5333333328125 0.3125 0.49583333281249997 0.30625 0.4875 0.28125 0.5166666671875 0.28125 0.55
1 0.159375 0.3375 0.153125 0.2875 0.13125 0.2875 0.08125 0.30416666718749996 0.075 0.3458333328125 0.11875 0.3541666671875 0.159375 0.3375
1 0.153125 0.3791666671875 0.1375 0.3625 0.128125 0.3625 0.128125 0.4791666671875 0.15 0.5166666671875 0.1625 0.47083333281249995 0.153125 0.3791666671875
1 0.196875 0.5833333328125 0.2125 0.5833333328125 0.23125 0.55 0.203125 0.5 0.19375 0.5 0.18125 0.5125 0.18125 0.5416666671875 0.196875 0.5833333328125
1 0.23125 0.40416666718750005 0.215625 0.40416666718750005 0.196875 0.4166666671875 0.196875 0.4375 0.20625 0.4125 0.225 0.4375 0.203125 0.45 0.203125 0.4916666671875 0.225 0.5166666671875 0.246875 0.5166666671875 0.253125 0.475 0.23125 0.40416666718750005
1 0 0.5053571421874999 0.009375 0.5125 0.034375 0.4916666671875 0.05 0.43333333281249997 0.05 0.4166666671875 0.025 0.4 0.0125 0.4 0 0.43125 0 0.5053571421874999
1 0.0375 0.575 0.065625 0.5541666671875001 0.071875 0.5333333328125 0.05 0.5 0.040625 0.5 0.003125 0.525 0.0125 0.5708333328124999 0.0375 0.575
1 0 0.3488636375 0.028125 0.2875 0.028125 0.2416666671875 0.015625 0.2166666671875 0.00625 0.2166666671875 0 0.22000000000000003 0 0.3488636375
1 0.05 0 0.05 0.0166666671875 0.01875 0.0666666671875 0.028125 0.19583333281249998 0.053125 0.22916666718749998 0.10625 0.1916666671875 0.121875 0.1416666671875 0.125 0.0666666671875 0.175 0 0.05 0
1 0.071875 0.3 0.134375 0.2833333328125 0.1375 0.2375 0.1125 0.20833333281250002 0.090625 0.20833333281250002 0.06875 0.22916666718749998 0.0625 0.2875 0.071875 0.3
1 0.353125 0.275 0.36875 0.3083333328125 0.415625 0.3125 0.440625 0.2375 0.409375 0.1666666671875 0.371875 0.1583333328125 0.36875 0.1583333328125 0.346875 0.1875 0.353125 0.275
1 0.315625 0.4791666671875 0.33125 0.5041666671875 0.353125 0.4916666671875 0.3625 0.45 0.3625 0.4125 0.340625 0.4 0.33125 0.4 0.315625 0.43333333281249997 0.315625 0.4791666671875
1 0.090625 0.675 0.0875 0.6125 0.071875 0.6125 0.025 0.6375 0.03125 0.7 0.05625 0.7041666671875 0.090625 0.675
1 0 0.7565315328125 0.05 0.7583333328124999 0.05 0.7166666671875 0.028125 0.7041666671875 0.0109375 0.7041666671875 0 0.7057432421875001 0 0.7565315328125
1 0.575 0.5958333328125 0.65 0.6791666671875001 0.675 0.6666666671875 0.68125 0.6291666671875 0.678125 0.5583333328125 0.653125 0.5458333328125 0.64375 0.5458333328125 0.5875 0.55 0.575 0.5958333328125
1 0.828125 0.2916666671875 0.865625 0.2916666671875 0.846875 0.2541666671875 0.7625 0.17916666718750002 0.75 0.17916666718750002 0.746875 0.20833333281250002 0.778125 0.25833333281250004 0.828125 0.2916666671875
1 0.875 0.22916666718749998 0.878125 0.17916666718750002 0.86875 0.1666666671875 0.778125 0.1541666671875 0.775 0.15 0.74375 0.175 0.821875 0.22916666718749998 0.875 0.22916666718749998
1 0.959375 0.1541666671875 0.996875 0.1875 0.996875 0.0666666671875 0.9875 0.0625 0.96875 0.0625 0.95 0.0875 0.95 0.1166666671875 0.959375 0.1541666671875
1 0.759375 0.5875 0.775 0.5875 0.809375 0.5416666671875 0.828125 0.48333333281249996 0.815625 0.4625 0.746875 0.43333333281249997 0.7375 0.43333333281249997 0.7125 0.4875 0.759375 0.5875
1 0.584375 0.8333333328125001 0.565625 0.85 0.534375 0.8416666671874999 0.5 0.8708333328125001 0.496875 0.9208333328125 0.525 0.9791666671874999 0.565625 0.9875 0.625 0.9416666671874999 0.61875 0.8875 0.59375 0.8333333328125001 0.584375 0.8333333328125001