1 0.0723364984375 0 0.0244791671875 0.046484375 0 0.060105846875 0 0.33984375 0.058333332812500006 0.37265625 0.209375 0.4234375 0.2588541671875 0.390234375 0.3734375 0.194921875 0.4796875 0.088671875 0.4796875 0.030588328125 0.4284455125 0 0.0723364984375 0
1 0.07390559062499999 0 0.0244791671875 0.046484375 0 0.060105846875 0 0.3406038859375 0.0427083328125 0.36484375 0.20416666718749998 0.4234375 0.2588541671875 0.390234375 0.3317708328125 0.280859375 0.3473958328125 0.230078125 0.47760416718750004 0.089453125 0.4796875 0.0832031265625 0.4796875 0.0340800375 0.4253810984375 0 0.07390559062499999 0
1 0.38157150156249997 0.509375 0.3083333328125 0.44296875 0.209375 0.4703125 0.1859375 0.487890625 0.1885416671875 0.5015625 0.1897775421875 0.509375 0.38157150156249997 0.509375
1 0.4796875 0.509375 0.4796875 0.120703125 0.41510416718750004 0.175390625 0.3109375 0.339453125 0.3135416671875 0.3609375 0.3317708328125 0.401953125 0.42942708281249997 0.509375 0.4796875 0.509375
1 0.1911458328125 0.429296875 0.1729166671875 0.41953125 0.0479166671875 0.38046875 0.021875 0.384375 0.021875 0.39609375 0.058333332812500006 0.4390625 0.1520833328125 0.478125 0.1807291671875 0.468359375 0.1911458328125 0.429296875
1 0.168606321875 0.509375 0.1572916671875 0.48203125 0.1208333328125 0.4859375 0.1091145828125 0.509375 0.168606321875 0.509375
1 1 0.509375 1 0.334331384375 0.9607616828125 0.3114583328125 0.9262789250000001 0.3010416671875 0.906315221875 0.3635416671875 0.8591282890624999 0.42083333281249996 0.8046818281250001 0.44557291718750003 0.7211972546875 0.46770833281249996 0.7030484343750001 0.48854166718750003 0.72203489375 0.509375 1 0.509375
1 1 0.0045285984375 0.949872390625 0.0015625 0.9262789250000001 0.00546875 0.9045003406250001 0.0171875 0.8954259296875 0.0432291671875 0.8954259296875 0.09140625 0.9117598687499999 0.25546875 0.935353334375 0.2893229171875 1 0.33570353124999996 1 0.0045285984375
1 0.4796875 0 0.4796875 0.447952596875 0.4943370015625 0.44557291718750003 0.5487834625 0.45078125 0.6250085078125001 0.48723958281249996 0.7647544234375 0.4625 0.8391645875 0.43776041718750003 0.8754622281250001 0.41432291718750003 0.9081301046875 0.37265625 0.9172045140625 0.3322916671875 0.8936110484374999 0.17734375 0.8829154593750002 0 0.4796875 0
1 0.4796875 0.509375 0.06460538593750001 0.509375 0.07152325000000001 0.8026925546874999 0.251700065625 0.7730131921875 0.4796875 0.7783950953125001 0.4796875 0.509375
1 0.4796875 1 0.4796875 0.7748181265625 0.24535764375000002 0.7734165453124999 0.061220809375 0.8030959078125001 0.059240875000000005 0.8951018828125001 0.349815628125 1 0.4796875 1
1 0.36145550625 1 0.0717207234375 0.8933279265625 0.06898894375 1 0.36145550625 1
1 1 1 1 0.69751434375 0.9979100500000001 0.694140625 0.9815761109375 0.682421875 0.9815761109375 0.674609375 0.9597975265625 0.651171875 0.9080733890625 0.621875 0.8372929906250001 0.62578125 0.7447340062500001 0.653125 0.6685089609375 0.684375 0.6031732078125 0.7 0.57050533125 0.715625 0.548726746875 0.715625 0.521503515625 0.7234375 0.4796875 0.7421880078124999 0.4796875 0.895577978125 0.5378374546875 0.96171875 0.5596160390625 0.965625 0.65761966875 0.95 0.6902875453125 0.95 0.7175107765625001 0.9421875 0.788291175 0.93828125 0.8073474359375 0.944140625 0.8427376359375 0.996875 0.8699608671875 0.996875 0.9407412656249999 0.98125 0.9734091421875 0.98125 0.9979100500000001 0.998828125 0.9985977953125001 1 1 1
1 1 0.921748859375 0.98974308125 0.90703125 0.9788537890625001 0.92265625 0.9679644968750001 0.91875 0.9516305578124999 0.92265625 0.9597975265625 0.916796875 0.95435288125 0.908984375 0.9597975265625 0.901171875 0.9516305578124999 0.8953125 0.9407412656249999 0.89140625 0.9352966203124999 0.8953125 0.9244073281249999 0.8875 0.9135180359374999 0.8953125 0.9053510656250001 0.889453125 0.9107957125 0.869921875 0.9026287437499999 0.8640625 0.8862948046875001 0.86796875 0.8754055125000001 0.86015625 0.8481822828125001 0.85625 0.521503515625 0.8640625 0.5051695781250001 0.871875 0.48339099374999994 0.87578125 0.4796875 0.8731241859375001 0.4796875 0.8926771375 0.5296704859375 0.955859375 0.5432821 0.96171875 0.592283915625 0.96171875 0.663064315625 0.94609375 0.679398253125 0.95 0.7392893609375 0.93828125 0.7991804671875 0.93828125 0.818236728125 0.948046875 0.8427376359375 0.996875 0.8699608671875 0.996875 0.9135180359374999 0.98515625 0.9842984343750001 0.97734375 1 0.95993411875 1 0.921748859375
1 1 0.509375 0.8427376359375 0.509375 0.8427376359375 0.575 0.8481822828125001 0.61796875 0.8645162203125001 0.60625 0.8645162203125001 0.61796875 0.8754055125000001 0.6140625 0.9080733890625 0.61796875 0.9461859125000001 0.63359375 0.98974308125 0.67265625 1 0.67265625 1 0.509375