1 0.4508680546875 0.66875 0.44114583281249997 0.646875 0.3328125 0.565625 0.2994791671875 0.559375 0.26614583281250004 0.56875 0.2619791671875 0.5875 0.2536458328125 0.58125 0.2619791671875 0.65 0.2744791671875 0.646875 0.290473790625 0.66875 0.4508680546875 0.66875
1 0.5796875 0.3941761359375 0.5536458328125 0.390625 0.4994791671875 0.425 0.47864583281249995 0.465625 0.5119791671875 0.5125 0.5453125 0.515625 0.5796875 0.5055989578125 0.5796875 0.3941761359375
1 0.5796875 0 0.5796875 0.37060263125000004 0.6340237281250001 0.34166610625 0.7174560999999999 0.2817801359375 0.7718684453125 0.12034868437499999 0.7428484171875 0.0422366546875 0.6781205781249999 0 0.5796875 0
1 0.5796875 0.534731490625 0.602796053125 0.5255208328125 0.648168103125 0.496875 0.6790210984375 0.4643229171875 0.704429446875 0.39791666718749996 0.704429446875 0.36666666718749996 0.6935401546875 0.3328125 0.6808359796875 0.3223958328125 0.6645020421875 0.31979166718749996 0.5991662890625 0.36796875 0.5796875 0.376568759375 0.5796875 0.534731490625
1 0.4214583328125 0.66875 0.403125 0.671875 0.3447916671875 0.721875 0.3572916671875 0.759375 0.390625 0.790625 0.465625 0.8125 0.5447916671875 0.775 0.5447916671875 0.76875 0.5003472234374999 0.66875 0.4214583328125 0.66875
1 0.5796875 0.66875 0.528125 0.66875 0.5197916671875 0.675 0.5364583328125 0.74375 0.578125 0.778125 0.5796875 0.7779575890625 0.5796875 0.66875
1 0.5796875 0.66875 0.5297916671875 0.66875 0.5197916671875 0.678125 0.528125 0.728125 0.578125 0.778125 0.5796875 0.778125 0.5796875 0.66875
1 0 1 0.250625 1 0.290625 0.9375 0.2947916671875 0.89375 0.2947916671875 0.88125 0.2614583328125 0.840625 0.203125 0.828125 0.128125 0.85 0.015625 0.85 0 0.8561383921875001 0 1
1 0 0.8252604171875 0.08645833281250001 0.846875 0.2364583328125 0.821875 0.25729166718749996 0.80625 0.265625 0.8125 0.290625 0.784375 0.290625 0.759375 0.2322916671875 0.70625 0.065625 0.684375 0 0.6953125 0 0.8252604171875
1 0.5796875 0.66875 0.5796875 0.815526471875 0.58674001875 0.819140625 0.6112409249999999 0.84453125 0.6493534484375 0.8484375 0.9106964609375 0.8015625 0.9243080765624999 0.787890625 0.9188634296875 0.725390625 0.9243080765624999 0.721484375 0.9243080765624999 0.670703125 0.9235302703125001 0.66875 0.5796875 0.66875
1 0.8137817609375 1 0.8453607078125 0.97734375 0.9079741374999999 0.944140625 0.8861955531250001 0.916796875 0.8045258625 0.850390625 0.7691356625 0.82890625 0.6656873859375 0.8484375 0.6112409249999999 0.8484375 0.5796875 0.8710754390625001 0.5796875 0.9322120671875 0.60307395625 0.963671875 0.64560753125 1 0.8137817609375 1