1 0.0903941765625 0.7296875 0.083984375 0.7197916671875 0.072265625 0.7145833328125 0.0609375 0.7296875 0.0903941765625 0.7296875
1 0.054808728125 0 0.01953125 0.050520832812500006 0.03515625 0.10260416718750001 0.03125 0.1390625 0.001953125 0.19375 0 0.19515224375 0 0.44947916718750003 0.09375 0.6286458328125 0.189453125 0.5479166671875 0.259765625 0.46458333281249997 0.291015625 0.44895833281249997 0.361328125 0.44895833281249997 0.3796875 0.4226658953125 0.3796875 0.148090278125 0.365234375 0.1416666671875 0.326171875 0.0895833328125 0.294921875 0.084375 0.298828125 0.06875 0.267578125 0.0635416671875 0.248046875 0.0375 0.23828125 0.050520832812500006 0.244140625 0.06875 0.212890625 0.0739583328125 0.2109375 0.050520832812500006 0.2265625 0.0296875 0.185546875 0.021875 0.175 0 0.054808728125 0
1 0.32921875 0.7296875 0.35546875 0.6546875 0.341796875 0.63125 0.228515625 0.5583333328125 0.169921875 0.584375 0.09765625 0.6703125 0.09375 0.6911458328125 0.10338541718750001 0.7296875 0.32921875 0.7296875
1 0.3718178359375 0.7296875 0.373046875 0.6625 0.349609375 0.6677083328125 0.33203125 0.7015625 0.327511159375 0.7296875 0.3718178359375 0.7296875
1 0.23046875 0.5401041671875 0.328125 0.6182291671875 0.375 0.5973958328125 0.37890625 0.5296875 0.353515625 0.46979166718750004 0.298828125 0.459375 0.240234375 0.50625 0.23046875 0.5401041671875
1 0 0.1859375 0.009765625 0.1833333328125 0.02734375 0.1546875 0.03515625 0.0921875 0.021484375 0.0427083328125 0 0.0646139703125 0 0.1859375
1 0.3796875 0 0.3796875 0.26779931874999996 0.45002197343750006 0.3352671328125 0.651841496875 0.43822526875 0.8506933562500001 0.26992821562499997 0.9960651390624999 0 0.3796875 0
1 1 0 0.9861575031250001 0 0.9208025093749999 0.146861559375 0.83324836875 0.3151586125 0.647752359375 0.43197659687499995 0.638848459375 0.5230549718749999 0.6803996109374999 0.5824539296875 1 0.5742692328125 1 0
1 0.651960009375 0.43781495625 0.44148088437500005 0.344858090625 0.41328535625 0.39633716093750004 0.3895420015625 0.38643733281250003 0.386573884375 0.5567143203125 0.500839609375 0.57057416875 0.6299447875 0.5230549718749999 0.651960009375 0.43781495625
0 0 0.7296875 0 1 0.29426043125 1 0.296570096875 0.9630188015625001 0.3570128328125 0.8649374421875 0.3078585 0.7296875 0 0.7296875
0 0.540966796875 0.7296875 0.530859375 0.7416666671875001 0.523046875 0.7911458328125 0.5328125 0.8640625 0.56796875 0.9916666671875 0.5731158078125 1 0.790625 1 0.790625 0.9447916671875 0.776953125 0.8119791671875 0.769140625 0.7859375 0.733544921875 0.7296875 0.540966796875 0.7296875
0 0.9691545749999999 1 0.97421875 0.9942708328125001 0.999609375 0.903125 0.98984375 0.8796875 0.917578125 0.8458333328125001 0.843359375 0.7963541671875001 0.788671875 0.809375 0.776953125 0.8302083328125001 0.784765625 0.9578125 0.7824504578125 1 0.9691545749999999 1
0 1 0.7296875 0.8082337453124999 0.7296875 0.811701284375 0.742575721875 0.8592701343750001 0.7995342703125 0.9409910015625 0.861374971875 1 0.90511513125 1 0.7296875