1 0.4796875 0 0.12672275625 0 0.13333333281249998 0.090234375 0.128125 0.125390625 0.1046875 0.15078125 0.14375 0.234765625 0.25052083281250004 0.26015625 0.3338541671875 0.25234375 0.4380208328125 0.1546875 0.4796875 0.1609375 0.4796875 0
1 0 0.409375 0.4796875 0.409375 0.4796875 0.38125 0.4223958328125 0.38515625 0.3703125 0.3578125 0.29739583281250004 0.36171875 0.2244791671875 0.271875 0.1619791671875 0.26796875 0 0.32505176874999997 0 0.409375
1 0.28958333281250004 0.409375 0.28958333281250004 0.355859375 0.2609375 0.33046875 0.0578125 0.334375 0.029166667187500002 0.351953125 0.0161458328125 0.38515625 0.0428699703125 0.409375 0.28958333281250004 0.409375
1 0.4796875 0.3154947890625 0.45104166718750005 0.215234375 0.3859375 0.2171875 0.36770833281250004 0.234765625 0.3703125 0.26015625 0.39375 0.293359375 0.39375 0.344140625 0.409375 0.367578125 0.4328125 0.38125 0.4692708328125 0.37734375 0.4796875 0.3351562515625 0.4796875 0.3154947890625
1 0.1385416671875 0.230859375 0.10729166718750001 0.160546875 0.0265625 0.1234375 0.0005208328124999999 0.14296875 0.0447916671875 0.246484375 0.07864583281250001 0.2640625 0.12552083281249998 0.25625 0.1385416671875 0.230859375
0 0.4796875 0.409375 0.7702489703125 0.409375 0.74609375 0.3664428703125 0.75 0.3450805671875 0.7910156234375 0.2916748046875 0.8300781234375 0.278857421875 0.8730468765625 0.2831298828125 0.8828125 0.2596313484375 0.8515625 0.2169067390625 0.8515625 0.1485473640625 0.8378906234375 0.15068359375 0.82421875 0.1357299796875 0.8125 0.1015502921875 0.7890625 0.0844604484375 0.7890625 0.0588256828125 0.77734375 0.0545532234375 0.7597656234375 0.0182373046875 0.7011718765625 0.005419921875 0.6269531234375 0.039599609375 0.5839843765625 0.01396484375 0.5566406234375 0.0096923828125 0.5234375 0.0331909171875 0.49609375 0.09727783281249999 0.4796875 0.10496826249999999 0.4796875 0.409375
0 0.5924994140625 0.409375 0.6308593765625 0.3429443359375 0.6582031234375 0.3343994140625 0.66796875 0.3408081046875 0.6640625 0.3707153328125 0.6347656234375 0.3728515625 0.6347656234375 0.3942138671875 0.6621093765625 0.3856689453125 0.6660156234375 0.398486328125 0.6816406234375 0.398486328125 0.6894531234375 0.3856689453125 0.7011718765625 0.4027587890625 0.7167968765625 0.4027587890625 0.7363281234375 0.3942138671875 0.7421875 0.3792602546875 0.6894531234375 0.3728515625 0.6738281234375 0.347216796875 0.7089843765625 0.347216796875 0.7363281234375 0.3600341796875 0.7949218765625 0.2916748046875 0.8105468765625 0.2831298828125 0.8652343765625 0.28740234375 0.8828125 0.2767211921875 0.8828125 0.2553588859375 0.85546875 0.2254516609375 0.84765625 0.1869995109375 0.8359375 0.1784545890625 0.8203125 0.1314575203125 0.78515625 0.09727783281249999 0.76953125 0.0331909171875 0.7167968765625 0.0011474609375 0.6308593765625 0.039599609375 0.5761718765625 0.0096923828125 0.5449218765625 0.01396484375 0.5234375 0.0331909171875 0.49609375 0.09727783281249999 0.4796875 0.10555983437500001 0.4796875 0.300860596875 0.4941406234375 0.3087646484375 0.5078125 0.3322631828125 0.50390625 0.3536254890625 0.49609375 0.3536254890625 0.5 0.3792602546875 0.5253308046875 0.409375 0.5924994140625 0.409375
0 1 0 0.8779377468749999 0 0.8769531234375 0.0096923828125 0.9042968765625 0.005419921875 0.9941406234375 0.04814453125 1 0.039904784375 1 0
0 1 0.1549560546875 0.9941406234375 0.1549560546875 0.9316406234375 0.142138671875 0.9121093765625 0.1677734375 0.8886718765625 0.159228515625 0.8828125 0.1656372078125 0.8828125 0.1827270515625 0.90234375 0.1869995109375 0.8769531234375 0.210498046875 0.8691406234375 0.1976806640625 0.8613281234375 0.201953125 0.8671875 0.2297241203125 0.890625 0.2553588859375 0.88671875 0.2809936515625 0.9316406234375 0.3044921875 1 0.3894559015625 1 0.1549560546875
0 0 1 0.443364196875 1 0.3885416671875 0.920703125 0.3572916671875 0.897265625 0.315625 0.819140625 0.2036458328125 0.7546875 0.1203125 0.76640625 0 0.8122175484374999 0 1
0 0 0.7982736890625001 0.0395833328125 0.780078125 0.0395833328125 0.760546875 0.0161458328125 0.74296875 0 0.74296875 0 0.7982736890625001
0 0 0.8002343749999999 0.0447916671875 0.780078125 0.0447916671875 0.760546875 0.021354167187500002 0.74296875 0 0.74296875 0 0.8002343749999999
0 0 0.63227370625 0.11510416718750001 0.715625 0.15677083281249998 0.71953125 0.175 0.709765625 0.1854166671875 0.619921875 0.1307291671875 0.57890625 0.0734375 0.559375 0 0.49457720624999996 0 0.63227370625
0 0 0.7439707875 0.055208332812500004 0.709765625 0.055208332812500004 0.686328125 0 0.6486024312499999 0 0.7439707875
0 0.0317708328125 0.528125 0.0734375 0.559375 0.13333333281249998 0.573046875 0.128125 0.545703125 0.0734375 0.496875 0.0369791671875 0.50859375 0.0317708328125 0.528125
0 0.4796875 0.409375 0.461451740625 0.409375 0.3572916671875 0.510546875 0.19583333281249998 0.600390625 0.1828125 0.71953125 0.39114583281250004 0.83671875 0.4796875 0.8664870687499999 0.4796875 0.409375
0 0.4796875 0.409375 0.464866825 0.409375 0.3572916671875 0.510546875 0.19583333281249998 0.600390625 0.1828125 0.71953125 0.37552083281250004 0.82890625 0.4796875 0.86670866875 0.4796875 0.409375
0 0.1227247796875 0.409375 0.2036458328125 0.4734375 0.29739583281250004 0.52421875 0.3416666671875 0.506640625 0.346875 0.463671875 0.32083333281250004 0.424609375 0.32083333281250004 0.409375 0.1227247796875 0.409375
0 0.4796875 0.8754557296875 0.3807291671875 0.84453125 0.3546875 0.8484375 0.3546875 0.86015625 0.39114583281250004 0.903125 0.4796875 0.9400173609374999 0.4796875 0.8754557296875
0 0.4796875 1 0.4796875 0.947209821875 0.4536458328125 0.95 0.4380208328125 0.98125 0.45552083281250005 1 0.4796875 1
0 0.3382523140625 0.409375 0.3390625 0.41484375 0.3807291671875 0.43828125 0.425 0.424609375 0.41281249999999997 0.409375 0.3382523140625 0.409375
0 1 0.46484375 0.9823417656250001 0.46484375 0.9224506578125 0.48046875 0.9088390421875001 0.490234375 0.8816158125000001 0.533203125 0.876171165625 0.560546875 0.85439258125 0.603515625 0.8516702593750001 0.62890625 0.85439258125 0.638671875 0.9006720734375001 0.6640625 0.9823417656250001 0.69140625 1 0.695025925 1 0.46484375
0 1 0.6976049515625 0.9605631812500001 0.6875 0.9224506578125 0.671875 0.8897827812500001 0.66796875 0.8108354125 0.732421875 0.7999461203125 0.751953125 0.80266844375 0.76171875 0.8108354125 0.783203125 0.8380586437499999 0.814453125 0.9496738890625 0.89453125 1 0.9198057046875 1 0.6976049515625
0 0.4796875 0.7020317921875 0.5032129078125 0.69921875 0.5494924 0.654296875 0.614828153125 0.568359375 0.6257174453125 0.537109375 0.6257174453125 0.494140625 0.6366067375 0.474609375 0.6202728000000001 0.451171875 0.5848826 0.43359375 0.55765936875 0.4296875 0.5249914921875 0.453125 0.4796875 0.47208523125 0.4796875 0.7020317921875
0 0.7645559203125 0.6875 0.8244470281249999 0.6640625 0.8489479359375001 0.642578125 0.85439258125 0.587890625 0.8380586437499999 0.552734375 0.8190023828124999 0.5390625 0.737332690625 0.515625 0.6828862296875 0.53125 0.6474960296875001 0.548828125 0.6311620921875 0.572265625 0.6338844140625 0.6015625 0.6474960296875001 0.650390625 0.6692746140625 0.689453125 0.6828862296875 0.69921875 0.7645559203125 0.6875
0 0.9641929453125 1 0.9959533796875 0.951171875 0.9959533796875 0.935546875 0.9687301500000001 0.908203125 0.9333399499999999 0.890625 0.8271693515624999 0.806640625 0.7999461203125 0.767578125 0.7999461203125 0.740234375 0.8162800593749999 0.724609375 0.8217247046875 0.708984375 0.797223796875 0.69921875 0.7209987515625 0.69921875 0.6992201671875 0.703125 0.68016390625 0.716796875 0.66382996875 0.740234375 0.66382996875 0.751953125 0.6257174453125 0.830078125 0.6257174453125 0.849609375 0.614828153125 0.873046875 0.614828153125 0.904296875 0.6039388609375 0.923828125 0.6066611843749999 0.9375 0.6229951218750001 0.953125 0.6774415828125 0.97265625 0.6992201671875 0.97265625 0.7645559203125 0.9453125 0.780889859375 0.9453125 0.8162800593749999 0.966796875 0.8545109437499999 1 0.9641929453125 1
0 0.4796875 0.9828640406249999 0.492323615625 0.984375 0.54132543125 1 0.563104015625 0.99609375 0.5930495687499999 0.958984375 0.6039388609375 0.892578125 0.563104015625 0.859375 0.54132543125 0.8515625 0.4796875 0.845856434375 0.4796875 0.9828640406249999
0 0.4796875 0.842226834375 0.519546846875 0.83984375 0.6012165375 0.87109375 0.6202728000000001 0.849609375 0.6257174453125 0.814453125 0.6529406765625 0.767578125 0.6529406765625 0.755859375 0.6692746140625 0.728515625 0.6692746140625 0.712890625 0.650218353125 0.69921875 0.5685486609375 0.6796875 0.535880784375 0.6796875 0.5141022 0.69921875 0.492323615625 0.70703125 0.4796875 0.705520290625 0.4796875 0.842226834375