1 0.3890625 0.159375 0.396875 0.18020833281249998 0.37734375 0.2166666671875 0.441796875 0.28177083281250004 0.4828125 0.2791666671875 0.562890625 0.2401041671875 0.61171875 0.1854166671875 0.62734375 0.13333333281249998 0.601953125 0.0734375 0.574609375 0.0682291671875 0.543359375 0.1203125 0.519921875 0.1203125 0.51015625 0.08125 0.500390625 0.0682291671875 0.480859375 0.0682291671875 0.47890625 0.029166667187500002 0.465234375 0.0265625 0.43203125 0.0760416671875 0.43203125 0.1020833328125 0.4515625 0.1177083328125 0.430078125 0.1307291671875 0.39296875 0.12291666718750001 0.3890625 0.159375
0 0.6390625 0 0.6390625 0.134375 0.678515625 0.134375 0.73515625 0.0536458328125 0.73125 0.0015625 0.73046875 0 0.6390625 0
1 0.053108015625000005 0.4390625 0.02890625 0.48854166718750003 0.02890625 0.525 0.0875 0.68125 0.206640625 0.8609375 0.257421875 0.8765625 0.312109375 0.8557291671874999 0.38046875 0.8895833328125 0.499609375 0.8661458328125 0.509375 0.853125 0.50546875 0.7541666671874999 0.5796875 0.7020833328125 0.52890625 0.634375 0.509375 0.4390625 0.053108015625000005 0.4390625
1 0 1 0.3211759875 1 0.34140625 0.9572916671874999 0.304296875 0.9494791671874999 0.202734375 0.8713541671874999 0.16171875 0.8270833328125 0.108984375 0.7307291671874999 0.034765625 0.7098958328125 0.01328125 0.7333333328125 0 0.7864583328125001 0 1
1 0.6390625 0.4390625 0.52890625 0.4390625 0.52890625 0.61875 0.546484375 0.6578125 0.59140625 0.665625 0.6390625 0.6593954249999999 0.6390625 0.4390625
1 0.6390625 1 0.6390625 0.6770833328125001 0.632421875 0.6786458328125 0.51328125 0.7645833328125 0.52890625 0.9 0.56015625 0.978125 0.5899857953125001 1 0.6390625 1
1 0.6390625 0.4390625 0.6390625 0.7474449859375 0.64921875 0.7368279265625001 0.715625 0.6224903578125 0.7234375 0.6007117734375 0.7234375 0.5843778359374999 0.715625 0.568043896875 0.71953125 0.5408206671875 0.75078125 0.48637420625 0.78203125 0.4537063296875 0.78203125 0.4390625 0.6390625 0.4390625
1 1 0.4390625 0.8677533640625 0.4390625 0.88359375 0.48637420625 0.897265625 0.5054304671875001 0.963671875 0.52176440625 0.996875 0.5190420828125 1 0.5175157203125 1 0.4390625
1 1 0.5745774734375 0.99296875 0.5843778359374999 0.9734375 0.63337965 0.95390625 0.769495803125 0.96171875 0.7967190328125 0.998828125 0.8321092328125002 1 0.832554703125 1 0.5745774734375
1 0.996875 0.57348854375 0.994921875 0.543542990625 0.948046875 0.52176440625 0.916796875 0.5272090515625 0.881640625 0.559876928125 0.840625 0.611601065625 0.7859375 0.698715403125 0.78984375 0.7204939875 0.842578125 0.777662771875 0.905078125 0.8266645875 0.93046875 0.8293869109375 0.95390625 0.7967190328125 0.95390625 0.7531618640625 0.96953125 0.6442689421875001 0.996875 0.57348854375
1 0.6390625 1 0.9090980046875 1 0.826953125 0.9301128625 0.80546875 0.900167309375 0.8015625 0.878388725 0.780078125 0.8484431718749998 0.744921875 0.8157752953124999 0.729296875 0.8103306484375 0.7 0.8511654953125 0.6390625 0.994495803125 0.6390625 1
1 0.6390625 1 0.6396941093749999 1 0.7 0.8566101406249998 0.701953125 0.8266645875 0.694140625 0.8266645875 0.66484375 0.8674994328124999 0.6390625 0.9184068734374999 0.6390625 1
1 0.830859375 0.6143233890625 0.791796875 0.6415466203125 0.764453125 0.6415466203125 0.705859375 0.7068823734375 0.68828125 0.7368279265625001 0.68828125 0.74771721875 0.717578125 0.7885520640625 0.780078125 0.8484431718749998 0.79765625 0.8566101406249998 0.81328125 0.7531618640625 0.7859375 0.7150493421874999 0.7859375 0.698715403125 0.82890625 0.6279350046875 0.830859375 0.6143233890625
1 0.72734375 0.529931375 0.71953125 0.5462653125 0.71953125 0.568043896875 0.764453125 0.6361019734375 0.8015625 0.63337965 0.862109375 0.5816555125 0.89140625 0.5408206671875 0.866015625 0.5272090515625 0.803515625 0.46187329843749997 0.780078125 0.46187329843749997 0.752734375 0.48909652968749995 0.72734375 0.529931375