1 0 0.3018087640625 0.0151041671875 0.3015625 0.0880208328125 0.3171875 0.153125 0.303515625 0.1765625 0.3171875 0.2052083328125 0.260546875 0.2416666671875 0.225390625 0.25729166718749996 0.178515625 0.2494791671875 0.135546875 0.215625 0.104296875 0.1765625 0.09453125 0.0229166671875 0.088671875 0 0.102421875 0 0.3018087640625
1 0.5390625 0.115336834375 0.42395833281249995 0.123828125 0.3770833328125 0.139453125 0.37447916718749996 0.190234375 0.40052083281249995 0.244921875 0.434375 0.280078125 0.48125 0.309375 0.5390625 0.3169157609375 0.5390625 0.115336834375
1 0.3995993578125 0.6 0.41614583281249995 0.576953125 0.403125 0.5359375 0.309375 0.451953125 0.246875 0.43046875 0.2078125 0.43046875 0.1765625 0.448046875 0.15572916718750002 0.506640625 0.15572916718750002 0.6 0.3995993578125 0.6
1 0 0.6 0.154583334375 0.6 0.1505208328125 0.50859375 0.028125 0.4734375 0 0.47745535781250004 0 0.6
1 0.5390625 0 0.363020834375 0 0.3484375 0.0125 0.34322916718749996 0.10625 0.35625 0.121875 0.3875 0.1296875 0.5390625 0.115478515625 0.5390625 0
1 0.5390625 0.30879755468750003 0.496875 0.307421875 0.4734375 0.323046875 0.46302083281249995 0.340625 0.4604166671875 0.428515625 0.47083333281249995 0.4578125 0.5072916671875001 0.502734375 0.528125 0.506640625 0.5390625 0.5050848593749999 0.5390625 0.30879755468750003
1 0.5592870671875 0 0.5614583328125 0.125390625 0.571875 0.148828125 0.5901041671875 0.1625 0.6161458328125 0.1625 0.68125 0.098046875 0.7411458328125 0.06875 0.7489583328125 0.055078125 0.7072916671875 0.004296875 0.7015625 0 0.5592870671875 0
1 1 0.095703125 0.9885416671874999 0.078515625 0.9651041671874999 0.0609375 0.8348958328125 0.0296875 0.7151041671875 0.08046875 0.65 0.133203125 0.6005208328125 0.2015625 0.5979166671875 0.219140625 0.6239583328125 0.250390625 0.6942708328125 0.2875 0.7307291671875 0.31875 0.7776041671874999 0.33046875 0.8609375 0.32265625 0.9338541671874999 0.33828125 0.9651041671874999 0.33046875 0.9885416671874999 0.308984375 1 0.281484375 1 0.095703125
1 0.5588541671875 0.1390625 0.5536458328125 0.15078125 0.5510416671875 0.230859375 0.5588541671875 0.24453125 0.5744791671875 0.24453125 0.5927083328125 0.226953125 0.5979166671875 0.183984375 0.5875 0.160546875 0.5588541671875 0.1390625
1 0.6109375 0.25234375 0.5588541671875 0.25234375 0.55625 0.469140625 0.6317708328125 0.475 0.6864583328125 0.449609375 0.7020833328125 0.410546875 0.74375 0.351953125 0.7072916671875 0.305078125 0.6578125 0.271875 0.6109375 0.25234375
1 1 0.450167409375 0.9625 0.359765625 0.9494791671874999 0.35 0.8817708328125 0.334375 0.8348958328125 0.33046875 0.7619791671874999 0.3578125 0.7072916671875 0.410546875 0.6890625 0.46328125 0.6864583328125 0.480859375 0.7125 0.543359375 0.7742897734375 0.6 0.9343276515625 0.6 0.9598958328125 0.58828125 0.9963541671874999 0.58046875 1 0.5762760421875 1 0.450167409375
1 0.7532986109375 0.6 0.74375 0.578515625 0.7125 0.558984375 0.6916666671875 0.500390625 0.6734375 0.4828125 0.6057291671875 0.490625 0.5875 0.500390625 0.5588541671875 0.58046875 0.5585069453125 0.6 0.7532986109375 0.6
1 0.4265625 0.8828125 0.47239583281249997 0.8703125 0.4682291671875 0.8671875 0.4515625 0.7359375 0.44322916718750005 0.7609375 0.4223958328125 0.7359375 0.4057291671875 0.7390625 0.4223958328125 0.7171875 0.3848958328125 0.7078125 0.4015625 0.6921875 0.3890625 0.6859375 0.3515625 0.6984375 0.3140625 0.6921875 0.2932291671875 0.7546875 0.2557291671875 0.7921875 0.2598958328125 0.8109375 0.3348958328125 0.8796875 0.4265625 0.8828125
1 0.5390625 0.7103125 0.5307291671875001 0.7078125 0.5182291671875 0.7140625 0.5057291671875 0.6984375 0.4848958328125 0.7265625 0.49322916718750004 0.8578125 0.5390625 0.8578125 0.5390625 0.7103125
1 0 0.8435431984375 0.1057291671875 0.8015625 0.1223958328125 0.7578125 0.1223958328125 0.7421875 0.1015625 0.6671875 0.0515625 0.6453125 0 0.6384880515625 0 0.8435431984375
1 0 1 0.27777777812500004 1 0.2890625 0.8984375 0.2890625 0.8796875 0.2390625 0.8234375 0.1307291671875 0.8109375 0.0140625 0.8671875 0 0.869921875 0 1
1 0.49135416718749997 1 0.4765625 0.8890625 0.3265625 0.8859375 0.29739583281250004 0.9171875 0.29463541718749997 1 0.49135416718749997 1
1 0.2640625 0.7578125 0.2848958328125 0.7109375 0.2848958328125 0.7046875 0.28072916718749996 0.6890625 0.24739583281250002 0.6734375 0.1390625 0.6765625 0.1390625 0.7765625 0.1682291671875 0.7953125 0.22239583281250003 0.7921875 0.2640625 0.7578125
1 0.6195023140625 0.6 0.6171875 0.603125 0.6630208328125 0.628125 0.8921875 0.65 0.9213541671875 0.6625 0.9546875 0.603125 0.9550446421875 0.6 0.6195023140625 0.6
1 0.9005208328125001 0.775 0.9130208328125 0.74375 0.9130208328125 0.7375 0.9088541671874999 0.675 0.8671875 0.659375 0.8005208328125001 0.659375 0.7296875 0.6375 0.6630208328125 0.646875 0.6588541671875 0.6375 0.6088541671875001 0.678125 0.6005208328125 0.728125 0.6171875 0.759375 0.6671875 0.79375 0.7046875 0.796875 0.7713541671874999 0.828125 0.8588541671875 0.803125 0.9005208328125001 0.775
1 0.9121874999999999 1 0.9046875 0.971875 0.8713541671874999 0.9375 0.8213541671875 0.925 0.7296875 0.93125 0.6255208328124999 0.9625 0.5838541671875 0.990625 0.5824255953125 1 0.9121874999999999 1
1 1 1 1 0.911807528125 0.9505208328125001 0.9 0.9088541671874999 0.909375 0.8880208328125001 0.934375 0.9205208328125 1 1 1
1 0.5390625 0.9701171875 0.5546875 0.975 0.5921875 0.9625 0.6005208328125 0.946875 0.6005208328125 0.9375 0.5713541671875 0.8875 0.5390625 0.8608593750000001 0.5390625 0.9701171875
1 0.5390625 0.8537434906250001 0.6255208328124999 0.9375 0.6588541671875 0.934375 0.6671875 0.921875 0.6880208328124999 0.934375 0.7421875 0.9125 0.7505208328125 0.896875 0.7380208328125 0.8875 0.7671875 0.859375 0.7671875 0.834375 0.7588541671875 0.840625 0.7005208328125 0.803125 0.5963541671875 0.771875 0.5390625 0.8274816171874999 0.5390625 0.8537434906250001
1 0.9171875 0.878125 0.9255208328125001 0.821875 0.9255208328125001 0.80625 0.9088541671874999 0.778125 0.8380208328125001 0.81875 0.7880208328125 0.83125 0.7588541671875 0.9125 0.8796875 0.9125 0.9171875 0.878125
1 1 0.7341796875 0.9838541671875 0.728125 0.9380208328125 0.809375 0.9338541671874999 0.85625 0.9505208328125001 0.878125 1 0.8973668984375 1 0.7341796875