1 0.771484375 0.125 0.685546875 0.15625 0.62109375 0.2786458328125 0.578125 0.3203125 0.54296875 0.3932291671875 0.57421875 0.5130208328125 0.57421875 0.6796875 0.615234375 0.703125 0.658203125 0.75 0.6796875 0.7473958328125 0.787109375 0.7083333328125 0.80859375 0.6588541671875 0.921875 0.5078125 0.9296875 0.4869791671875 0.921875 0.4244791671875 0.8984375 0.3567708328125 0.89453125 0.2734375 0.87890625 0.1848958328125 0.818359375 0.125 0.771484375 0.125
1 0 0.9069602265625001 0.013671875 0.921875 0.111328125 0.96875 0.21484375 0.9713541671874999 0.29296875 0.8619791671874999 0.3125 0.8203125 0.31640625 0.6953125 0.279296875 0.625 0.166015625 0.6197916671875 0.099609375 0.6354166671875 0 0.6105143234375 0 0.9069602265625001
1 0.3896484375 1 0.39453125 0.9869791671874999 0.4609375 0.9192708328125001 0.439453125 0.8802083328125001 0.400390625 0.8802083328125001 0.361328125 0.84375 0.333984375 0.8489583328125001 0.318359375 0.8333333328125001 0.2265625 0.9713541671874999 0.19921875 0.9973958328125001 0.198958334375 1 0.3896484375 1
1 0.689041940625 1 0.638671875 0.921875 0.591796875 0.90625 0.498046875 0.8958333328125001 0.431640625 0.9479166671874999 0.3984375 0.9869791671874999 0.3931587828125 1 0.689041940625 1
1 0.973460478125 1 0.958984375 0.984375 0.927734375 0.984375 0.865234375 0.953125 0.830078125 0.953125 0.787109375 0.9791666671874999 0.7739843750000001 1 0.973460478125 1
1 0.671875 0.8723958328125001 0.681640625 0.8958333328125001 0.716796875 0.90625 0.759765625 0.96875 0.78125 0.9661458328125001 0.83203125 0.9401041671874999 0.8203125 0.8671875 0.82421875 0.7994791671875 0.81640625 0.7682291671875 0.791015625 0.7447916671875 0.728515625 0.7395833328125 0.697265625 0.7604166671875 0.6796875 0.7890625 0.66796875 0.8359375 0.671875 0.8723958328125001
1 0.353515625 0.8385416671874999 0.373046875 0.84375 0.404296875 0.875 0.46484375 0.8828125 0.48828125 0.8567708328125001 0.53125 0.7473958328125 0.53125 0.7213541671875 0.498046875 0.6822916671875 0.408203125 0.6302083328125 0.384765625 0.625 0.345703125 0.6354166671875 0.31640625 0.6848958328125 0.328125 0.8046875 0.353515625 0.8385416671874999
1 0.66796875 0.8723958328125001 0.6640625 0.7682291671875 0.599609375 0.6979166671875 0.556640625 0.6979166671875 0.5390625 0.7213541671875 0.53515625 0.7526041671875 0.48046875 0.8932291671874999 0.521484375 0.890625 0.64453125 0.9140625 0.66796875 0.8723958328125001
1 0.392578125 0.6197916671875 0.52734375 0.7005208328125 0.546875 0.6796875 0.5703125 0.6119791671875 0.56640625 0.4817708328125 0.546875 0.4088541671875 0.513671875 0.3697916671875 0.498046875 0.359375 0.447265625 0.3645833328125 0.37890625 0.5078125 0.375 0.5963541671875 0.392578125 0.6197916671875
1 0.337890625 0.22395833281250002 0.318359375 0.22395833281250002 0.302734375 0.2552083328125 0.279296875 0.2708333328125 0.220703125 0.28125 0.203125 0.2994791671875 0.203125 0.3098958328125 0.234375 0.3411458328125 0.2421875 0.4192708328125 0.28125 0.5442708328125 0.26953125 0.6119791671875 0.3125 0.6484375 0.330078125 0.6458333328125 0.375 0.6119791671875 0.37109375 0.5442708328125 0.3828125 0.4869791671875 0.42578125 0.4088541671875 0.4453125 0.3515625 0.435546875 0.3072916671875 0.412109375 0.2916666671875 0.392578125 0.2604166671875 0.337890625 0.22395833281250002
1 0 0.5975233859375 0.080078125 0.6302083328125 0.1328125 0.6276041671875 0.220703125 0.6197916671875 0.265625 0.6015625 0.28125 0.5546875 0.2421875 0.4296875 0.23046875 0.3359375 0.177734375 0.2916666671875 0.150390625 0.2864583328125 0.009765625 0.296875 0 0.3133680546875 0 0.5975233859375
1 0.51953125 0.22135416718749998 0.544921875 0.2552083328125 0.576171875 0.2916666671875 0.59375 0.2890625 0.677734375 0.1510416671875 0.76171875 0.1223958328125 0.7421875 0.0703125 0.7421875 0.0182291671875 0.732421875 0.0052083328125 0.552734375 0 0.54296875 0.013020832812499999 0.5078125 0.1223958328125 0.5078125 0.1848958328125 0.51953125 0.22135416718749998
1 0.5390625 0.3776041671875 0.55859375 0.3463541671875 0.5703125 0.3046875 0.521484375 0.22916666718749998 0.490234375 0.21875 0.44140625 0.2838541671875 0.44921875 0.3411458328125 0.462890625 0.359375 0.505859375 0.359375 0.529296875 0.3802083328125 0.5390625 0.3776041671875
1 1 0.21614583281250002 0.951171875 0.1614583328125 0.888671875 0.1770833328125 0.87890625 0.1953125 0.89453125 0.2630208328125 0.8984375 0.3463541671875 0.92578125 0.4401041671875 0.9375 0.4557291671875 1 0.4192708328125 1 0.21614583281250002
1 0.787109375 0 0.75 0.0390625 0.75 0.06510416718749999 0.779296875 0.1197916671875 0.814453125 0.1197916671875 0.876953125 0.171875 0.90625 0.1692708328125 0.931640625 0.15625 0.966796875 0.15625 0.984375 0.1432291671875 1 0.09114583281250001 0.998046875 0 0.787109375 0
1 1 0.4401041671875 0.990234375 0.4375 0.970703125 0.453125 0.873046875 0.59375 0.85546875 0.6067708328125 0.81640625 0.6640625 0.8046875 0.6953125 0.828125 0.7890625 0.828125 0.8828125 0.8359375 0.9036458328125001 0.892578125 0.9583333328125001 0.962890625 0.9791666671874999 0.982421875 1 1 1 1 0.4401041671875
1 0.1728515625 1 0.171875 0.9973958328125001 0.162109375 0.984375 0.107421875 0.9739583328125001 0.025390625 0.9375 0 0.9205729171874999 0 1 0.1728515625 1
1 0.298828125 0 0.296875 0.0182291671875 0.31640625 0.0494791671875 0.3359375 0.1119791671875 0.3359375 0.2109375 0.408203125 0.2708333328125 0.43359375 0.2734375 0.486328125 0.21875 0.5078125 0.2109375 0.5078125 0.1119791671875 0.5390625 0.0078125 0.533203125 0 0.298828125 0
1 0 0.2623697921875 0.041015625 0.2760416671875 0.23046875 0.2734375 0.259765625 0.2708333328125 0.294921875 0.25 0.32421875 0.1848958328125 0.33203125 0.1484375 0.32421875 0.08072916718749999 0.3046875 0.0338541671875 0.279296875 0 0 0.002177753125 0 0.2623697921875