1 1 0.6105143234375 0.974609375 0.6041666671875 0.947265625 0.6145833328125 0.93359375 0.6328125 0.9140625 0.7369791671875 0.9140625 0.8203125 0.927734375 0.8541666671874999 0.943359375 0.8697916671874999 0.970703125 0.875 1 0.9069602265625001 1 0.6105143234375
1 1 0.3133680546875 0.98046875 0.3463541671875 0.9609375 0.4505208328125 0.9609375 0.4869791671875 0.984375 0.5651041671875 0.984375 0.5911458328125 1 0.5975233859375 1 0.3133680546875
1 1 0.9205729171874999 0.916015625 0.8645833328125001 0.869140625 0.875 0.833984375 0.8697916671874999 0.818359375 0.8854166671874999 0.775390625 0.9010416671874999 0.75390625 0.9401041671874999 0.7406939343750001 1 1 1 1 0.9205729171874999
1 1 0.002177753125 0.9453125 0.0026041671875 0.93359375 0.0390625 0.9296875 0.1119791671875 0.953125 0.1484375 0.953125 0.1640625 0.984375 0.22135416718749998 0.994140625 0.2604166671875 1 0.2623697921875 1 0.002177753125
1 0.7130126953125 1 0.70703125 0.9817708328125001 0.689453125 0.9635416671874999 0.615234375 0.9427083328125001 0.560546875 0.8958333328125001 0.517578125 0.8802083328125001 0.46875 0.9401041671874999 0.44921875 0.9869791671874999 0.43798828125 1 0.7130126953125 1
1 0.642578125 0.9479166671874999 0.681640625 0.953125 0.705078125 0.96875 0.72265625 0.9661458328125001 0.76171875 0.9140625 0.7734375 0.8776041671874999 0.705078125 0.7447916671875 0.634765625 0.7552083328125 0.580078125 0.8020833328125001 0.55859375 0.8359375 0.5546875 0.8515625 0.56640625 0.8932291671874999 0.595703125 0.921875 0.642578125 0.9479166671874999
1 0.96875 0.2786458328125 0.953125 0.1848958328125 0.919921875 0.125 0.841796875 0.06770833281250001 0.802734375 0.0625 0.759765625 0.08333333281250001 0.671875 0.1692708328125 0.62890625 0.3307291671875 0.62890625 0.3880208328125 0.640625 0.4453125 0.66015625 0.4921875 0.72265625 0.5963541671875 0.7109375 0.6276041671875 0.7109375 0.7317708328125 0.71875 0.7682291671875 0.7421875 0.8098958328125001 0.771484375 0.8385416671874999 0.859375 0.8567708328125001 0.880859375 0.8489583328125001 0.8984375 0.8255208328125001 0.90625 0.7994791671875 0.91015625 0.7109375 0.9296875 0.6276041671875 0.96484375 0.5807291671875 0.9609375 0.5130208328125 0.9375 0.4713541671875 0.95703125 0.4296875 0.96875 0.2786458328125
1 0.927734375 0 0.8125 0.0026041671875 0.80859375 0.0494791671875 0.814453125 0.05729166718749999 0.853515625 0.06770833281250001 0.873046875 0.08854166718749999 0.921875 0.09114583281250001 0.93359375 0.0286458328125 0.927734375 0
1 0.642578125 0.1458333328125 0.68359375 0.1432291671875 0.712890625 0.1302083328125 0.744140625 0.08854166718749999 0.783203125 0.0625 0.79296875 0.0442708328125 0.796875 0.0026041671875 0.580078125 0 0.57421875 0.0078125 0.5703125 0.06510416718749999 0.595703125 0.1145833328125 0.642578125 0.1458333328125
1 0.294921875 0.2552083328125 0.33984375 0.2578125 0.412109375 0.24479166718749998 0.43359375 0.1692708328125 0.4140625 0.09635416718749999 0.390625 0.0442708328125 0.390625 0.013020832812499999 0.376953125 0 0.30859375 0.0026041671875 0.2734375 0.1328125 0.2421875 0.1901041671875 0.294921875 0.2552083328125
1 0.486328125 0.1458333328125 0.462890625 0.1614583328125 0.4296875 0.22135416718749998 0.4453125 0.2942708328125 0.474609375 0.359375 0.521484375 0.375 0.55078125 0.3723958328125 0.564453125 0.3541666671875 0.587890625 0.3489583328125 0.625 0.3203125 0.65234375 0.22135416718749998 0.65234375 0.1901041671875 0.6328125 0.1484375 0.591796875 0.1145833328125 0.556640625 0.1145833328125 0.505859375 0.1458333328125 0.486328125 0.1458333328125
1 0.404296875 0 0.3984375 0.0078125 0.40625 0.07552083281250001 0.4296875 0.1276041671875 0.447265625 0.1458333328125 0.47265625 0.1484375 0.505859375 0.140625 0.5703125 0.1015625 0.568359375 0 0.404296875 0
1 0.306640625 0.5885416671875 0.357421875 0.6302083328125 0.3671875 0.6276041671875 0.3828125 0.6015625 0.38671875 0.5442708328125 0.37890625 0.5182291671875 0.357421875 0.4947916671875 0.318359375 0.484375 0.283203125 0.4427083328125 0.263671875 0.484375 0.21484375 0.5026041671875 0.248046875 0.5989583328125 0.306640625 0.5885416671875
1 0.314453125 0.4739583328125 0.349609375 0.484375 0.376953125 0.5104166671875 0.390625 0.5078125 0.3984375 0.4817708328125 0.4453125 0.4088541671875 0.4609375 0.3723958328125 0.4609375 0.3463541671875 0.423828125 0.265625 0.345703125 0.2604166671875 0.32421875 0.2838541671875 0.30859375 0.3307291671875 0.29296875 0.4401041671875 0.314453125 0.4739583328125
1 0 0.2734375 0.048828125 0.296875 0.08203125 0.2994791671875 0.146484375 0.28125 0.208984375 0.22395833281250002 0.2578125 0.1588541671875 0.29296875 0.06510416718749999 0.3046875 0.0234375 0.302734375 0 0 0.0026041671875 0 0.2734375
1 0.03125 0.9609375 0.087890625 0.9375 0.10546875 0.9192708328125001 0.125 0.8203125 0.125 0.7838541671875 0.11328125 0.7265625 0.099609375 0.703125 0.052734375 0.6614583328125 0.001953125 0.6458333328125 0 0.9609375 0.03125 0.9609375
1 0.095703125 0.4427083328125 0.001953125 0.4427083328125 0 0.6432291671875 0.072265625 0.671875 0.109375 0.7109375 0.119140625 0.7395833328125 0.13671875 0.7369791671875 0.19921875 0.6588541671875 0.212890625 0.6302083328125 0.23828125 0.6067708328125 0.2421875 0.5911458328125 0.22265625 0.5338541671875 0.201171875 0.515625 0.185546875 0.484375 0.169921875 0.4739583328125 0.130859375 0.4739583328125 0.095703125 0.4427083328125
1 0.001953125 0.2760416671875 0 0.4296875 0.0546875 0.4348958328125 0.06640625 0.4140625 0.046875 0.3723958328125 0.05078125 0.2994791671875 0.001953125 0.2760416671875
1 0.126953125 0.4635416671875 0.173828125 0.46875 0.201171875 0.4895833328125 0.24609375 0.4869791671875 0.26953125 0.4713541671875 0.3046875 0.3359375 0.296875 0.2630208328125 0.267578125 0.22916666718749998 0.228515625 0.203125 0.142578125 0.2864583328125 0.05078125 0.3098958328125 0.05078125 0.3723958328125 0.080078125 0.4322916671875 0.126953125 0.4635416671875
1 0.020554315625 1 0.001953125 0.9791666671874999 0.001812359375 1 0.020554315625 1
1 0.197265625 1 0.111328125 0.9270833328125001 0.025390625 0.96875 0.01953125 0.9869791671874999 0.029296875 1 0.197265625 1
1 0.42338590781249996 1 0.46484375 0.9348958328125001 0.484375 0.8463541671874999 0.4765625 0.7942708328125 0.4375 0.7057291671875 0.408203125 0.6666666671875 0.337890625 0.625 0.302734375 0.5885416671875 0.248046875 0.5989583328125 0.15234375 0.7317708328125 0.125 0.8255208328125001 0.11328125 0.9192708328125001 0.154296875 0.9635416671874999 0.20290798593749998 1 0.42338590781249996 1
1 0.533203125 0.390625 0.486328125 0.4270833328125 0.435546875 0.4947916671875 0.404296875 0.515625 0.390625 0.5442708328125 0.390625 0.6432291671875 0.4453125 0.7057291671875 0.44921875 0.7265625 0.474609375 0.765625 0.513671875 0.7916666671875 0.51953125 0.8307291671874999 0.53515625 0.8359375 0.603515625 0.78125 0.65625 0.7109375 0.68359375 0.6588541671875 0.69140625 0.6119791671875 0.703125 0.5911458328125 0.703125 0.5755208328125 0.64453125 0.4713541671875 0.625 0.3984375 0.591796875 0.3697916671875 0.533203125 0.390625