1 0 0.2275390625 0.0796875 0.19765625 0.11614583281249999 0.1703125 0.10833333281249999 0.086328125 0.0640625 0.053125 0.0223958328125 0.04921875 0 0.051458334375000005 0 0.2275390625
1 0 0.5390625 0.26936553124999996 0.5390625 0.2697916671875 0.535546875 0.3114583328125 0.433984375 0.3192708328125 0.3890625 0.321875 0.371484375 0.3010416671875 0.308984375 0.259375 0.230859375 0.2359375 0.21328125 0.1265625 0.178125 0 0.22943412031250002 0 0.5390625
1 0.41875 0.13036024375 0.3401041671875 0.16640625 0.3036458328125 0.17421875 0.2645833328125 0.219140625 0.3375 0.394921875 0.3505208328125 0.4046875 0.41822916718750003 0.4203125 0.41875 0.42035590312500004 0.41875 0.13036024375
1 0.41875 0 0.1943014703125 0 0.1447916671875 0.039453125 0.1916666671875 0.090234375 0.2776041671875 0.1546875 0.3036458328125 0.1625 0.3348958328125 0.15859375 0.41875 0.1221833890625 0.41875 0
1 0.24635416718749997 0.209375 0.2880208328125 0.178125 0.290625 0.160546875 0.24895833281250002 0.137109375 0.1682291671875 0.06484375 0.10833333281249999 0.086328125 0.1135416671875 0.141015625 0.1526041671875 0.18203125 0.24635416718749997 0.209375
1 1 0 0.590069759375 0 0.5870207578125 0.00078125 0.5625198499999999 0.026171875 0.5461859125 0.061328125 0.5516305578125 0.084765625 0.6224109578125001 0.151171875 0.655078834375 0.213671875 0.6850243875 0.23125 0.7122476171875001 0.22734375 0.736748525 0.213671875 0.734026203125 0.18828125 0.7558047875 0.19609375 0.7993619562500001 0.184375 0.8538084171874999 0.18046875 1 0.1515349984375 1 0
1 1 0 0.706621484375 0 0.742193171875 0.057421875 0.7639717562499999 0.131640625 0.7911949859374999 0.174609375 0.8048066015625001 0.184375 0.8538084171874999 0.18046875 0.968145984375 0.15703125 1 0.15322231718749998 1 0
1 0.41875 0.5138890968750001 0.4781278359375 0.50078125 0.505351065625 0.50078125 0.5216850046875 0.4890625 0.5244073281249999 0.471484375 0.497184096875 0.354296875 0.47540551249999996 0.323046875 0.4481822828125 0.299609375 0.4481822828125 0.287890625 0.42912602031249997 0.26640625 0.41875 0.2681241546875 0.41875 0.5138890968750001
1 0.6264735 0.5390625 0.627855603125 0.526171875 0.6006323734375 0.483203125 0.5706868187499999 0.465625 0.548908234375 0.46171875 0.5244073281249999 0.467578125 0.5244073281249999 0.487109375 0.4999064203125 0.5046875 0.461793896875 0.5046875 0.41875 0.5124079390625 0.41875 0.5390625 0.4534454390625 0.5390625 0.461793896875 0.53203125 0.4781278359375 0.53203125 0.4862948046875 0.537890625 0.4869230328125 0.5390625 0.6264735 0.5390625
1 0.45013594843749993 0 0.42640369843750003 0.022265625 0.41875 0.0348167796875 0.41875 0.1964619953125 0.45634925156249995 0.2234375 0.4726831890625 0.22734375 0.50262874375 0.201953125 0.5244073281249999 0.162890625 0.5380189421875 0.1609375 0.5570752046875 0.147265625 0.5706868187499999 0.121875 0.5734091421875 0.108203125 0.5461859125 0.080859375 0.5461859125 0.049609375 0.5570752046875 0.026171875 0.52712965 0.0203125 0.4999064203125 0.00078125 0.4973655859375 0 0.45013594843749993 0
1 0.4781278359375 0.22734375 0.5216850046875 0.1765625 0.5216850046875 0.15703125 0.48357248124999996 0.14921875 0.42640369843750003 0.198046875 0.461793896875 0.22734375 0.4781278359375 0.22734375
1 1 0.3937137859375 0.9899245687499999 0.38359375 0.9354781078125001 0.3640625 0.8755870015625 0.35234375 0.8483637703125 0.35234375 0.7966396328125 0.393359375 0.7694164015625 0.428515625 0.758527109375 0.526171875 0.7675107750000001 0.5390625 0.9865488875 0.5390625 0.9872022453125 0.537890625 1 0.488921440625 1 0.3937137859375
1 0.7637176734375 0.5390625 0.758527109375 0.483203125 0.7639717562499999 0.479296875 0.7639717562499999 0.444140625 0.7748610484375 0.416796875 0.7884726640624999 0.403125 0.7911949859374999 0.393359375 0.7830280171874999 0.3875 0.750360140625 0.3796875 0.6469118640625 0.37578125 0.63330025 0.381640625 0.627855603125 0.389453125 0.63330025 0.491015625 0.627855603125 0.502734375 0.63330025 0.518359375 0.6523565109374999 0.53203125 0.6719572375 0.5390625 0.697002609375 0.5390625 0.7040806484375001 0.533984375 0.7040806484375001 0.522265625 0.7176922640625 0.51640625 0.7334817390625 0.5390625 0.7637176734375 0.5390625
1 0.8837539703124999 0.268359375 0.8973655859375 0.25078125 0.9000879078124999 0.233203125 0.8483637703125 0.19609375 0.8265851859375001 0.18828125 0.7884726640624999 0.18828125 0.7639717562499999 0.198046875 0.750360140625 0.215625 0.6931913562500001 0.237109375 0.6877467109375 0.264453125 0.7231369109375001 0.29375 0.777583371875 0.3171875 0.793917309375 0.3171875 0.7993619562500001 0.31328125 0.8429191249999999 0.31328125 0.8592530625 0.30546875 0.8837539703124999 0.280078125 0.8837539703124999 0.268359375
0 0.2713541671875 0.8796875 0.24635416718749997 0.9046875 0.24635416718749997 0.9109375 0.2671875 0.9515625 0.3088541671875 0.9765625 0.3671875 0.9203125 0.2921875 0.8546875 0.2671875 0.8640625 0.2713541671875 0.8796875
0 0.305520834375 1 0.3088541671875 0.9984375 0.24635416718749997 0.9359375 0.23802083281250003 0.8953125 0.2130208328125 0.8765625 0.1421875 0.8890625 0.10052083281249999 0.9203125 0.10052083281249999 0.9265625 0.1296875 0.9296875 0.1630208328125 0.9984375 0.1645486109375 1 0.305520834375 1
0 0.41875 1 1 1 1 0.5390625 0.41875 0.5390625 0.41875 1
0 1 0.76484375 0.9515625 0.76484375 0.9307291671875 0.77265625 0.8916666671875 0.809765625 0.8916666671875 0.880078125 0.8708333328125001 0.895703125 0.88125 0.930859375 0.9307291671875 0.9484375 0.9776041671875 0.92890625 1 0.9133535890625 1 0.76484375
0 0.8005208328125001 0.99140625 0.8994791671875 0.9640625 0.9020833328125001 0.954296875 0.8708333328125001 0.915234375 0.8369791671875 0.89765625 0.8005208328125001 0.92109375 0.7328125 0.93671875 0.7197916671875 0.950390625 0.7197916671875 0.977734375 0.7692708328125001 0.99140625 0.8005208328125001 0.99140625
0 0.41875 0.74140625 0.46197916718750004 0.74140625 0.5088541671875 0.72578125 0.5270833328125 0.712109375 0.5296875 0.6984375 0.5322916671875 0.676953125 0.5192708328125 0.6671875 0.44635416718750004 0.64765625 0.41875 0.671671875 0.41875 0.74140625
0 0.6364583328125001 0.907421875 0.6703125 0.8625 0.6729166671875 0.825390625 0.6572916671875 0.794140625 0.6390625 0.784375 0.5869791671875 0.784375 0.5401041671875 0.80390625 0.48020833281249997 0.848828125 0.428125 0.891796875 0.42291666718750004 0.911328125 0.48541666718750004 0.938671875 0.5140625 0.9875 0.5869791671875 0.97578125 0.6260416671875 0.946484375 0.6364583328125001 0.907421875
0 0.41875 0.8528577296875 0.4671875 0.85859375 0.48802083281249997 0.8390625 0.47760416718750004 0.8234375 0.4515625 0.81953125 0.41875 0.8403545671874999 0.41875 0.8528577296875
0 0.41875 0.5390625 0.41875 0.590703125 0.43333333281249997 0.602734375 0.44895833281249997 0.637890625 0.5036458328125 0.66328125 0.5505208328125 0.65546875 0.5791666671875 0.614453125 0.6234375 0.58515625 0.6494791671875 0.57734375 0.6859375 0.58125 0.7067708328125001 0.5578125 0.708693909375 0.5390625 0.41875 0.5390625
0 0.660491071875 1 0.6703125 0.99140625 0.7015625 0.9875 0.7119791671875 0.95234375 0.7145833328125001 0.942578125 0.69375 0.911328125 0.6703125 0.89375 0.6546875 0.89375 0.6364583328125001 0.919140625 0.63125 0.946484375 0.5947916671875 0.981640625 0.601467803125 1 0.660491071875 1
0 0.713854165625 0.5390625 0.7041666671875 0.575390625 0.7328125 0.596875 0.8005208328125001 0.5578125 0.78663194375 0.5390625 0.713854165625 0.5390625
0 0.9723958328125001 0.6828125 0.9880208328125001 0.659375 0.990625 0.645703125 0.94375 0.606640625 0.9098958328125001 0.54609375 0.8109375 0.55390625 0.7302083328125001 0.606640625 0.7354166671875 0.641796875 0.7614583328125001 0.676953125 0.8369791671875 0.721875 0.8734375 0.72578125 0.9046875 0.70625 0.9723958328125001 0.6828125
0 1 0.6819010421875 0.9880208328125001 0.67890625 0.8942708328125001 0.7140625 0.8760416671875 0.727734375 0.8760416671875 0.751171875 0.9151041671875 0.77265625 0.9880208328125001 0.76484375 1 0.7453776031249999 1 0.6819010421875
0 0.41875 0.7626302078125 0.43854166718750004 0.782421875 0.44895833281249997 0.813671875 0.46197916718750004 0.8234375 0.4984375 0.8234375 0.5661458328125 0.78828125 0.56875 0.755078125 0.5244791671875 0.71796875 0.4828125 0.7375 0.43072916718750004 0.74140625 0.41875 0.7463975703125 0.41875 0.7626302078125
0 0.6338541671875 0.67890625 0.6911458328125001 0.6203125 0.6833333328125001 0.591015625 0.6703125 0.58125 0.6338541671875 0.58125 0.5635416671875 0.630078125 0.5583333328125 0.653515625 0.5973958328125 0.67890625 0.6338541671875 0.67890625
0 0.6494791671875 0.784375 0.6598958328125001 0.7765625 0.6572916671875 0.704296875 0.6338541671875 0.6828125 0.5921875 0.67890625 0.5505208328125 0.659375 0.5375 0.673046875 0.5322916671875 0.716015625 0.5791666671875 0.762890625 0.584375 0.778515625 0.6494791671875 0.784375
0 0.7328125 0.70234375 0.7588541671875 0.68671875 0.75625 0.665234375 0.7171875 0.60859375 0.69375 0.614453125 0.6364583328125001 0.676953125 0.6755208328125001 0.71796875 0.7328125 0.70234375
0 0.41875 0.8390625 0.4203125 0.8390625 0.44635416718750004 0.8234375 0.44895833281249997 0.798046875 0.43854166718750004 0.782421875 0.41875 0.7715364578124999 0.41875 0.8390625
0 0.4990208328125 1 0.5010416671875 0.962109375 0.4671875 0.92890625 0.41875 0.91376953125 0.41875 0.9879991312499999 0.43072916718750004 0.9875 0.44739583437499997 1 0.4990208328125 1
0 0.8317708328125001 0.78828125 0.8630208328125001 0.75703125 0.865625 0.731640625 0.8578125 0.72578125 0.8161458328125001 0.71796875 0.7796875 0.69453125 0.7744791671875 0.70234375 0.7484375 0.6984375 0.7119791671875 0.70625 0.6807291671875 0.71796875 0.6625 0.735546875 0.6625 0.770703125 0.6911458328125001 0.79609375 0.7796875 0.8078125 0.8317708328125001 0.78828125
0 0.8005208328125001 0.92109375 0.8369791671875 0.89765625 0.8395833328125001 0.876171875 0.8239583328125001 0.837109375 0.7953125 0.81171875 0.6911458328125001 0.79609375 0.6677083328125001 0.801953125 0.6729166671875 0.891796875 0.7223958328125001 0.940625 0.7640625 0.925 0.8005208328125001 0.92109375
0 0.8864583328125001 0.872265625 0.8942708328125001 0.81171875 0.896875 0.798046875 0.8734375 0.784375 0.8421875 0.784375 0.8083333328125001 0.805859375 0.8083333328125001 0.821484375 0.834375 0.864453125 0.8630208328125001 0.878125 0.8864583328125001 0.872265625
0 0.9727926578125 1 0.9463541671875 0.96796875 0.8786458328125001 0.96796875 0.7822916671875 0.997265625 0.782867325 1 0.9727926578125 1
0 1 1 1 0.9337805703125 0.9984375 0.9328125 0.9697916671875 0.942578125 0.959375 0.977734375 0.9785845578125001 1 1 1