1 0.659375 0.3296875 0.659375 0.1515224359375 0.566796875 0.1135416671875 0.521875 0.1057291671875 0.504296875 0.103125 0.441796875 0.12395833281249999 0.363671875 0.165625 0.34609375 0.1890625 0.3109375 0.2984375 0.32360641874999996 0.3296875 0.659375 0.3296875
1 0.26030815937499996 0 0.29921875 0.0848958328125 0.30703125 0.1213541671875 0.351953125 0.1604166671875 0.527734375 0.0875 0.5375 0.0744791671875 0.553125 0.0067708328125 0.5536892359375 0 0.26030815937499996 0
1 0 0 0 0.1121875 0.105859375 0.196875 0.172265625 0.2802083328125 0.223046875 0.23333333281250002 0.2875 0.1473958328125 0.2953125 0.1213541671875 0.29140625 0.0901041671875 0.25228207187499996 0 0 0
1 0.3421875 0.1786458328125 0.3109375 0.1369791671875 0.293359375 0.134375 0.269921875 0.1760416671875 0.19765625 0.2567708328125 0.219140625 0.3166666671875 0.273828125 0.3114583328125 0.31484375 0.2723958328125 0.3421875 0.1786458328125
1 0 0.3296875 0.17890625 0.3296875 0.16640625 0.2880208328125 0.125390625 0.22291666718749997 0.066796875 0.1708333328125 0 0.1263020828125 0 0.3296875
1 0.659375 0.3296875 1 0.3296875 1 0 0.659375 0 0.659375 0.3296875
1 0.82109375 0.046875 0.8015625 0.0260416671875 0.764453125 0.0286458328125 0.721484375 0.0494791671875 0.67265625 0.09375 0.66484375 0.1666666671875 0.6765625 0.21354166718749998 0.709765625 0.2526041671875 0.729296875 0.2526041671875 0.760546875 0.23177083281250002 0.803515625 0.23177083281250002 0.840625 0.1979166671875 0.840625 0.109375 0.82109375 0.046875
1 0.659375 0 0.659375 0.15437499999999998 0.66484375 0.1354166671875 0.66484375 0.09375 0.682421875 0.0859375 0.705859375 0.0546875 0.748828125 0.0338541671875 0.7546875 0.0208333328125 0.7532670453125 0 0.659375 0
1 0.659375 0.3296875 0.7310221359375 0.3296875 0.72734375 0.2708333328125 0.7 0.25 0.682421875 0.24739583281250002 0.659375 0.264157196875 0.659375 0.3296875
1 0.8790251359375001 0.3296875 0.8796875 0.328125 0.92265625 0.28125 0.91484375 0.24479166718749998 0.871875 0.1822916671875 0.846484375 0.1796875 0.826953125 0.22135416718749998 0.799609375 0.23697916718749998 0.744921875 0.2421875 0.72734375 0.2760416671875 0.7390625 0.3229166671875 0.7571986609375 0.3296875 0.8790251359375001 0.3296875
1 0.75703125 0 0.760546875 0.0234375 0.795703125 0.0234375 0.82109375 0 0.75703125 0
1 0 1 0.09410021562500001 1 0.0953125 0.990625 0.1296875 0.9447916671875 0.1359375 0.878125 0.1234375 0.815625 0.0421875 0.8822916671875 0 0.9385416671875 0 1
1 0.0203125 0.815625 0.0515625 0.8489583328125001 0.0703125 0.8489583328125001 0.1015625 0.828125 0.1140625 0.7989583328125 0.1078125 0.7239583328125001 0.0765625 0.703125 0.0515625 0.703125 0.0078125 0.7364583328125 0.0203125 0.815625
1 0.4765625 0.890625 0.5109375 0.8947916671874999 0.5203125 0.8947916671874999 0.5453125 0.865625 0.5484375 0.7572916671875001 0.4703125 0.753125 0.4578125 0.7739583328124999 0.4609375 0.8572916671874999 0.4765625 0.890625
1 0.659375 0.8989583328125 0.6328125 0.828125 0.5640625 0.8489583328125001 0.5453125 0.8864583328125001 0.5765625 0.9697916671875 0.609895834375 0.9697916671875 0.6265625 0.9697916671875 0.659375 0.9464583328125 0.659375 0.8989583328125
1 0.7328125 0.9166666671874999 0.8053125 0.9166666671874999 0.8234375 0.9166666671874999 0.8484375 0.9083333328125001 0.8640625 0.8791666671874999 0.8609375 0.825 0.8359375 0.7833333328125 0.8328125 0.7166666671874999 0.7578125 0.7125 0.7234375 0.6916666671874999 0.6984375 0.75 0.7015625 0.8291666671875 0.7234375 0.9041666671874999 0.7328125 0.9166666671874999
1 0.8633081890625001 1 0.8546875 0.9333333328125001 0.8265625 0.9208333328125 0.6953125 0.9333333328125001 0.6890625 0.9708333328125001 0.6963541671875 1 0.8633081890625001 1
1 0.9872767859374999 1 0.9984375 0.9791666671874999 0.9765625 0.9208333328125 0.9140625 0.8833333328125 0.8640625 0.9125 0.8734375 1 0.9872767859374999 1
1 1 0.3296875 0.90893841875 0.3296875 0.9109375 0.375 0.9578125 0.4458333328125 0.9828125 0.4458333328125 1 0.43552083281250004 1 0.3296875
1 0.7328125 0.6916666671874999 0.775 0.7083333328125001 0.7921875 0.7083333328125001 0.8421875 0.6916666671874999 0.9046875 0.6166666671875 0.9046875 0.5666666671874999 0.8921875 0.5541666671875 0.9046875 0.5458333328125 0.8640625 0.5041666671875 0.8265625 0.5041666671875 0.8015625 0.4791666671875 0.7765625 0.4791666671875 0.7484375 0.5125 0.7296875 0.5875 0.7328125 0.6916666671874999
1 0.8484375 0.75 0.9046875 0.7541666671875 0.9140625 0.7541666671875 0.9390625 0.7416666671875001 0.9421875 0.6708333328125 0.9359375 0.6333333328125 0.9109375 0.6208333328125001 0.8359375 0.7041666671875 0.8484375 0.75
1 0.7816685265625 0.3296875 0.7578125 0.3791666671875 0.7609375 0.4291666671875 0.7953125 0.4583333328125 0.8265625 0.45 0.8453125 0.46666666718750005 0.8546875 0.46666666718750005 0.8796875 0.4125 0.8859375 0.3583333328125 0.848828125 0.3296875 0.7816685265625 0.3296875