1 0 0 0 0.1160546875 0.0536458328125 0.128125 0.1291666671875 0.10078125 0.1708333328125 0.06171875 0.1857954546875 0 0 0
1 0.22134187968750002 0.1684274203125 0.253165628125 0.2423726328125 0.313378903125 0.2801837359375 0.342671921875 0.23505427656250003 0.40125783593750003 0.18992491250000001 0.4517068125 0.16797002968750002 0.4028851984375 0.10942383124999999 0.3735923015625 0.091128128125 0.2710668625 0.1447955453125 0.22134187968750002 0.1684274203125
1 0.509375 0.4 1 0.4 1 0.0029623375 0.509375 0.181271796875 0.509375 0.4
1 0.509375 0 0.509375 0.18672825937499998 0.9989924171875 0.0013447046875 0.9991140546875 0 0.509375 0
1 0 0.8691051140624999 0.0208333328125 0.87265625 0.1041666671875 0.86875 0.1536458328125 0.839453125 0.1588541671875 0.796484375 0.20052083281250002 0.694921875 0.20833333281250002 0.65 0.2109375 0.632421875 0.1901041671875 0.569921875 0.1484375 0.491796875 0.125 0.47421875 0.015625 0.4390625 0 0.445396959375 0 0.8691051140624999
1 0 1 0.22315476093750003 1 0.22395833281250002 0.99765625 0.21614583281250002 0.960546875 0.1796875 0.913671875 0.1458333328125 0.884375 0.1302083328125 0.88046875 0 0.8769810265625001 0 1
1 0.509375 0.735821759375 0.4947916671875 0.728125 0.4583333328125 0.696875 0.4114583328125 0.68515625 0.328125 0.69296875 0.2552083328125 0.67734375 0.22395833281250002 0.68515625 0.20052083281250002 0.706640625 0.1744791671875 0.769140625 0.1640625 0.831640625 0.1328125 0.870703125 0.1744791671875 0.898046875 0.20052083281250002 0.937109375 0.22395833281250002 0.9546875 0.3541666671875 0.9859375 0.4739583328125 0.93515625 0.509375 0.9064687499999999 0.509375 0.735821759375
1 0.28882575781250003 0.4 0.22916666718749998 0.42734375 0.1927083328125 0.43515625 0.1536458328125 0.480078125 0.2265625 0.655859375 0.23958333281250002 0.665625 0.3072916671875 0.68125 0.3541666671875 0.68515625 0.4270833328125 0.6578125 0.4817708328125 0.605078125 0.5 0.55234375 0.5026041671875 0.534765625 0.4765625 0.472265625 0.40625 0.4078125 0.390625 0.4 0.28882575781250003 0.4
1 0.0024181546875 0.4 0.0026041671875 0.401953125 0.0416666671875 0.44296875 0.1354166671875 0.4703125 0.1770833328125 0.4390625 0.1796875 0.421484375 0.1414930546875 0.4 0.0024181546875 0.4
0 0.57833806875 0.4 0.509375 0.4242104390625 0.509375 0.8803059890625 0.5317708328124999 0.87890625 0.565625 0.8671875 0.5760416671875 0.853515625 0.6046875 0.8515625 0.784375 0.8984375 0.8598958328125 0.900390625 0.8755208328125 0.89453125 0.9354166671874999 0.767578125 0.9171875 0.744140625 0.8703125 0.7109375 0.8494791671874999 0.673828125 0.8520833328125 0.583984375 0.8911458328125 0.517578125 0.8911458328125 0.486328125 0.8755208328125 0.46875 0.7751240078125 0.4 0.57833806875 0.4
0 1 0.5353465546875 0.9848958328125 0.5234375 0.9015625 0.5234375 0.8729166671874999 0.541015625 0.8364583328125 0.595703125 0.8416666671874999 0.681640625 0.8677083328125 0.720703125 0.8963541671874999 0.73046875 0.9171875 0.75 0.9328125 0.7578125 0.9848958328125 0.76171875 1 0.751121471875 1 0.5353465546875
0 0.785821759375 1 0.7869791671874999 0.9921875 0.7895833328125 0.966796875 0.7140625 0.89453125 0.6359375 0.90625 0.6203125 0.93359375 0.6046875 0.92578125 0.5786458328124999 0.9296875 0.5291666671875 0.982421875 0.5393830125 1 0.785821759375 1