1 0 0.39670928125 0.036328125 0.39010416718749996 0.067578125 0.35625 0.07734375 0.3171875 0.083203125 0.16354166718750002 0.059765625 0.1244791671875 0.020703125 0.0880208328125 0.0109375 0.0645833328125 0 0.053365384375000005 0 0.39670928125
1 0.3546875 0.38229166718749996 0.466015625 0.340625 0.45625 0.23125 0.426953125 0.1817708328125 0.368359375 0.1296875 0.317578125 0.10364583281249999 0.26484375 0.1010416671875 0.219921875 0.2052083328125 0.239453125 0.2859375 0.282421875 0.3536458328125 0.3546875 0.38229166718749996
1 0.02718460625 0 0.024609375 0.0463541671875 0.040234375 0.08541666718749999 0.1125 0.1817708328125 0.173046875 0.2234375 0.192578125 0.2234375 0.216015625 0.2026041671875 0.253125 0.1296875 0.262890625 0.0723958328125 0.24479166718749998 0 0.02718460625 0
1 0.5390625 0 0.5390625 0.44385629218749995 0.6453125 0.4322916671875 0.6859375 0.39895833281250004 0.7359375 0.1739583328125 0.800324675 0 0.5390625 0
1 1 0.459375 1 0 0.79921875 0 0.7171875 0.203125 0.6859375 0.303125 0.6765625 0.41979166718750005 0.71410845625 0.459375 1 0.459375
1 0.5390625 0.459375 0.7148763015624999 0.459375 0.6890625 0.4322916671875 0.6296875 0.428125 0.5390625 0.44826388906250003 0.5390625 0.459375
1 0.1625528921875 1 0.163671875 0.9998440328125 0.17734375 0.9916770640625 0.17734375 0.9753431265625 0.16171875 0.94267525 0.1578125 0.920896665625 0.1578125 0.8882287890625001 0.17734375 0.8610055578125 0.1734375 0.8501162656249999 0.167578125 0.841949296875 0.140234375 0.841949296875 0.116796875 0.8528385890625 0.105078125 0.8473939421875001 0.08359375 0.8120037437500001 0.06796875 0.7575572828125 0.08359375 0.7303340515625 0.0875 0.703110821875 0.0953125 0.6922215296875001 0.0953125 0.675887590625 0.108984375 0.6568313296875 0.151953125 0.640497390625 0.14609375 0.6268857765625 0.116796875 0.624163453125 0.015234375 0.662275975 0 0.6873708437499999 0 0.9829656296875001 0.007421875 0.9998440328125 0.007645671875 1 0.1625528921875 1
1 0.2293299359375 0.459375 0.23984375 0.517992853125 0.23984375 0.572439315625 0.245703125 0.5860509296874999 0.292578125 0.5642723453125 0.374609375 0.5642723453125 0.417578125 0.5860509296874999 0.464453125 0.6350527453125 0.47421875 0.6268857765625 0.4703125 0.49621426875 0.458298746875 0.459375 0.2293299359375 0.459375
1 0.409765625 0.5806062843750001 0.36875 0.5669946687499999 0.304296875 0.5642723453125 0.276953125 0.5751616375 0.26328125 0.5887732531250001 0.259375 0.6268857765625 0.2671875 0.6595536531249999 0.27109375 0.7140001140625 0.26328125 0.746667990625 0.2125 0.8228930359375 0.20859375 0.8392269734375001 0.218359375 0.8528385890625 0.316015625 0.8746171734375 0.327734375 0.8691725265624999 0.351171875 0.8310600046874999 0.382421875 0.8038367734375 0.429296875 0.7983921281249999 0.44296875 0.790225159375 0.44296875 0.7793358671874999 0.4625 0.7521126359375 0.45859375 0.7194447593750001 0.4625 0.6922215296875001 0.472265625 0.6786099140624999 0.480078125 0.6786099140624999 0.4859375 0.6649982984375 0.472265625 0.640497390625 0.409765625 0.5806062843750001
1 0.49339105468750005 1 0.49765625 0.9916770640625 0.49765625 0.8991180812499999 0.491796875 0.8909511109375 0.480078125 0.901840403125 0.46640625 0.8991180812499999 0.44296875 0.7956698046875 0.378515625 0.8092814203125 0.34140625 0.8501162656249999 0.3375 0.87189485 0.3375 0.9590091874999999 0.343359375 0.9617315109375 0.362890625 0.945397571875 0.382421875 0.9508422187499999 0.415625 0.9971217109375001 0.41585444687499995 1 0.49339105468750005 1
1 0.5171875 0.8501162656249999 0.49765625 0.7575572828125 0.468359375 0.754834959375 0.446875 0.7738912203125 0.446875 0.8120037437500001 0.45859375 0.8555609125 0.4625 0.893673434375 0.468359375 0.901840403125 0.495703125 0.8963957578125001 0.51328125 0.8773394968750001 0.5171875 0.8501162656249999
0 0.5390625 1 0.9728548515625001 1 0.9398964484375 0.9217465125000001 0.5390625 0.9199270687500001 0.5390625 1
0 1 0.459375 0.5390625 0.459375 0.5390625 0.963161790625 0.6149665296875 0.9371941046875001 0.9563851953124999 0.9371941046875001 0.9939576328124999 0.788982203125 1 0.7799243640625 1 0.459375