1 0.254557290625 0 0.236328125 0.013020832812499999 0.19140625 0.1145833328125 0.185546875 0.1640625 0.203125 0.21614583281250002 0.30078125 0.2604166671875 0.326171875 0.2604166671875 0.439453125 0.21875 0.447265625 0.1927083328125 0.447265625 0.09114583281250001 0.439453125 0.010416667187500001 0.430859375 0 0.254557290625 0
1 0 0.5369791671875 0.00390625 0.5182291671875 0.005859375 0.3776041671875 0 0.3203125 0 0.5369791671875
1 0 0 0 0.23811141406249997 0.0078125 0.23697916718749998 0.080078125 0.1927083328125 0.111328125 0.1380208328125 0.10546875 0.09635416718749999 0.109375 0.0286458328125 0.048278809374999995 0 0 0
1 0 0.8046875 0.04296875 0.8046875 0.0703125 0.7942708328125 0.064453125 0.6927083328125 0.044921875 0.6119791671875 0.013671875 0.5755208328125 0 0.572206440625 0 0.8046875
1 0.0390625 0 0.068359375 0.013020832812499999 0.12109375 0.0182291671875 0.142578125 0.0052083328125 0.146484375 0 0.0390625 0
1 0.5090422453125 0 0.6171875 0.05989583281250001 0.650390625 0.0338541671875 0.674088540625 0 0.5090422453125 0
1 0.482666015625 0 0.45703125 0.0182291671875 0.4453125 0.05729166718749999 0.44921875 0.21614583281250002 0.46875 0.24739583281250002 0.501953125 0.2708333328125 0.56640625 0.2552083328125 0.60546875 0.21354166718749998 0.6328125 0.1380208328125 0.615234375 0.05989583281250001 0.583984375 0.0208333328125 0.49717882031249994 0 0.482666015625 0
1 0.4921875 0.2630208328125 0.466796875 0.23177083281250002 0.435546875 0.21614583281250002 0.359375 0.2421875 0.326171875 0.265625 0.333984375 0.3880208328125 0.390625 0.4895833328125 0.421875 0.484375 0.46484375 0.4479166671875 0.513671875 0.34375 0.50390625 0.2864583328125 0.4921875 0.2630208328125
1 0.328125 0.3307291671875 0.32421875 0.265625 0.265625 0.2526041671875 0.20703125 0.21875 0.1796875 0.23958333281250002 0.154296875 0.3020833328125 0.1484375 0.3463541671875 0.162109375 0.375 0.185546875 0.4036458328125 0.232421875 0.4296875 0.267578125 0.4244791671875 0.3125 0.3932291671875 0.328125 0.3307291671875
1 1 0.1503910421875 0.9897831578125 0.1471363171875 0.9263580875 0.179684059375 0.9044032046874999 0.25454396875 0.8848877125 0.306620246875 0.900744028125 0.428674284375 0.9080623828125001 0.44820287968750006 0.9605099203125 0.4758685359375 1 0.47424117499999996 1 0.1503910421875
1 0.6731149203125 0.3057168796875 0.6494830453125 0.3554418625 0.595815628125 0.4579673015625 0.61411133125 0.48726019843749996 0.6726575296874999 0.5360818125 0.6946124124999999 0.48563283593750006 0.7397417765625 0.427046921875 0.7848712359375 0.39775390312500003 0.7470601328125 0.337540628125 0.6731149203125 0.3057168796875
1 0.3543122984375 0.527944878125 0.25185633749999997 0.5409640234374999 0.2213634984375 0.5930403625 0.2420986859375 0.6597632109375 0.267712653125 0.7102123125 0.31040262812499997 0.7395052078125001 0.3701686140625 0.7199766125 0.394562884375 0.68254665625 0.400661453125 0.6109415968749999 0.38480513906249997 0.56537483125 0.3543122984375 0.527944878125