1 1 0.3984375 0.99609375 0.4140625 0.99609375 0.4505208328125 1 0.4703125 1 0.3984375
1 0.7406939343750001 0 0.734375 0.0286458328125 0.75 0.1171875 0.75390625 0.2578125 0.7578125 0.2786458328125 0.775390625 0.3020833328125 0.826171875 0.34375 0.845703125 0.3802083328125 0.859375 0.3776041671875 0.876953125 0.3697916671875 0.974609375 0.375 1 0.3580729171875 1 0 0.7406939343750001 0
1 1 0.5026041671875 0.98828125 0.4088541671875 0.912109375 0.375 0.841796875 0.390625 0.783203125 0.4427083328125 0.671875 0.5703125 0.62109375 0.6953125 0.62109375 0.7890625 0.626953125 0.796875 1 0.7943501484375 1 0.5026041671875
1 0.626953125 0.3385416671875 0.576171875 0.3385416671875 0.5390625 0.3567708328125 0.54296875 0.4348958328125 0.515625 0.5338541671875 0.5546875 0.5703125 0.6015625 0.6901041671875 0.61328125 0.6901041671875 0.6328125 0.6692708328125 0.66015625 0.5859375 0.779296875 0.4427083328125 0.828125 0.3984375 0.828125 0.3776041671875 0.775390625 0.3125 0.732421875 0.3020833328125 0.708984375 0.3333333328125 0.642578125 0.328125 0.626953125 0.3385416671875
1 0.296875 0.6171875 0.2734375 0.7057291671875 0.298828125 0.796875 0.49609375 0.7942708328125 0.51953125 0.7421875 0.58203125 0.6796875 0.5703125 0.6276041671875 0.541015625 0.5677083328125 0.505859375 0.546875 0.486328125 0.546875 0.462890625 0.5625 0.384765625 0.5625 0.314453125 0.5989583328125 0.296875 0.6171875
1 0.609375 0.7994791671875 0.62109375 0.7890625 0.6171875 0.7161458328125 0.611328125 0.703125 0.591796875 0.6979166671875 0.556640625 0.703125 0.515625 0.7526041671875 0.50390625 0.7838541671875 0.50390625 0.7942708328125 0.517578125 0.8020833328125001 0.609375 0.7994791671875
1 0.38671875 0.3619791671875 0.37109375 0.5286458328125 0.392578125 0.5572916671875 0.42578125 0.5598958328125 0.462890625 0.5572916671875 0.482421875 0.5260416671875 0.498046875 0.5208333328125 0.5234375 0.4869791671875 0.5234375 0.4557291671875 0.53515625 0.4296875 0.5234375 0.3411458328125 0.478515625 0.2916666671875 0.431640625 0.296875 0.38671875 0.3619791671875
1 0.109375 0.7942708328125 0.16015625 0.7994791671875 0.283203125 0.796875 0.2890625 0.7786458328125 0.27734375 0.7369791671875 0.259765625 0.7083333328125 0.212890625 0.6979166671875 0.150390625 0.6458333328125 0.111328125 0.6458333328125 0.1015625 0.6536458328125 0.11328125 0.7005208328125 0.109375 0.7942708328125
1 0.10546875 0.7942708328125 0.11328125 0.7473958328125 0.11328125 0.7057291671875 0.1015625 0.6640625 0.076171875 0.6302083328125 0.029296875 0.609375 0.001953125 0.609375 0 0.7994791671875 0.0859375 0.7994791671875 0.10546875 0.7942708328125
1 0 0.6015625 0.037109375 0.609375 0.083984375 0.6354166671875 0.109375 0.6328125 0.1640625 0.5442708328125 0.1640625 0.5078125 0.1796875 0.4661458328125 0.1796875 0.4192708328125 0.1640625 0.3828125 0.140625 0.2734375 0.115234375 0.23958333281250002 0.072265625 0.20833333281250002 0.0625 0.23697916718749998 0.037109375 0.2708333328125 0 0.2786458328125 0 0.6015625
1 0.1484375 0.6223958328125 0.162109375 0.6302083328125 0.181640625 0.6666666671875 0.208984375 0.6875 0.25 0.6901041671875 0.27734375 0.6484375 0.28515625 0.5755208328125 0.259765625 0.515625 0.189453125 0.4583333328125 0.17578125 0.4765625 0.17578125 0.4973958328125 0.16796875 0.5078125 0.171875 0.5442708328125 0.15234375 0.5859375 0.1484375 0.6223958328125
1 0.1875 0.4505208328125 0.26171875 0.5130208328125 0.291015625 0.59375 0.3203125 0.5911458328125 0.353515625 0.5729166671875 0.36328125 0.5546875 0.375 0.4244791671875 0.38671875 0.3776041671875 0.3828125 0.3567708328125 0.279296875 0.2604166671875 0.224609375 0.2604166671875 0.154296875 0.2864583328125 0.15234375 0.3203125 0.1875 0.4505208328125
1 0.43798828125 0 0.359375 0.09114583281250001 0.359375 0.1119791671875 0.37890625 0.1640625 0.400390625 0.1822916671875 0.458984375 0.265625 0.517578125 0.3229166671875 0.552734375 0.3333333328125 0.625 0.3307291671875 0.666015625 0.3177083328125 0.708984375 0.3229166671875 0.7421875 0.2786458328125 0.74609375 0.1276041671875 0.734375 0.06510416718749999 0.7130126953125 0 0.43798828125 0
1 0.443359375 0.2916666671875 0.44921875 0.2734375 0.416015625 0.234375 0.373046875 0.203125 0.33203125 0.2994791671875 0.380859375 0.3489583328125 0.390625 0.3463541671875 0.419921875 0.3072916671875 0.443359375 0.2916666671875
1 0.001812359375 0 0 0.2682291671875 0.03515625 0.2682291671875 0.06640625 0.22135416718749998 0.08203125 0.1536458328125 0.08203125 0.1119791671875 0.05078125 0.0338541671875 0.020554315625 0 0.001812359375 0
1 0.029296875 0 0.046875 0.0234375 0.08203125 0.1119791671875 0.08203125 0.1588541671875 0.1328125 0.1588541671875 0.15234375 0.1484375 0.16015625 0.1119791671875 0.21875 0.0286458328125 0.21875 0.0182291671875 0.197265625 0 0.029296875 0
1 0.1328125 0.2265625 0.169921875 0.2708333328125 0.271484375 0.2552083328125 0.328125 0.2890625 0.36328125 0.2265625 0.375 0.1848958328125 0.3671875 0.1588541671875 0.310546875 0.078125 0.251953125 0.0364583328125 0.220703125 0.03125 0.16015625 0.1223958328125 0.1640625 0.1432291671875 0.13671875 0.1848958328125 0.1328125 0.2265625
1 0.20290798593749998 0 0.279296875 0.05729166718749999 0.330078125 0.08854166718749999 0.34375 0.0859375 0.376953125 0.07291666718749999 0.42338590781249996 0 0.20290798593749998 0
1 0.07421875 0.20052083281250002 0.115234375 0.23958333281250002 0.13671875 0.24739583281250002 0.1328125 0.1901041671875 0.140625 0.1640625 0.083984375 0.1614583328125 0.07421875 0.20052083281250002