1 0 0 0 0.011025192187500001 0.1109375 0.1078125 0.2359375 0.15859375 0.3296875 0.15859375 0.3375 0.152734375 0.33646626562500004 0 0 0
1 0 0.2434827296875 0.0744791671875 0.2640625 0.1109375 0.225 0.23072916718749997 0.178125 0.23072916718749997 0.16640625 0.20989583281250002 0.146875 0.1265625 0.11953125 0 0.0142542625 0 0.2434827296875
1 0.103125 0.316796875 0.103125 0.394921875 0.1395833328125 0.465234375 0.1578125 0.4828125 0.24635416718749997 0.50625 0.3375 0.480859375 0.3348958328125 0.28359375 0.2828125 0.26015625 0.2203125 0.19765625 0.1682291671875 0.209375 0.10833333281249999 0.238671875 0.0875 0.273828125 0.0875 0.293359375 0.103125 0.316796875
1 0.3401041671875 0.1703125 0.3296875 0.15859375 0.2567708328125 0.1625 0.24375 0.168359375 0.23854166718749997 0.187890625 0.24375 0.223046875 0.2932291671875 0.2640625 0.3244791671875 0.27578125 0.3348958328125 0.27578125 0.3427083328125 0.262109375 0.3401041671875 0.1703125
1 0 0.402099609375 0.0692708328125 0.40859375 0.0979166671875 0.387109375 0.10052083281249999 0.35390625 0.0979166671875 0.316796875 0.0666666671875 0.297265625 0.0614583328125 0.281640625 0.0276041671875 0.25625 0 0.25625 0 0.402099609375
1 0.3390625 0.6296875 0.3401041671875 0.61953125 0.3375 0.496484375 0.3192708328125 0.490625 0.2776041671875 0.50234375 0.24895833281250002 0.519921875 0.23854166718749997 0.566796875 0.1864583328125 0.629296875 0.1864583328125 0.6296875 0.3390625 0.6296875
1 0.163913690625 0.6296875 0.1708333328125 0.617578125 0.20729166718749997 0.598046875 0.228125 0.570703125 0.23072916718749997 0.5296875 0.1890625 0.50234375 0.11614583281249999 0.49453125 0.05625 0.519921875 0 0.5889559656250001 0 0.591015625 0.0171875 0.60390625 0.0380208328125 0.60390625 0.0484375 0.61171875 0.0848958328125 0.6078125 0.1265625 0.62734375 0.1484375 0.6296875 0.163913690625 0.6296875
1 0 0.5816731765625 0.0536458328125 0.51796875 0.134375 0.488671875 0.1317708328125 0.459375 0.1135416671875 0.426171875 0.0953125 0.41640625 0 0.407828125 0 0.5816731765625
1 1 0.6296875 1 0.399333421875 0.9754423781250001 0.4265625 0.9264405625000001 0.44609375 0.8992173328125 0.44609375 0.8719941015625 0.45390625 0.8229922875 0.45 0.7984913796875001 0.467578125 0.7876020875 0.494921875 0.782157440625 0.553515625 0.7658235031249999 0.584765625 0.7658235031249999 0.612109375 0.78289989375 0.6296875 1 0.6296875
1 1 0.6296875 1 0.3971638984375 0.9890539921875 0.416796875 0.9754423781250001 0.4265625 0.9264405625000001 0.44609375 0.8992173328125 0.44609375 0.8774387484374999 0.45390625 0.8284369328124999 0.45 0.7984913796875001 0.467578125 0.7876020875 0.494921875 0.782157440625 0.549609375 0.7658235031249999 0.584765625 0.7658235031249999 0.616015625 0.7790162984375 0.6296875 1 0.6296875
1 0.5390625 0.6296875 0.6932036953124999 0.6296875 0.76037885625 0.608203125 0.7658235031249999 0.576953125 0.782157440625 0.541796875 0.7876020875 0.487109375 0.7984913796875001 0.459765625 0.8148253171875 0.440234375 0.8121029953125 0.41875 0.801213703125 0.4109375 0.7413225953125 0.403125 0.7331556265625 0.444140625 0.7168216875 0.459765625 0.7113770421875 0.487109375 0.6868761343750001 0.5046875 0.6487636109375 0.5125 0.616095734375 0.50859375 0.5915948281250001 0.487109375 0.5915948281250001 0.436328125 0.6024841203125 0.389453125 0.6569305812499999 0.334765625 0.6569305812499999 0.326953125 0.6705421953124999 0.32109375 0.6923207796875 0.325 0.70048775 0.315234375 0.6923207796875 0.30546875 0.62154038125 0.30546875 0.5807055359375 0.323046875 0.5534823046875 0.369921875 0.5390625 0.3867332453125 0.5390625 0.6296875
1 0.738600271875 0.397265625 0.7494895640625 0.373828125 0.746767240625 0.36015625 0.730433303125 0.34453125 0.6650975499999999 0.32109375 0.607928765625 0.377734375 0.5861501812500001 0.475390625 0.616095734375 0.50859375 0.6487636109375 0.5125 0.7059323953125001 0.494921875 0.7331556265625 0.440234375 0.738600271875 0.397265625
1 1 0.3544189453125 0.9944986390625001 0.342578125 0.9808870234375 0.3328125 0.9591084390625 0.32890625 0.9264405625000001 0.32890625 0.9101066250000001 0.32109375 0.888328040625 0.32109375 0.8502155171875 0.3328125 0.8338815796875 0.3328125 0.8202699640625 0.346484375 0.8366039015625001 0.385546875 0.83115925625 0.416796875 0.8420485484375 0.444140625 0.8556601640625001 0.45 0.8774387484374999 0.45 0.9373298546875001 0.4421875 0.9591084390625 0.434375 0.9890539921875 0.416796875 1 0.4010904953125 1 0.3544189453125
1 1 0.05905590468750001 0.9155512703124999 0.075 0.8937726859375001 0.090625 0.839326225 0.10625 0.8229922875 0.10234375 0.7903244109375 0.10625 0.7358779484375 0.1375 0.703210071875 0.14921875 0.67326451875 0.174609375 0.67326451875 0.201953125 0.6895984578125 0.229296875 0.70048775 0.280078125 0.7140993640625 0.29765625 0.7249886562500001 0.28984375 0.7576565328125 0.28203125 0.782157440625 0.264453125 0.7712681484375 0.248828125 0.782157440625 0.217578125 0.844770871875 0.19609375 1 0.19609375 1 0.05905590468750001
1 1 0.19903021875 0.9754423781250001 0.19609375 0.8284369328124999 0.2 0.782157440625 0.221484375 0.7767127953124999 0.248828125 0.7876020875 0.260546875 0.7930467328125 0.291796875 0.8093806718749998 0.319140625 0.8284369328124999 0.3328125 0.888328040625 0.32109375 0.9101066250000001 0.32109375 0.931885209375 0.32890625 0.9754423781250001 0.32890625 1 0.3226878453125 1 0.19903021875
1 0.5390625 1 0.5390625 0.6482421875 0.453125 0.68046875 0.3411458328125 0.760546875 0.22135416718749998 0.869921875 0.20572916718749998 0.920703125 0.2708333328125 0.98515625 0.3016203703125 1 0.5390625 1
1 0.0463299421875 0.6296875 0.0234375 0.752734375 0 0.773828125 0 0.78203125 0.0026041671875 0.787890625 0.06770833281250001 0.8171875 0.1380208328125 0.897265625 0.1666666671875 0.90703125 0.20052083281250002 0.893359375 0.2630208328125 0.811328125 0.4453125 0.678515625 0.453125 0.65703125 0.3943212359375 0.6296875 0.0463299421875 0.6296875
1 0.1666666671875 0.9109375 0.1015625 0.948046875 0.08072916718749999 0.994921875 0.203125 0.9890625 0.23958333281250002 0.9734375 0.20052083281250002 0.916796875 0.1666666671875 0.9109375
1 0.8099972937500001 0.6296875 0.7005208328125 0.726953125 0.6536458328125 0.793359375 0.6484375 0.828515625 0.6875 0.8578125 0.8125 0.88125 0.8541666671874999 0.9046875 0.9427083328125001 0.90859375 0.9739583328125001 0.92421875 1 0.9193359375 1 0.8154017859374999 0.9973958328125001 0.812890625 1 0.8093098953125001 1 0.7489257796875 0.9817708328125001 0.711328125 0.9777391968749999 0.6296875 0.8099972937500001 0.6296875
1 0.806 0.6296875 0.7005208328125 0.726953125 0.6484375 0.805078125 0.6588541671875 0.840234375 0.8541666671874999 0.9046875 0.9427083328125001 0.90859375 0.9791666671874999 0.928125 1 0.923153409375 1 0.8153764203125 0.9973958328125001 0.812890625 0.9973958328125001 0.797265625 1 0.7969866078125 1 0.7489257796875 0.9817708328125001 0.711328125 0.9742636499999999 0.6296875 0.806 0.6296875
1 0.5390625 1 0.8683333328125 1 0.875 0.975 0.8177083328125001 0.9046875 0.7760416671874999 0.90859375 0.6979166671875 0.865625 0.6510416671875 0.865625 0.5390625 0.9401017093749999 0.5390625 1
1 0.5390625 1 0.8681985296875 1 0.875 0.97109375 0.8177083328125001 0.9046875 0.7760416671874999 0.90859375 0.7083333328125 0.86953125 0.6510416671875 0.865625 0.5390625 0.9401017093749999 0.5390625 1
1 0.840625 1 0.8489583328125001 0.975 0.8125 0.94375 0.7708333328125001 0.94375 0.7421875 0.980859375 0.7421875 1 0.840625 1