1 0 0.61875 0.409375 0.61875 0.409375 0 0 0 0 0.61875
1 0 0.4625 0.028515625 0.5005208328124999 0.048046875 0.5161458328124999 0.071484375 0.5161458328124999 0.10859375 0.45625 0.11640625 0.409375 0.08515625 0.2947916671875 0.05390625 0.25833333281250004 0.044140625 0.2557291671875 0.020703125 0.28177083281250004 0 0.28571428593750003 0 0.4625
1 0 0.61875 0.0255859375 0.61875 0.02265625 0.6125 0 0.6110615078125 0 0.61875
1 0.409375 0.266008771875 0.40546875 0.2635416671875 0.38984375 0.26875 0.3625 0.3729166671875 0.391796875 0.41197916718750005 0.409375 0.40172526093750005 0.409375 0.266008771875
1 0.24069602343750002 0 0.2375 0.003125 0.22578125 0.05 0.22578125 0.096875 0.251171875 0.1619791671875 0.286328125 0.18802083281249998 0.329296875 0.1984375 0.37421875 0.1697916671875 0.39765625 0.08125 0.382421875 0 0.24069602343750002 0
1 0.2296875 0.1020833328125 0.17890625 0.060416667187499995 0.165234375 0.06302083281250001 0.1515625 0.08125 0.16328125 0.18020833281249998 0.204296875 0.2192708328125 0.231640625 0.2244791671875 0.25703125 0.1854166671875 0.25703125 0.1697916671875 0.24140625 0.14895833281249998 0.2296875 0.1020833328125
1 0.1771484375 0.61875 0.227734375 0.5994791671875 0.2453125 0.5760416671875 0.2453125 0.5135416671875 0.180859375 0.4484375 0.14375 0.43541666718750005 0.118359375 0.4380208328125 0.0890625 0.49791666718750005 0.0890625 0.534375 0.10078125 0.5604166671875 0.126171875 0.5942708328124999 0.170234375 0.61875 0.1771484375 0.61875
1 0.409375 0.61875 0.409375 0.587168559375 0.403515625 0.5942708328124999 0.383984375 0.5838541671875 0.33125 0.58125 0.321022728125 0.61875 0.409375 0.61875
1 0.0041360296875 0 0 0.0049342109375 0 0.11918859687500001 0.012890625 0.12552083281249998 0.034375 0.1541666671875 0.048046875 0.1984375 0.071484375 0.2036458328125 0.09296875 0.1854166671875 0.1046875 0.1020833328125 0.06953125 0.07083333281250001 0.0462890625 0 0.0041360296875 0
1 0.0447395828125 0 0.06953125 0.07083333281250001 0.079296875 0.0838541671875 0.106640625 0.0890625 0.14765625 0.05 0.14765625 0.029166667187500002 0.12706801406249998 0 0.0447395828125 0
1 0.18359375 0 0.175 0.034375 0.17890625 0.055208332812500004 0.196484375 0.07864583281250001 0.22578125 0.08645833281250001 0.2296875 0.034375 0.2407366078125 0 0.18359375 0
1 0.1515625 0.0916666671875 0.13984375 0.08125 0.130078125 0.07864583281250001 0.1046875 0.096875 0.096875 0.1854166671875 0.110546875 0.2036458328125 0.130078125 0.2036458328125 0.153515625 0.18802083281249998 0.16328125 0.16458333281249998 0.1515625 0.0916666671875
1 0.13203125 0.2322916671875 0.10859375 0.2010416671875 0.091015625 0.1984375 0.067578125 0.2192708328125 0.0578125 0.2322916671875 0.0578125 0.25833333281250004 0.0890625 0.3 0.10078125 0.346875 0.114453125 0.3494791671875 0.137890625 0.3390625 0.1515625 0.30520833281250004 0.13203125 0.2322916671875
1 0.204296875 0.2192708328125 0.1671875 0.190625 0.153515625 0.18802083281249998 0.12421875 0.2114583328125 0.1515625 0.3 0.1515625 0.32083333281250004 0.169140625 0.3494791671875 0.212109375 0.3651041671875 0.24140625 0.32083333281250004 0.2375 0.2375 0.231640625 0.2244791671875 0.204296875 0.2192708328125
1 0.190625 0.3729166671875 0.1515625 0.35208333281250004 0.114453125 0.3494791671875 0.1046875 0.3625 0.118359375 0.4328125 0.169140625 0.4380208328125 0.1828125 0.4145833328125 0.190625 0.3729166671875
1 0.239453125 0.37552083281250004 0.22578125 0.36770833281250004 0.204296875 0.3651041671875 0.190625 0.378125 0.175 0.440625 0.235546875 0.5005208328124999 0.266796875 0.4953125 0.28046875 0.4770833328125 0.2765625 0.43541666718750005 0.239453125 0.37552083281250004
1 0.298046875 0.26614583281250004 0.28046875 0.25833333281250004 0.270703125 0.2557291671875 0.2453125 0.28958333281250004 0.24140625 0.346875 0.258984375 0.37552083281250004 0.301953125 0.3807291671875 0.31171875 0.3572916671875 0.30390625 0.284375 0.298046875 0.26614583281250004
1 0.341015625 0.1984375 0.284375 0.1854166671875 0.255078125 0.18802083281249998 0.24140625 0.221875 0.290234375 0.26614583281250004 0.305859375 0.26614583281250004 0.346875 0.2114583328125 0.341015625 0.1984375
1 0.376171875 0.25052083281250004 0.35078125 0.2322916671875 0.333203125 0.2348958328125 0.30390625 0.2791666671875 0.31171875 0.346875 0.337109375 0.3703125 0.36640625 0.3625 0.38984375 0.27395833281250004 0.376171875 0.25052083281250004
1 0.15453125 0.61875 0.15546875 0.6125 0.126171875 0.5942708328124999 0.08125 0.51875 0.0578125 0.5291666671875 0.03046875 0.596875 0.03046875 0.61875 0.15453125 0.61875
1 0.40576171875 0.61875 0.40546875 0.6125 0.383984375 0.5838541671875 0.35078125 0.58125 0.32734375 0.58125 0.31890625 0.61875 0.40576171875 0.61875
1 0.409375 0.4545138890625 0.39765625 0.440625 0.352734375 0.4484375 0.31953125 0.4770833328125 0.315625 0.5447916671875 0.337109375 0.5734375 0.364453125 0.5838541671875 0.399609375 0.5786458328124999 0.409375 0.5693452375 0.409375 0.4545138890625
1 0.265625 0.61875 0.258984375 0.6098958328124999 0.2375 0.6072916671875 0.208203125 0.6098958328124999 0.2051846578125 0.61875 0.265625 0.61875
1 0.314663459375 0.61875 0.315625 0.6020833328124999 0.301953125 0.5994791671875 0.277864584375 0.61875 0.314663459375 0.61875
1 0.360546875 0.3703125 0.32734375 0.3625 0.31171875 0.3625 0.3 0.39895833281250004 0.3 0.4458333328125 0.321484375 0.4692708328125 0.38984375 0.425 0.360546875 0.3703125
1 0.900390625 0.368877609375 0.8359375 0.306264178125 0.783203125 0.30354185624999996 0.765625 0.35526599375 0.7734375 0.40971245468750006 0.7890625 0.44238033125 0.79296875 0.464158915625 0.814453125 0.4832151765625 0.845703125 0.4832151765625 0.880859375 0.4668812390625 0.8984375 0.44238033125 0.90234375 0.42060174687499996 0.91015625 0.40971245468750006 0.91015625 0.38793387031250004 0.900390625 0.368877609375
1 0.7758076984375 0.61875 0.78515625 0.6057197140625 0.79296875 0.5730518375 0.7890625 0.464158915625 0.77734375 0.42060174687499996 0.765625 0.3988231625 0.748046875 0.3961008390625 0.7421875 0.40426780781250005 0.765625 0.5022714390624999 0.76171875 0.5621625453125 0.7432648625 0.61875 0.7758076984375 0.61875
1 0.742425828125 0.61875 0.75 0.60027506875 0.765625 0.534939315625 0.76171875 0.480492853125 0.734375 0.393378515625 0.708984375 0.3525436703125 0.654296875 0.325320440625 0.60546875 0.31715347031249996 0.587890625 0.31443114843750003 0.552734375 0.325320440625 0.53515625 0.3443767015625 0.5546875 0.3988231625 0.5546875 0.41515709999999995 0.49609375 0.4859375 0.49609375 0.49682679218750003 0.529296875 0.5267723453125 0.544921875 0.5213277 0.580078125 0.5431062843750001 0.638671875 0.5376616375000001 0.65234375 0.578496484375 0.65234375 0.61660900625 0.6508076984375 0.61875 0.742425828125 0.61875
1 0.409375 0.61875 0.5086952484375 0.61875 0.53125 0.5621625453125 0.53125 0.5403839609375 0.486328125 0.49410446874999997 0.409375 0.43953383125 0.409375 0.61875
1 0.649100975 0.61875 0.65234375 0.61660900625 0.65234375 0.578496484375 0.64453125 0.551273253125 0.634765625 0.5376616375000001 0.587890625 0.5485509296875 0.55859375 0.5294946687500001 0.541015625 0.5267723453125 0.53125 0.5403839609375 0.53125 0.5621625453125 0.5073685 0.61875 0.649100975 0.61875
1 1 0.5567179 0.974609375 0.5431062843750001 0.953125 0.5403839609375 0.939453125 0.5376616375000001 0.92578125 0.5567179 0.9141713015625001 0.61875 0.98828125 0.61875 0.98828125 0.6057197140625 1 0.5730518375 1 0.5567179
1 1 0.1313441203125 0.724609375 0.12931318125 0.72265625 0.1429247953125 0.849609375 0.31987579374999997 0.900390625 0.3634329625 0.986328125 0.4832151765625 1 0.49274330781250003 1 0.1313441203125
1 1 0.1313441203125 0.724609375 0.12931318125 0.72265625 0.1429247953125 0.849609375 0.31987579374999997 0.900390625 0.3634329625 0.982421875 0.47777053125 0.998046875 0.49410446874999997 1 0.49478505000000006 1 0.1313441203125
1 0.80078125 0.262707009375 0.72265625 0.14836944218749998 0.716796875 0.14564711875 0.7109375 0.1538140875 0.7109375 0.202815903125 0.6953125 0.25726236406249997 0.666015625 0.2926525640625 0.654296875 0.298097209375 0.6484375 0.31715347031249996 0.712890625 0.3525436703125 0.732421875 0.3797669015625 0.759765625 0.3797669015625 0.765625 0.37159993125 0.76953125 0.32804276250000003 0.783203125 0.30354185624999996 0.80078125 0.289930240625 0.80078125 0.262707009375
1 0.705078125 0.1347578265625 0.6875 0.132035503125 0.482421875 0.12931318125 0.4765625 0.13748015 0.4765625 0.19737125625000002 0.525390625 0.30354185624999996 0.576171875 0.30354185624999996 0.599609375 0.2926525640625 0.603515625 0.30354185624999996 0.642578125 0.30354185624999996 0.677734375 0.276318625 0.703125 0.2354837796875 0.7109375 0.1429247953125 0.705078125 0.1347578265625
1 0.409375 0.32888039999999996 0.43359375 0.289930240625 0.42578125 0.22459448750000002 0.41015625 0.20826054843750003 0.409375 0.2083178609375 0.409375 0.32888039999999996
1 0.409375 0.43837970000000004 0.478515625 0.4886598234375 0.505859375 0.472325884375 0.55078125 0.42060174687499996 0.546875 0.377044578125 0.49609375 0.246373071875 0.486328125 0.24365074843749998 0.443359375 0.281763271875 0.409375 0.3291316921875 0.409375 0.43837970000000004
1 0.409375 1 0.409375 0.6712743875 0.155859375 0.6691328265625 0.15 0.6772997953125 0.15 0.6990783796875 0.1578125 0.73174625625 0.148046875 0.7508025187499999 0.12265625 0.7753034249999999 0.11875 0.8134159484375001 0.152216084375 1 0.409375 1
1 0 1 0.0912558328125 1 0.116796875 0.9685883625 0.13828125 0.9331981625000001 0.11875 0.8297498859375001 0.11875 0.7753034249999999 0.089453125 0.7344685796875 0.07578125 0.7263016109375 0.062109375 0.7235792875 0.003515625 0.76713645625 0 0.7712526093750001 0 1
1 0.50424510625 0.61875 0.48515625 0.6729166671875 0.4890625 0.7354166671875 0.57890625 0.8083333328125001 0.575 0.88125 0.60234375 0.9333333328125001 0.5984375 0.990625 0.60546875 1 0.8038671875000001 1 0.803515625 0.9984375 0.809375 1 0.9668154765625001 1 0.98515625 0.9697916671875 1 0.9252604171875 1 0.806564153125 0.885546875 0.6442708328125 0.819140625 0.6338541671875 0.8081557765625 0.61875 0.50424510625 0.61875
1 0.5506009609375 0.61875 0.54765625 0.771875 0.573046875 0.8005208328125001 0.655078125 0.8005208328125001 0.717578125 0.8213541671875 0.71171875 0.7822916671875 0.72734375 0.725 0.71171875 0.6989583328125 0.715625 0.6520833328125 0.6854166671874999 0.61875 0.5506009609375 0.61875
1 0.510546875 0.9046875 0.47734375 0.88125 0.451953125 0.8786458328125001 0.434375 0.896875 0.432421875 0.9619791671875 0.541796875 0.9932291671875 0.59453125 0.9802083328125001 0.5984375 0.94375 0.584765625 0.9203125 0.561328125 0.9046875 0.510546875 0.9046875