1 0 0.3390625 0.3110119046875 0.3390625 0.3114583328125 0.33671875 0.3140625 0.311328125 0.2958333328125 0.29765625 0.23333333281250002 0.278125 0.15 0.28203125 0.1291666671875 0.27421875 0.051041667187499994 0.27421875 0.025 0.2859375 0.0119791671875 0.299609375 0.0119791671875 0.319140625 0 0.328125 0 0.3390625
1 0 0.2966517859375 0.025 0.2859375 0.0640625 0.248828125 0.0666666671875 0.23125 0.0692708328125 0.205859375 0 0.139574353125 0 0.2966517859375
1 1 0 0.65 0 0.65 0.259375 0.6525748640625 0.259375 0.6879650640625 0.206640625 0.707021325 0.20078125 0.7778017234375 0.2046875 0.8050249546874999 0.2125 0.83769283125 0.2125 0.9356964609375 0.228125 0.9574750453125 0.22421875 1 0.175850125 1 0
1 1 0.136142984375 0.990142921875 0.134375 0.973808984375 0.1265625 0.65 0.11881863125 0.65 0.259375 0.6525748640625 0.259375 0.677075771875 0.210546875 0.6961320328125 0.20078125 0.7560231390625 0.20078125 0.815914246875 0.2125 0.8322481843749999 0.20859375 0.9030285843750001 0.22421875 0.9520303999999999 0.22421875 0.9656420140625 0.218359375 1 0.1749283078125 1 0.136142984375
1 1 0.3390625 1 0.239658609375 0.9356964609375 0.228125 0.75057849375 0.2046875 0.701576678125 0.2046875 0.6879650640625 0.210546875 0.6661864796875 0.245703125 0.6661864796875 0.269140625 0.7179106171875 0.27890625 0.7641901093750001 0.312109375 0.7641901093750001 0.3390625 1 0.3390625
1 0.65 1 0.65 0.5195843765625 0.6110208 0.5177190328125001 0.5674910328125 0.5203229265625 0.45503877187499997 0.5802088937500001 0.3716064 0.6400948640624999 0.3171940546875 0.8015263156250001 0.3462140828125 0.8796383453125 0.4260187453125 0.9317130328125 0.55885430625 1 0.65 1
1 0 1 0.368082609375 1 0.34584275625 0.9186388578125001 0.27618896406250004 0.8509024140625 0.145120059375 0.8186469015625001 0 0.778802009375 0 1
1 0.65 0.358915584375 0.616937953125 0.3455729171875 0.5751956671875 0.3455729171875 0.5189343234375 0.38333333281250004 0.48626644687500004 0.3963541671875 0.440894396875 0.425 0.41004140156249996 0.4575520828125 0.384633053125 0.5239583328124999 0.384633053125 0.5552083328125 0.39552234531249997 0.5890625 0.4082265203125 0.5994791671874999 0.42456045781249996 0.6020833328125 0.48989621093749997 0.55390625 0.53708314375 0.5330729171875 0.6387165375 0.5174479171875 0.65 0.5176609515624999 0.65 0.358915584375
1 1 0.7415943281249999 0.9744791671874999 0.728125 0.9380208328125 0.696875 0.8911458328125 0.68515625 0.8078125 0.69296875 0.7348958328124999 0.67734375 0.7036458328124999 0.68515625 0.6802083328124999 0.706640625 0.6541666671875 0.769140625 0.65 0.7941406265625 0.65 0.8953125 0.6541666671875 0.898046875 0.6802083328124999 0.937109375 0.7036458328124999 0.9546875 0.8338541671874999 0.9859375 0.9536458328125 0.93515625 1 0.897609375 1 0.7415943281249999
1 1 0.5577938984374999 0.9822916671874999 0.566015625 0.9666666671874999 0.605078125 0.925 0.663671875 0.9614583328125 0.710546875 1 0.7364103625 1 0.5577938984374999
1 0.65 0.520256696875 0.70625 0.655859375 0.7192708328124999 0.665625 0.7869791671875 0.68125 0.8338541671874999 0.68515625 0.9067708328125 0.6578125 0.9614583328125 0.605078125 0.9796875 0.55234375 0.9822916671874999 0.534765625 0.95625 0.472265625 0.8859375 0.4078125 0.8390625 0.384375 0.8026041671874999 0.384375 0.7088541671875 0.42734375 0.6723958328124999 0.43515625 0.65 0.46091145781250004 0.65 0.520256696875
1 1 0.3390625 0.8756810906249999 0.3390625 0.8572916671874999 0.358984375 0.8677083328125 0.386328125 0.909375 0.401953125 0.925 0.437109375 0.95625 0.456640625 0.9770833328125 0.515234375 0.9953125 0.5328125 1 0.532271634375 1 0.3390625