1 0.082449778125 0 0.0859375 0.06510416718749999 0.099609375 0.1015625 0.125 0.1276041671875 0.203125 0.1484375 0.255859375 0.1796875 0.283203125 0.1796875 0.3125 0.1536458328125 0.35546875 0.06510416718749999 0.373046875 0.010416667187500001 0.3721277578125 0 0.082449778125 0
1 1 0.3203125 0.994140625 0.2630208328125 0.982421875 0.25 0.939453125 0.25 0.8984375 0.2604166671875 0.859375 0.2916666671875 0.802734375 0.3541666671875 0.775390625 0.3984375 0.76171875 0.453125 0.75390625 0.5755208328125 0.763671875 0.6197916671875 0.7890625 0.6588541671875 0.810546875 0.6640625 0.849609375 0.6223958328125 0.900390625 0.5885416671875 0.994140625 0.5651041671875 1 0.5369791671875 1 0.3203125
1 0.265625 0.23177083281250002 0.248046875 0.1953125 0.19140625 0.1614583328125 0.125 0.1484375 0.076171875 0.1614583328125 0.05859375 0.1848958328125 0.0546875 0.3697916671875 0.076171875 0.4114583328125 0.099609375 0.4296875 0.158203125 0.4270833328125 0.21875 0.3932291671875 0.265625 0.3046875 0.265625 0.23177083281250002
1 0.296875 0.625 0.369140625 0.640625 0.408203125 0.6302083328125 0.435546875 0.5833333328125 0.451171875 0.4661458328125 0.443359375 0.4192708328125 0.376953125 0.3776041671875 0.33984375 0.3671875 0.30078125 0.3177083328125 0.259765625 0.3020833328125 0.203125 0.3932291671875 0.150390625 0.4270833328125 0.126953125 0.4557291671875 0.123046875 0.4869791671875 0.13671875 0.5494791671875 0.1484375 0.5677083328125 0.197265625 0.5755208328125 0.24609375 0.6067708328125 0.296875 0.625
1 0.47531960156249997 0 0.482421875 0.013020832812499999 0.521484375 0.0442708328125 0.578125 0.08333333281250001 0.611328125 0.09114583281250001 0.6640625 0.0416666671875 0.6808035718750001 0 0.47531960156249997 0
1 0.83515625 0 0.830078125 0.06770833281250001 0.84375 0.2109375 0.88671875 0.24739583281250002 0.91796875 0.25 1 0.23811141406249997 1 0 0.83515625 0
1 1 0.572206440625 0.970703125 0.5651041671875 0.892578125 0.5833333328125 0.828125 0.6354166671875 0.802734375 0.6692708328125 0.791015625 0.6927083328125 0.791015625 0.7213541671875 0.80859375 0.7942708328125 0.853515625 0.8046875 1 0.8046875 1 0.572206440625
1 0.67138671875 0 0.65234375 0.0338541671875 0.60546875 0.08854166718749999 0.607421875 0.1171875 0.630859375 0.1848958328125 0.658203125 0.1927083328125 0.67578125 0.21354166718749998 0.716796875 0.23697916718749998 0.798828125 0.234375 0.845703125 0.21875 0.849609375 0.1067708328125 0.8359375 0.010416667187500001 0.8121279765624999 0 0.67138671875 0
1 0.5 0.390625 0.513671875 0.3463541671875 0.51171875 0.3177083328125 0.5 0.2890625 0.484375 0.1875 0.447265625 0.1614583328125 0.412109375 0.1901041671875 0.271484375 0.1901041671875 0.2578125 0.2109375 0.263671875 0.2942708328125 0.33203125 0.3645833328125 0.376953125 0.390625 0.451171875 0.4166666671875 0.486328125 0.4088541671875 0.5 0.390625
1 0 0.5052083328125 0.009765625 0.515625 0.021484375 0.5598958328125 0.01171875 0.6145833328125 0.015625 0.6979166671875 0.03125 0.7265625 0.080078125 0.7317708328125 0.103515625 0.7447916671875 0.126953125 0.7265625 0.142578125 0.6354166671875 0.14453125 0.5677083328125 0.1328125 0.515625 0.11328125 0.4401041671875 0.08984375 0.40625 0.048828125 0.3645833328125 0.013671875 0.3645833328125 0 0.3671875 0 0.5052083328125
1 0.673828125 0.6119791671875 0.658203125 0.5963541671875 0.576171875 0.5859375 0.46484375 0.6432291671875 0.453125 0.6979166671875 0.4609375 0.7760416671875 0.482421875 0.7942708328125 0.515625 0.7994791671875 0.681640625 0.7942708328125 0.693359375 0.7708333328125 0.701171875 0.7161458328125 0.673828125 0.6119791671875
1 0.3783969078125 0 0.383272459375 0.0085067453125 0.42230325625000004 0.01176140625 0.4322936828125 0 0.3783969078125 0