1 0.46875 0 0.339583334375 0 0.3338541671875 0.007421875 0.32864583281250004 0.030859375 0.3104166671875 0.04453125 0.3078125 0.073828125 0.3234375 0.120703125 0.3885416671875 0.15 0.4614583328125 0.165625 0.46875 0.16158287968750001 0.46875 0
1 0.08125 0.2125 0.055208332812500004 0.228125 0.052604167187499995 0.237890625 0.09427083281250001 0.288671875 0.0838541671875 0.347265625 0.18020833281249998 0.38046875 0.1984375 0.331640625 0.2401041671875 0.312109375 0.1984375 0.276953125 0.18802083281249998 0.237890625 0.16458333281249998 0.21640625 0.1385416671875 0.20859375 0.08125 0.2125
1 0.2010416671875 0.196875 0.175 0.2046875 0.17239583281249998 0.218359375 0.1984375 0.245703125 0.2088541671875 0.280859375 0.2427083328125 0.30234375 0.35208333281250004 0.28671875 0.39895833281250004 0.27109375 0.4223958328125 0.249609375 0.4171875 0.171484375 0.33645833281250004 0.134375 0.3104166671875 0.134375 0.27395833281250004 0.15 0.2010416671875 0.196875
1 0 0.459375 0.2088541671875 0.459375 0.2088541671875 0.425390625 0.1984375 0.409765625 0.1671875 0.394140625 0.14895833281249998 0.37265625 0.0916666671875 0.353125 0.0760416671875 0.35703125 0.052604167187499995 0.382421875 0.0239583328125 0.39609375 0 0.415260415625 0 0.459375
1 0.46875 0.350390625 0.4536458328125 0.327734375 0.41979166718750005 0.2984375 0.346875 0.290625 0.2114583328125 0.32578125 0.19583333281249998 0.34921875 0.1932291671875 0.394140625 0.2140625 0.421484375 0.21827256875 0.459375 0.3946586890625 0.459375 0.3963541671875 0.452734375 0.46875 0.378076171875 0.46875 0.350390625
1 0 0 0 0.170052084375 0.0395833328125 0.2046875 0.1385416671875 0.2046875 0.1671875 0.191015625 0.18802083281249998 0.159765625 0.2557291671875 0.108984375 0.2921875 0.062109375 0.31302083281250004 0.003515625 0.3099877453125 0 0 0
0 0.5890625 0.1900024421875 0.5714843765625 0.2391357421875 0.56953125 0.2498168953125 0.6203125 0.2925415046875 0.6378906234375 0.3245849609375 0.7199218765625 0.345947265625 0.78046875 0.2711791984375 0.784375 0.2199096671875 0.7375 0.1045532234375 0.7277343765625 0.0938720703125 0.6847656234375 0.0938720703125 0.6144531234375 0.175048828125 0.5890625 0.1900024421875
0 0.7628906234375 0.02978515625 0.7316406234375 0.06396484375 0.7296875 0.0917358390625 0.784375 0.2156372078125 0.784375 0.2669067390625 0.9035156234375 0.311767578125 0.9328125 0.2797241203125 0.925 0.2369995109375 0.940625 0.2028198234375 0.9484375 0.1301879890625 0.9386718765625 0.1195068359375 0.9152343765625 0.13232421875 0.8410156234375 0.1280517578125 0.815625 0.1045532234375 0.7921875 0.040466307812500005 0.7785156234375 0.02978515625 0.7628906234375 0.02978515625
0 0.9464843765625 0.0084228515625 0.8019531234375 0.0126953125 0.8078125 0.0831909171875 0.8371093765625 0.123779296875 0.9074218765625 0.13232421875 0.93671875 0.1173706046875 0.95234375 0.0703735359375 0.9464843765625 0.0084228515625
0 0.46875 0 0.46875 0.0987032375 0.5128906234375 0.1024169921875 0.5285156234375 0.09814453125 0.6125504875 0 0.46875 0
0 0.46875 0.459375 0.56974609375 0.459375 0.58125 0.4378051765625 0.60078125 0.3609008796875 0.6203125 0.3309936515625 0.6203125 0.3053588859375 0.5910156234375 0.26904296875 0.4972656234375 0.251953125 0.46875 0.23177202968750002 0.46875 0.459375
0 0.46875 0.459375 0.5690500625 0.459375 0.58125 0.4420776359375 0.6046875 0.3480834953125 0.6203125 0.3352661140625 0.62421875 0.3139038078125 0.5949218765625 0.26904296875 0.4855468765625 0.243408203125 0.46875 0.2315979 0.46875 0.459375
0 0.46875 0.459375 0.5690500625 0.459375 0.58125 0.4420776359375 0.6046875 0.3480834953125 0.6203125 0.3352661140625 0.62421875 0.3139038078125 0.5949218765625 0.26904296875 0.4855468765625 0.243408203125 0.46875 0.2315979 0.46875 0.459375
0 0.9125666156250001 0.459375 0.9015625 0.3309936515625 0.8722656234375 0.2989501953125 0.8136718765625 0.277587890625 0.7824218765625 0.277587890625 0.7316406234375 0.3416748046875 0.7411758296875 0.459375 0.9125666156250001 0.459375
0 1 0.459375 1 0.220764159375 0.9777343765625 0.1964111328125 0.9484375 0.1985473640625 0.9328125 0.2327270515625 0.93671875 0.2754516609375 0.9035156234375 0.328857421875 0.91328125 0.3737182609375 0.909375 0.4036254890625 0.925 0.4591674796875 0.9249728953125 0.459375 1 0.459375
0 0.46875 0.459375 0.051831490625 0.459375 0.033164132812500004 0.475 0.0304418109375 0.488671875 0.0522203953125 0.519921875 0.0739989796875 0.531640625 0.0957775640625 0.562890625 0.13389008593750001 0.598046875 0.1393347328125 0.613671875 0.1774472546875 0.660546875 0.19650351562499999 0.67421875 0.21283745468749998 0.678125 0.240060684375 0.6703125 0.31628573125 0.62734375 0.4088447140625 0.5921875 0.46875 0.56415776875 0.46875 0.459375
0 0.46875 1 0.46875 0.8625071203125 0.4360679453125 0.84609375 0.4088447140625 0.84609375 0.381621484375 0.86171875 0.302674115625 0.918359375 0.2727285609375 0.9515625 0.2700062390625 0.957421875 0.302674115625 0.996484375 0.30757429687500004 1 0.46875 1
0 0 0.7229419921875 0.022274840625 0.73671875 0.0767213015625 0.73671875 0.101222209375 0.715234375 0.10666685625000001 0.695703125 0.144779378125 0.633203125 0.13389008593750001 0.609765625 0.10666685625000001 0.578515625 0.08761059375 0.5609375 0.033164132812500004 0.553125 0.016830195312499997 0.5453125 0 0.5453125 0 0.7229419921875
0 0.0767213015625 0.73671875 0.0386087796875 0.740625 0.03588645625 0.746484375 0.084888271875 0.785546875 0.084888271875 0.805078125 0.0631096875 0.828515625 0.07127665625 0.83828125 0.1475017015625 0.8421875 0.180169578125 0.83828125 0.25639462343749997 0.85390625 0.3271750234375 0.8578125 0.3489536078125 0.85 0.37345451406249996 0.832421875 0.4006777453125 0.801171875 0.362565221875 0.769921875 0.362565221875 0.758203125 0.389788453125 0.738671875 0.3870661296875 0.7328125 0.3435089609375 0.7328125 0.310841084375 0.725 0.24550533125000001 0.678125 0.19650351562499999 0.68203125 0.1665579625 0.660546875 0.152946346875 0.64296875 0.1393347328125 0.644921875 0.0957775640625 0.723046875 0.0767213015625 0.73671875
0 0.2346160390625 1 0.275450884375 0.973046875 0.2700062390625 0.949609375 0.2917848234375 0.926171875 0.3353419921875 0.894921875 0.3353419921875 0.883203125 0.3053964390625 0.86171875 0.21283745468749998 0.85 0.1692802859375 0.83828125 0.14205705468750002 0.84609375 0.065832009375 0.8421875 0.016830195312499997 0.86953125 0.005940903125 0.88125 0.0032185796874999997 0.898828125 0.0086632265625 0.906640625 0.0522203953125 0.933984375 0.0903329171875 0.980859375 0.1170116828125 1 0.2346160390625 1
0 0 0.843252903125 0.022274840625 0.8421875 0.033164132812500004 0.84609375 0.044053425 0.8421875 0.084888271875 0.805078125 0.07944362499999999 0.781640625 0 0.7272949687500001 0 0.843252903125
0 0 0.5438917375 0.0386087796875 0.553125 0.07944362499999999 0.555078125 0.0739989796875 0.539453125 0.0522203953125 0.523828125 0.016830195312499997 0.475 0 0.47349065156250003 0 0.5438917375
0 0.46875 0.5650152953124999 0.32173037656250003 0.62734375 0.26183926875 0.65859375 0.259116946875 0.680078125 0.2645615921875 0.687890625 0.310841084375 0.72109375 0.33261966875 0.72890625 0.40340006875 0.72890625 0.468735821875 0.69765625 0.46875 0.697657175 0.46875 0.5650152953124999
0 0.46875 0.69765625 0.468735821875 0.69765625 0.44151259062500003 0.709375 0.3652875453125 0.76015625 0.362565221875 0.769921875 0.3925107765625 0.79140625 0.46875 0.833948884375 0.46875 0.69765625
0 0 1 0.115001353125 1 0.0739989796875 0.965234375 0.0467757484375 0.930078125 0.016830195312499997 0.9125 0.005940903125 0.9125 0 0.9159098312499999 0 1
0 0.46875 0.8222537765624999 0.5520218921875 0.790625 0.562911184375 0.790625 0.5765228 0.780859375 0.598301384375 0.730078125 0.598301384375 0.706640625 0.62007996875 0.636328125 0.6091906765624999 0.608984375 0.60102370625 0.603125 0.5874120921875 0.605078125 0.554744215625 0.546484375 0.519354015625 0.5171875 0.47579684687499996 0.5015625 0.46875 0.500764225 0.46875 0.8222537765624999
0 0.5237097328125 0.459375 0.5220763390625 0.483984375 0.562911184375 0.51328125 0.579245121875 0.51328125 0.6119129984375 0.525 0.6527478453125 0.558203125 0.6473031984375 0.581640625 0.62007996875 0.601171875 0.62007996875 0.624609375 0.6282469374999999 0.63046875 0.6500255218750001 0.61484375 0.6772487515625001 0.61875 0.709916628125 0.63828125 0.7698077359375001 0.62265625 0.7915863203125 0.62265625 0.81064258125 0.655859375 0.8051979359375 0.691015625 0.8133649046875 0.696875 0.8732560125 0.696875 0.8841453046875 0.69296875 0.8977569187500001 0.671484375 0.9413140875 0.644140625 0.9413140875 0.628515625 0.903201565625 0.562109375 0.8923122734375 0.526953125 0.8705336890625001 0.507421875 0.8705336890625001 0.495703125 0.859644396875 0.483984375 0.851477428125 0.478125 0.8460327812500001 0.4859375 0.8378658124999999 0.483984375 0.8487551046874999 0.476171875 0.8487551046874999 0.468359375 0.8419245484375001 0.459375 0.5237097328125 0.459375
0 0.579245121875 0.51328125 0.5411326 0.525 0.5384102765625001 0.534765625 0.554744215625 0.550390625 0.5765228 0.601171875 0.58468976875 0.60703125 0.606468353125 0.60703125 0.6527478453125 0.573828125 0.6473031984375 0.554296875 0.606468353125 0.525 0.579245121875 0.51328125
0 1 0.7284878203125 0.9984828718750001 0.728125 0.96037035 0.74375 0.92498015 0.769140625 0.875978334375 0.823828125 0.8678113656249999 0.85703125 0.8678113656249999 0.884375 0.8787006578125001 0.88828125 0.9385917656250001 0.88828125 1 0.9120043625 1 0.7284878203125
0 1 1 1 0.9258382171874999 0.9957605484375 0.913671875 0.9494810578124999 0.8921875 0.9222578265625 0.88828125 0.895034596875 0.88828125 0.875978334375 0.898046875 0.859644396875 0.925390625 0.8296988437499999 0.9546875 0.8269765203125001 0.960546875 0.859644396875 0.983984375 0.86776186875 1 1 1
0 0.7561961203124999 0.722265625 0.7371398593749999 0.7515625 0.7425845046875 0.759375 0.780697028125 0.77109375 0.8351434890625 0.77890625 0.8841453046875 0.77890625 0.9086462109374999 0.765234375 0.9140908578125 0.741796875 0.895034596875 0.728125 0.8732560125 0.72421875 0.8296988437499999 0.7046875 0.786141675 0.7046875 0.7561961203124999 0.722265625
0 1 0.6469796078125001 0.9494810578124999 0.65 0.903201565625 0.679296875 0.9004792421874999 0.6890625 0.8977569187500001 0.706640625 0.9494810578124999 0.74375 0.96037035 0.74375 1 0.7261491078125 1 0.6469796078125001
0 0.46875 1 0.6863999453125 1 0.6255246140625 0.933203125 0.5683558296875 0.88828125 0.5084647234374999 0.88828125 0.47035220000000005 0.9 0.46875 0.9008621218750001 0.46875 1
0 0.46875 0.89899754375 0.5247986609375 0.884375 0.5574665375000001 0.884375 0.5874120921875 0.898046875 0.641858553125 0.952734375 0.6554701671875 0.95859375 0.6745264296875 0.948828125 0.6745264296875 0.929296875 0.6581924906250001 0.898046875 0.685415721875 0.882421875 0.685415721875 0.870703125 0.62007996875 0.808203125 0.5955790609375 0.790625 0.5738004765625 0.78671875 0.46875 0.8244028734375 0.46875 0.89899754375
0 0.6908603671875 0.648046875 0.6826933984375 0.66171875 0.6963050140625 0.702734375 0.709916628125 0.7203125 0.753473796875 0.71640625 0.780697028125 0.7046875 0.8051979359375 0.687109375 0.81064258125 0.675390625 0.8051979359375 0.640234375 0.7915863203125 0.62265625 0.7643630890625 0.62265625 0.709916628125 0.63828125 0.6908603671875 0.648046875
0 0.644580875 0.77890625 0.6336915828125 0.80625 0.6309692609375 0.812109375 0.641858553125 0.827734375 0.6990273359375 0.8765625 0.7480291515624999 0.8921875 0.7698077359375001 0.915625 0.8079202593750001 0.91953125 0.859644396875 0.878515625 0.8705336890625001 0.831640625 0.8977569187500001 0.792578125 0.8732560125 0.77890625 0.8024756125 0.775 0.7316952125 0.759375 0.6990273359375 0.79453125 0.6826933984375 0.79453125 0.644580875 0.77890625
0 1 0.5548411046874999 0.9821489343749998 0.5484375 0.9494810578124999 0.5484375 0.9277024734375001 0.55625 0.91681318125 0.56796875 0.9494810578124999 0.64609375 0.9712596421875 0.65 0.9767042874999999 0.64609375 1 0.6452978703125 1 0.5548411046874999