1 0 0.5796875 0.4796875 0.5796875 0.4796875 0 0 0 0 0.5796875
1 0.376506696875 0.5796875 0.37265625 0.54375 0.323828125 0.4994791671875 0.280859375 0.47864583281249995 0.24375 0.4760416671875 0.22421875 0.496875 0.2046875 0.559375 0.2046875 0.5796875 0.376506696875 0.5796875
1 0.1484375 0 0.151953125 0.0046875 0.187109375 0.025520832812499998 0.241796875 0.025520832812499998 0.257421875 0.0098958328125 0.2640625 0 0.1484375 0
1 0.148828125 0 0.187109375 0.025520832812499998 0.237890625 0.025520832812499998 0.257421875 0.0098958328125 0.2635529890625 0 0.148828125 0
1 0.134375 0.43958333281249995 0.148046875 0.4526041671875 0.191015625 0.44739583281249995 0.210546875 0.4213541671875 0.214453125 0.4369791671875 0.226171875 0.4369791671875 0.23203125 0.41875 0.22421875 0.403125 0.233984375 0.40052083281249995 0.2359375 0.38229166718749996 0.259375 0.35625 0.25546875 0.31979166718749996 0.245703125 0.3015625 0.210546875 0.28072916718749996 0.16953125 0.278125 0.14609375 0.29375 0.11484375 0.3875 0.134375 0.43958333281249995
1 0.4796875 0.10687500000000001 0.433203125 0.11927083281249999 0.4 0.16354166718750002 0.405859375 0.1921875 0.441015625 0.2130208328125 0.476171875 0.2546875 0.4796875 0.2546875 0.4796875 0.10687500000000001
1 0.4796875 0.30539772656249997 0.476171875 0.3015625 0.4546875 0.30416666718749996 0.421484375 0.31197916718749996 0.4078125 0.3302083328125 0.40390625 0.3927083328125 0.41953125 0.4291666671875 0.437109375 0.44739583281249995 0.468359375 0.4421875 0.4796875 0.4270833328125 0.4796875 0.30539772656249997
1 0.4796875 0 0.275 0 0.275 0.0020833328125000002 0.292578125 0.025520832812499998 0.339453125 0.056770832812500005 0.362890625 0.056770832812500005 0.394140625 0.0411458328125 0.409765625 0.0463541671875 0.441015625 0.0828125 0.464453125 0.07760416718749999 0.4796875 0.053598484375 0.4796875 0
1 0.421484375 0.1296875 0.43515625 0.1010416671875 0.43125 0.08541666718749999 0.394140625 0.0515625 0.3765625 0.054166667187499996 0.353125 0.0645833328125 0.34921875 0.1270833328125 0.355078125 0.1348958328125 0.421484375 0.1296875
1 0.4796875 0.48854166718750003 0.456640625 0.4578125 0.429296875 0.44739583281249995 0.398046875 0.39010416718749996 0.31796875 0.3927083328125 0.29453125 0.4135416671875 0.290625 0.47083333281249995 0.296484375 0.4838541671875 0.339453125 0.5046875 0.362890625 0.5359375 0.38046875 0.54375 0.38046875 0.5796875 0.44000000000000006 0.5796875 0.444921875 0.5723958328125 0.472265625 0.5671875 0.4796875 0.5572916671875 0.4796875 0.48854166718750003
1 0.304296875 0.2859375 0.366796875 0.2598958328125 0.384375 0.2 0.351171875 0.15572916718750002 0.321875 0.1583333328125 0.308203125 0.1661458328125 0.2828125 0.2104166671875 0.28671875 0.246875 0.304296875 0.2859375
1 0.321875 0.1375 0.300390625 0.1140625 0.24375 0.11145833281249999 0.218359375 0.11927083281249999 0.20078125 0.14791666718750002 0.19296875 0.2104166671875 0.206640625 0.2338541671875 0.253515625 0.2182291671875 0.276953125 0.2234375 0.28671875 0.19479166718750002 0.321875 0.153125 0.321875 0.1375
1 0.23984375 0.11145833281249999 0.2046875 0.13229166718750002 0.19296875 0.17916666718750002 0.19296875 0.215625 0.210546875 0.2390625 0.253515625 0.2182291671875 0.276953125 0.2182291671875 0.28671875 0.1895833328125 0.3296875 0.14791666718750002 0.300390625 0.1140625 0.23984375 0.11145833281249999
1 0.304296875 0.0359375 0.29453125 0.0385416671875 0.28671875 0.10625 0.319921875 0.1296875 0.339453125 0.1296875 0.34921875 0.11145833281249999 0.3453125 0.0645833328125 0.304296875 0.0359375
1 0.4796875 0 0.400830078125 0 0.4 0.017708332812499998 0.3921875 0.0385416671875 0.437109375 0.0828125 0.464453125 0.07760416718749999 0.4796875 0.05729166718749999 0.4796875 0
1 0.03954326875 0 0.03671875 0.0489583328125 0.066015625 0.0723958328125 0.081640625 0.0671875 0.09140625 0.0489583328125 0.10270432656249999 0 0.03954326875 0
1 0 0 0 0.0761904765625 0.007421875 0.07760416718749999 0.03671875 0.04375 0.039453125 0 0 0
1 0 0.26510416718749996 0.007421875 0.26510416718749996 0.015234375 0.2442708328125 0.026953125 0.2494791671875 0.081640625 0.2026041671875 0.09140625 0.1739583328125 0.0953125 0.1270833328125 0.0875 0.0958333328125 0.069921875 0.0723958328125 0.050390625 0.061979167187499996 0.02890625 0.0645833328125 0 0.0817129640625 0 0.26510416718749996
1 0.0953125 0.16875 0.151953125 0.1921875 0.187109375 0.1921875 0.2046875 0.13229166718750002 0.16953125 0.08541666718749999 0.163671875 0.061979167187499996 0.144140625 0.0515625 0.11484375 0.054166667187499996 0.0875 0.0802083328125 0.0953125 0.16875
1 0.24765625 0.0229166671875 0.183203125 0.0515625 0.16953125 0.06979166718749999 0.191015625 0.11927083281249999 0.210546875 0.1244791671875 0.233984375 0.1088541671875 0.280859375 0.1088541671875 0.28671875 0.1010416671875 0.29453125 0.0489583328125 0.273046875 0.025520832812499998 0.24765625 0.0229166671875
1 0.1265625 0 0.1265625 0.0125 0.144140625 0.0515625 0.187109375 0.0515625 0.20859375 0.028125 0.163671875 0.0098958328125 0.15518973281249998 0 0.1265625 0
1 0.07578125 0.2208333328125 0.038671875 0.2494791671875 0.00546875 0.30416666718749996 0.0015625 0.35625 0.034765625 0.4057291671875 0.066015625 0.4109375 0.112890625 0.39010416718749996 0.13828125 0.31979166718749996 0.134375 0.27291666718749996 0.108984375 0.2390625 0.07578125 0.2208333328125
1 0.183203125 0.2026041671875 0.124609375 0.1765625 0.09140625 0.17916666718750002 0.0875 0.2052083328125 0.101171875 0.2026041671875 0.11875 0.2260416671875 0.11875 0.246875 0.140234375 0.2755208328125 0.155859375 0.28072916718749996 0.19296875 0.2677083328125 0.20078125 0.23125 0.183203125 0.2026041671875
1 0.265234375 0.3067708328125 0.288671875 0.2911458328125 0.29453125 0.27291666718749996 0.269140625 0.2182291671875 0.2515625 0.2208333328125 0.214453125 0.2338541671875 0.196875 0.2677083328125 0.249609375 0.3067708328125 0.265234375 0.3067708328125
1 0.300390625 0.3953125 0.321875 0.38229166718749996 0.321875 0.325 0.308203125 0.2859375 0.290625 0.28854166718749996 0.259375 0.31979166718749996 0.259375 0.3458333328125 0.280859375 0.39010416718749996 0.300390625 0.3953125
1 0.390234375 0.39010416718749996 0.40390625 0.36666666718749996 0.40390625 0.309375 0.378515625 0.2703125 0.35703125 0.2677083328125 0.31796875 0.29375 0.32578125 0.3770833328125 0.351171875 0.3953125 0.390234375 0.39010416718749996
1 0.4796875 0.25967261875 0.441015625 0.2130208328125 0.409765625 0.1921875 0.39609375 0.19479166718750002 0.38046875 0.2104166671875 0.37265625 0.2520833328125 0.405859375 0.3067708328125 0.429296875 0.31197916718749996 0.472265625 0.3015625 0.4796875 0.2916666671875 0.4796875 0.25967261875
1 0.37265625 0.2416666671875 0.37265625 0.25729166718749996 0.386328125 0.2755208328125 0.421484375 0.2755208328125 0.4546875 0.246875 0.444921875 0.2182291671875 0.409765625 0.1921875 0.39609375 0.19479166718750002 0.38046875 0.2104166671875 0.37265625 0.2416666671875
1 0.22421875 0.45 0.249609375 0.4734375 0.284765625 0.4734375 0.29453125 0.40833333281249995 0.27890625 0.403125 0.257421875 0.4057291671875 0.22421875 0.45
1 1 0.5796875 1 0.35812499999999997 0.976953125 0.3458333328125 0.914453125 0.325 0.896875 0.32760416718749996 0.851953125 0.33541666718749996 0.750390625 0.3770833328125 0.707421875 0.38229166718749996 0.678125 0.43177083281249995 0.67421875 0.5151041671875001 0.6852272734375 0.5796875 1 0.5796875
1 0.4796875 0.5796875 0.68359375 0.5796875 0.68203125 0.5671875 0.6703125 0.5515625 0.66640625 0.4057291671875 0.6625 0.39010416718749996 0.633203125 0.35625 0.586328125 0.31979166718749996 0.54921875 0.31197916718749996 0.480859375 0.33541666718749996 0.4796875 0.3369791671875 0.4796875 0.5796875
1 0.4796875 0 0.4796875 0.3265625 0.480859375 0.325 0.562890625 0.30416666718749996 0.57265625 0.2911458328125 0.55703125 0.1817708328125 0.56875 0.11927083281249999 0.553125 0.07760416718749999 0.492578125 0.007291667187500001 0.482061296875 0 0.4796875 0
1 0.5009521484375 0 0.50234375 0.0098958328125 0.535546875 0.054166667187499996 0.586328125 0.0958333328125 0.6 0.0880208328125 0.629296875 0.028125 0.657140625 0 0.5009521484375 0
1 0.661921875 0 0.61171875 0.061979167187499996 0.5609375 0.1817708328125 0.5921875 0.31197916718749996 0.609765625 0.33541666718749996 0.648828125 0.3614583328125 0.676171875 0.403125 0.715234375 0.371875 0.777734375 0.3614583328125 0.840234375 0.33541666718749996 0.86171875 0.31197916718749996 0.86953125 0.28072916718749996 0.85390625 0.2078125 0.86171875 0.1244791671875 0.85 0.07760416718749999 0.81875 0.0411458328125 0.79703414375 0 0.661921875 0
1 0.801171875 0 0.803125 0.0046875 0.836328125 0.054166667187499996 0.883203125 0.090625 0.941796875 0.0489583328125 0.980859375 0.0333333328125 0.996335565625 0 0.801171875 0
1 1 0.0351273140625 0.99453125 0.0359375 0.941796875 0.054166667187499996 0.8890625 0.1088541671875 0.86171875 0.1817708328125 0.865625 0.2286458328125 0.88125 0.29635416718749996 0.891015625 0.309375 1 0.354583334375 1 0.0351273140625
1 0 1 0.11640625 1 0.11640625 0.8458333328125001 0.102734375 0.8328125 0.04609375 0.8354166671875 0 0.8382532062500001 0 1
1 0.4796875 0.7121527765625 0.4484375 0.7677083328125 0.425 0.8458333328125001 0.4796875 0.8480429296875001 0.4796875 0.7121527765625
1 0.3390625 0.8041666671875 0.403515625 0.8484375 0.42890625 0.809375 0.43671875 0.7677083328125 0.38984375 0.746875 0.364453125 0.7546875 0.3390625 0.8041666671875
1 0.356640625 0.7234375 0.3078125 0.7260416671875001 0.243359375 0.7390625 0.221875 0.7625 0.247265625 0.7859375 0.321484375 0.7911458328125001 0.3625 0.7520833328125 0.356640625 0.7234375
1 0.239453125 0.8848958328125001 0.2609375 0.85625 0.25703125 0.8197916671875 0.223828125 0.7651041671875001 0.21015625 0.7677083328125 0.20625 0.8614583328125001 0.239453125 0.8848958328125001
1 0.315625 0.825 0.28046875 0.85625 0.294140625 0.8953125 0.3703125 0.8822916671875 0.364453125 0.8276041671875 0.315625 0.825
1 0.258984375 0.9994791671875 0.317578125 0.9942708328125001 0.346875 0.9708333328125001 0.35078125 0.8979166671875 0.315625 0.8927083328125001 0.24921875 0.9760416671875 0.258984375 0.9994791671875
1 0.216015625 0.9890625 0.239453125 0.9838541671875 0.28828125 0.91875 0.28046875 0.871875 0.26484375 0.8614583328125001 0.20625 0.9552083328125001 0.216015625 0.9890625
1 0.216015625 0.9890625 0.239453125 0.9838541671875 0.28828125 0.91875 0.28046875 0.871875 0.26484375 0.8614583328125001 0.20625 0.9552083328125001 0.216015625 0.9890625
1 0.4796875 0.8558493593750001 0.47578125 0.85625 0.46015625 0.9447916671875 0.4796875 0.9524509812499999 0.4796875 0.8558493593750001
1 0.448369565625 1 0.446484375 0.9421875 0.3625 0.934375 0.346875 0.9708333328125001 0.358653846875 1 0.448369565625 1
1 0.24140625 0.653125 0.21796875 0.6739583328125 0.219921875 0.7390625 0.32734375 0.715625 0.294140625 0.6661458328125 0.24140625 0.653125
1 0.1790885421875 0.5796875 0.17890625 0.5802083328125 0.1828125 0.6479166671875001 0.204296875 0.6765625 0.24921875 0.6375 0.25703125 0.5958333328125 0.2556857640625 0.5796875 0.1790885421875 0.5796875
1 0.1400111609375 0.5796875 0.13984375 0.5802083328125 0.149609375 0.6505208328125 0.165234375 0.6505208328125 0.17890625 0.6166666671875001 0.18044704843749998 0.5796875 0.1400111609375 0.5796875
1 0.192578125 0.7494791671875001 0.21015625 0.7260416671875001 0.21015625 0.6947916671875001 0.173046875 0.6557291671875001 0.1515625 0.6583333328125 0.1359375 0.684375 0.13984375 0.7104166671875001 0.169140625 0.7442708328125 0.192578125 0.7494791671875001
1 0.157421875 0.8848958328125001 0.176953125 0.8848958328125001 0.20625 0.8458333328125001 0.1984375 0.7625 0.175 0.7572916671875001 0.13203125 0.8302083328125001 0.157421875 0.8848958328125001
1 0.157421875 0.8848958328125001 0.176953125 0.8848958328125001 0.20625 0.8458333328125001 0.1984375 0.7625 0.175 0.7572916671875001 0.13203125 0.8302083328125001 0.157421875 0.8848958328125001
1 0 0.6761363640625 0.01484375 0.6635416671875001 0.0109375 0.621875 0 0.6127604171875001 0 0.6761363640625
1 0 0.8257046578124999 0.036328125 0.8276041671875 0.055859375 0.8171875 0.06171875 0.79375 0.044140625 0.7598958328125 0 0.7569234 0 0.8257046578124999
1 0.4796875 1 0.779020890625 1 0.78828125 0.9670145187500001 0.7921875 0.9125680578124999 0.786328125 0.8989564421875 0.774609375 0.8935117968749999 0.743359375 0.8553992734375001 0.66328125 0.8363430125000001 0.637890625 0.8553992734375001 0.6203125 0.87990018125 0.6125 0.9016787656249999 0.579296875 0.9425136109375 0.548046875 0.9425136109375 0.481640625 0.91529038125 0.4796875 0.91529038125 0.4796875 1
1 0.4796875 0.9105559062499999 0.567578125 0.9425136109375 0.587109375 0.93162431875 0.65546875 0.8200090750000001 0.67109375 0.771007259375 0.67109375 0.7437840296875 0.68671875 0.6947822140625 0.690625 0.6621143375 0.684765625 0.65394736875 0.665234375 0.648502721875 0.5109375 0.6348911078125 0.49140625 0.6566696921874999 0.4796875 0.6795372046875 0.4796875 0.9105559062499999
1 0.4796875 0.5796875 0.4796875 0.67547846875 0.4953125 0.6457804 0.508984375 0.632168784375 0.598828125 0.6376134296875 0.602734375 0.6430580765625 0.645703125 0.6430580765625 0.649609375 0.648502721875 0.696484375 0.65394736875 0.70625 0.640335753125 0.7231713187500001 0.5796875 0.4796875 0.5796875
1 0.801250690625 0.5796875 0.7921875 0.596778584375 0.78046875 0.6512250453124999 0.753125 0.68933756875 0.7375 0.727450090625 0.721875 0.7764519062499999 0.721875 0.8036751359375 0.74921875 0.8526769515625 0.774609375 0.8826225046874999 0.9077190453124999 1 1 1 1 0.6703902 0.993359375 0.6648366609374999 0.973828125 0.6376134296875 0.958203125 0.6267241375 0.925 0.580444646875 0.924864196875 0.5796875 0.801250690625 0.5796875
1 0.8986060046875 1 0.837109375 0.9479582578125001 0.80390625 0.95068058125 0.7921875 0.9670145187500001 0.78828125 0.988793103125 0.7822509765625 1 0.8986060046875 1
1 1 0.5796875 0.9279673859375001 0.5796875 0.954296875 0.6212794921875 0.993359375 0.6648366609374999 1 0.6694646093750001 1 0.5796875