1 0.4296875 0.4 0.4296875 0.27280344218749997 0.428515625 0.2708333328125 0.323046875 0.22395833281250002 0.24296875 0.21614583281250002 0.229296875 0.21875 0.186328125 0.2864583328125 0.166796875 0.2916666671875 0.139453125 0.28125 0.075 0.3411458328125 0.0671875 0.3880208328125 0.068310546875 0.4 0.4296875 0.4
1 1 0.016469796875 0.976171875 0.00439258125 0.95078125 0.0016702593750000001 0.941015625 0.00439258125 0.915625 0.0506720734375 0.88828125 0.132341765625 0.87265625 0.20856681093749999 0.890234375 0.23306771718750002 0.956640625 0.26573559375 0.972265625 0.26573559375 1 0.277815903125 1 0.016469796875
1 1 0.4 1 0.38536931874999997 0.99375 0.37190619375 0.964453125 0.331071346875 0.944921875 0.314737409375 0.9234375 0.3174597328125 0.858984375 0.34196063906249996 0.8043894218750001 0.4 1 0.4
1 0.7566670734375001 0 0.68515625 0.09967388906249999 0.6578125 0.15412035 0.644140625 0.16228731875 0.62265625 0.19767751875 0.61875 0.23579004062500003 0.6265625 0.2684579171875 0.634375 0.366461546875 0.65843709375 0.4 0.8015019062500001 0.4 0.862890625 0.33651599375 0.933203125 0.30929276250000004 0.9546875 0.28479185625 0.948828125 0.26573559375 0.917578125 0.243957009375 0.901953125 0.243957009375 0.87265625 0.21401145625 0.87265625 0.1867882265625 0.8921875 0.11056318125 0.9078125 0.0724506578125 0.91171875 0.039782781249999996 0.8792398390624999 0 0.7566670734375001 0
1 0.5836052078125 0 0.56796875 0.018004196875 0.55234375 0.0561167203125 0.55234375 0.0778953046875 0.569921875 0.1078408578125 0.628515625 0.1459533796875 0.644140625 0.1459533796875 0.671484375 0.11873015 0.6890625 0.08333995 0.75498709375 0 0.5836052078125 0
1 0 1 0.2982506171875 1 0.30807291718749996 0.9361104812499998 0.3067708328125 0.7836603906249999 0.28203125 0.7092502265625 0.2364583328125 0.6566186484375001 0.19869791718750002 0.6239507718749999 0.052864582812500005 0.5259471421875 0.0033854171875 0.5059834390625 0 0.5059834390625 0 1
1 0.4296875 0.549903584375 0.3302083328125 0.48057509062500003 0.3028645828125 0.46968579843749997 0.12317708281249999 0.4733155625 0.0880208328125 0.48783461875 0.06328125 0.5186876140625 0.0671875 0.5350215515625 0.09322916718749999 0.55861501875 0.153125 0.596727540625 0.2286458328125 0.6566186484375001 0.26640625 0.6947311703125 0.3223958328125 0.7927348000000001 0.4296875 0.8559052125000001 0.4296875 0.549903584375
1 0.4296875 0.6620150859375 0.447265625 0.6620150859375 0.451171875 0.6674597328124999 0.455078125 0.6620150859375 0.47265625 0.751851746875 0.490234375 0.7709080078125 0.607421875 0.760018715625 0.630859375 0.7763526546875 0.642578125 0.7763526546875 0.6796875 0.7300731625 0.70703125 0.6701820546875 0.7109375 0.6538481171875 0.70703125 0.6102909484375 0.67578125 0.46873015 0.666015625 0.46056318125000006 0.4296875 0.4625356421875 0.4296875 0.6620150859375
1 0.4296875 0.6620150859375 0.458984375 0.6620150859375 0.4921875 0.61573559375 0.52734375 0.5449551953125 0.53515625 0.5013980265625 0.53125 0.46873015 0.517578125 0.46056318125000006 0.4296875 0.4618527015625 0.4296875 0.6620150859375
1 0.8604643453125 1 0.826171875 0.956025975 0.783203125 0.917913453125 0.759765625 0.9124688062499999 0.736328125 0.9233580984374999 0.716796875 0.9070241609374999 0.697265625 0.8798009296875 0.681640625 0.8689116375000001 0.6484375 0.8226321468750001 0.64453125 0.8008535609375 0.626953125 0.7872419468749999 0.623046875 0.7763526546875 0.615234375 0.7763526546875 0.607421875 0.7654633625 0.5703125 0.7681856843749999 0.548828125 0.7763526546875 0.515625 0.8389660843750001 0.50390625 0.8934125453124999 0.4765625 0.9315250687500001 0.4609375 0.9696375906250001 0.45125596874999996 1 0.8604643453125 1
1 0.80078125 0.84441073125 0.80078125 0.8661893156249999 0.77734375 0.9043018374999999 0.818359375 0.9451366828125 0.837890625 0.9505813296875001 0.857421875 0.934247390625 0.87890625 0.8988571921874999 0.86328125 0.8062982078125 0.833984375 0.716461546875 0.802734375 0.7001276093750001 0.76953125 0.7028499312500001 0.7578125 0.7137392234375 0.75 0.7572963921875 0.78125 0.7954089156249999 0.80078125 0.84441073125
1 0.68359375 0.724628515625 0.64453125 0.7790749765625 0.650390625 0.7981312390624999 0.658203125 0.7981312390624999 0.708984375 0.743684778125 0.744140625 0.7491294234375 0.7578125 0.7191838703125001 0.7578125 0.621180240625 0.75 0.5558444875 0.736328125 0.542232871875 0.7109375 0.5449551953125 0.6953125 0.5558444875 0.7109375 0.6320695328125 0.7109375 0.6592927625 0.68359375 0.724628515625
1 0.740234375 0.9233580984374999 0.767578125 0.9070241609374999 0.787109375 0.8852455765624999 0.80078125 0.8607446687500001 0.80078125 0.84441073125 0.7890625 0.8117428531249999 0.740234375 0.7491294234375 0.732421875 0.743684778125 0.70703125 0.7464071000000001 0.658203125 0.7981312390624999 0.6484375 0.8171875 0.677734375 0.8634669921875 0.716796875 0.9070241609374999 0.740234375 0.9233580984374999