1 0.55 0 0.41074965937499996 0 0.3421875 0.05703125 0.2588541671875 0.084375 0.23802083281250003 0.10390625 0.23802083281250003 0.115625 0.3578125 0.1625 0.3942708328125 0.2015625 0.49322916718750004 0.17421875 0.55 0.1770572921875 0.55 0
1 0.1859375 0.19765625 0.1338541671875 0.22109375 0.13125 0.418359375 0.22239583281250003 0.44375 0.3109375 0.4203125 0.3291666671875 0.402734375 0.365625 0.332421875 0.365625 0.254296875 0.38125 0.230859375 0.38125 0.211328125 0.3604166671875 0.176171875 0.3005208328125 0.146875 0.2484375 0.13515625 0.1859375 0.19765625
1 0.1390625 0.09609375 0.1286458328125 0.1078125 0.1260416671875 0.199609375 0.1338541671875 0.21328125 0.1442708328125 0.21328125 0.1755208328125 0.2015625 0.225 0.160546875 0.23020833281250003 0.125390625 0.225 0.105859375 0.21197916718749998 0.1 0.1390625 0.09609375
1 0.55 0.1888556984375 0.4984375 0.18203125 0.47239583281249997 0.19375 0.44114583281249997 0.19375 0.40729166718750004 0.219140625 0.40208333281249997 0.234765625 0.3708333328125 0.254296875 0.3682291671875 0.29140625 0.3708333328125 0.324609375 0.3994791671875 0.34609375 0.55 0.331982421875 0.55 0.1888556984375
1 0.13125 0.433984375 0.1286458328125 0.55703125 0.1338541671875 0.6078125 0.22760416718749998 0.60390625 0.2744791671875 0.615625 0.2822916671875 0.605859375 0.2822916671875 0.566796875 0.23020833281250003 0.504296875 0.21979166718749998 0.457421875 0.1911458328125 0.43984375 0.1494791671875 0.428125 0.13125 0.433984375
1 0.2953125 0.6390625 0.2640625 0.615625 0.22239583281250003 0.60390625 0.1807291671875 0.60390625 0.1338541671875 0.61171875 0.1286458328125 0.63125 0.1286458328125 0.6390625 0.2953125 0.6390625
1 0.55 0.6390625 0.55 0.5541294640625 0.5453125 0.553125 0.5088541671875 0.5375 0.46197916718750004 0.5375 0.4203125 0.553125 0.3838541671875 0.553125 0.2953125 0.6078125 0.2927083328125 0.633203125 0.29596354062499997 0.6390625 0.55 0.6390625
1 0.2796875 0.43984375 0.23802083281250003 0.4671875 0.240625 0.508203125 0.2614583328125 0.535546875 0.2979166671875 0.555078125 0.3057291671875 0.56875 0.3421875 0.56484375 0.3838541671875 0.5453125 0.4203125 0.54921875 0.43072916718750004 0.54140625 0.4515625 0.54140625 0.46979166718750004 0.527734375 0.4125 0.457421875 0.3526041671875 0.43203125 0.2796875 0.43984375
1 0.55 0.33059895781250004 0.5036458328125 0.3421875 0.3734375 0.35390625 0.3552083328125 0.363671875 0.3369791671875 0.396875 0.334375 0.426171875 0.41510416718750004 0.45546875 0.47760416718750004 0.5296875 0.55 0.5492343749999999 0.55 0.33059895781250004
1 1 0 0.854166665625 0 0.8229166671874999 0.0140625 0.7770833328125001 0.0078125 0.76875 0.0578125 0.78125 0.0765625 0.74375 0.0828125 0.71875 0.1171875 0.7354166671875 0.1359375 0.7770833328125001 0.1453125 0.90625 0.2171875 1 0.24794921875 1 0
1 1 0.4175 0.9395833328125001 0.4265625 0.8645833328125001 0.4828125 0.95625 0.5546875 0.9645833328125001 0.6078125 0.99375 0.6328125 1 0.6313577593749999 1 0.4175
1 0.8248611109375 0.6390625 0.8104166671874999 0.5984375 0.7229166671875 0.6046875 0.7020833328125 0.6328125 0.7015931375 0.6390625 0.8248611109375 0.6390625
1 0.55 0.584375 0.5520833328125 0.5859375 0.60625 0.5953125 0.6354166671875 0.5859375 0.66875 0.5421875 0.66875 0.5296875 0.65625 0.5046875 0.6270833328125 0.4921875 0.61875 0.4640625 0.5520833328125 0.4859375 0.55 0.4899305546875 0.55 0.584375
1 0.79375 0.5515625 0.8604166671875 0.4859375 0.8604166671875 0.4796875 0.7604166671874999 0.4328125 0.70625 0.4265625 0.6604166671875 0.4828125 0.6770833328125 0.5265625 0.7395833328125 0.5609375 0.79375 0.5515625
1 0.55 0.3248579546875 0.6104166671875 0.3578125 0.6604166671875 0.3421875 0.7145833328125 0.2609375 0.7145833328125 0.2515625 0.6770833328125 0.2171875 0.65625 0.2203125 0.55625 0.1765625 0.55 0.1786458328125 0.55 0.3248579546875
1 0.55 0.47801339218749994 0.6020833328124999 0.4640625 0.6229166671875 0.425 0.6229166671875 0.4046875 0.5979166671875 0.3765625 0.55 0.374508928125 0.55 0.47801339218749994
1 0.7645833328125 0.3609375 0.8145833328125001 0.3140625 0.8145833328125001 0.2859375 0.7645833328125 0.2703125 0.71875 0.2796875 0.7020833328125 0.2984375 0.70625 0.3453125 0.7270833328124999 0.3609375 0.7645833328125 0.3609375
0 0.55 0.7569071453125 0.49245973281250005 0.715625 0.4706811484375 0.71171875 0.4162346875 0.7390625 0.375399840625 0.772265625 0.359065903125 0.803515625 0.350898934375 0.85234375 0.3481766109375 0.873828125 0.37267751875 0.89140625 0.48701508593750004 0.8875 0.5006267015625 0.881640625 0.51151599375 0.866015625 0.55 0.8358953296875 0.55 0.7569071453125
0 0 0.6390625 0 0.7873563499999999 0.08955592031250001 0.8171875 0.236561365625 0.809375 0.24472833437500002 0.803515625 0.192501084375 0.6390625 0 0.6390625
0 0.19745065781249999 0.6390625 0.2175051046875 0.725390625 0.24472833437500002 0.783984375 0.24472833437500002 0.803515625 0.2746738890625 0.8171875 0.30734176562500004 0.8171875 0.3699551953125 0.772265625 0.45162488593749994 0.694140625 0.467958825 0.662890625 0.467958825 0.639453125 0.4673392625 0.6390625 0.19745065781249999 0.6390625
0 0 1 0.104334246875 1 0.07594430625000001 0.971484375 0.0296648140625 0.934375 0.0024415828125 0.934375 0 0.9353759765625 0 1
0 0.333952471875 1 0.3427319640625 0.983203125 0.3427319640625 0.963671875 0.3345649953125 0.9578125 0.1331130890625 0.90703125 0.0950005671875 0.903125 0.078666628125 0.90703125 0.051443398437499996 0.93046875 0.054165721874999996 0.951953125 0.10310471406249999 1 0.333952471875 1
0 0.48614394218749996 1 0.489737409375 0.987109375 0.4842927625 0.975390625 0.46523650156249996 0.965625 0.4162346875 0.9578125 0.350898934375 0.96171875 0.33595882499999996 1 0.48614394218749996 1
1 0.55 1 1 1 1 0.9228301078125 0.9633989343749999 0.91328125 0.9089524734375001 0.8859375 0.81094884375 0.85859375 0.5931629984375 0.83515625 0.55 0.8634306531250001 0.55 1
1 1 0.791464571875 0.8381720734375 0.7140625 0.8163934890625001 0.6984375 0.7728363203124999 0.68671875 0.74016844375 0.68671875 0.7129452125 0.67890625 0.6693880437499999 0.67890625 0.6367201671875 0.6984375 0.6339978453125 0.739453125 0.6448871374999999 0.770703125 0.6584987515625 0.78046875 0.7129452125 0.81171875 0.74016844375 0.81953125 0.767391675 0.84296875 0.9198417656250001 0.8859375 0.9633989343749999 0.909375 1 0.9206290109375 1 0.791464571875
1 0.6552319640625 0.6390625 0.5604951218750001 0.67890625 0.5577728 0.688671875 0.5768290609375 0.6984375 0.6149415828125 0.69453125 0.7075005671875 0.64765625 0.7194787890625001 0.6390625 0.6552319640625 0.6390625