1 0.33133081875000003 0.55 0.319921875 0.5098958328125 0.24765625 0.496875 0.202734375 0.4994791671875 0.1618125 0.55 0.33133081875000003 0.55
1 0.5296875 0.55 0.5296875 0.43196271875000003 0.495703125 0.4057291671875 0.472265625 0.40052083281249995 0.45859375 0.38229166718749996 0.429296875 0.3796875 0.382421875 0.3953125 0.353125 0.4604166671875 0.3375 0.5333333328125 0.34673913125 0.55 0.5296875 0.55
1 0.290625 0.153125 0.275 0.1270833328125 0.265234375 0.1244791671875 0.214453125 0.1661458328125 0.155859375 0.15572916718750002 0.12265625 0.2520833328125 0.171484375 0.2703125 0.191015625 0.31197916718749996 0.226171875 0.2703125 0.265234375 0.2598958328125 0.28671875 0.2364583328125 0.29453125 0.2104166671875 0.290625 0.153125
1 0.30625 0.27291666718749996 0.2984375 0.246875 0.284765625 0.2442708328125 0.257421875 0.2703125 0.222265625 0.28072916718749996 0.20078125 0.3145833328125 0.21640625 0.42395833281249995 0.23203125 0.47083333281249995 0.253515625 0.49427083281249995 0.331640625 0.4890625 0.36875 0.40833333281249995 0.36875 0.38229166718749996 0.353125 0.3458333328125 0.30625 0.27291666718749996
1 0 0.31197916718749996 0.003515625 0.31197916718749996 0.038671875 0.28072916718749996 0.077734375 0.28072916718749996 0.093359375 0.2703125 0.108984375 0.2390625 0.13046875 0.2208333328125 0.15 0.16354166718750002 0.14609375 0.14791666718750002 0.120703125 0.1244791671875 0.10703125 0.0958333328125 0.04453125 0.017708332812499998 0.026953125 0.0151041671875 0.0171875 0.04375 0 0.061842104687499996 0 0.31197916718749996
1 0.138671875 0.55 0.175390625 0.5255208328125 0.2046875 0.4916666671875 0.2125 0.41875 0.17734375 0.2833333328125 0.15390625 0.2677083328125 0.108984375 0.26510416718749996 0.081640625 0.2859375 0.034765625 0.2911458328125 0 0.314322915625 0 0.45536347499999996 0.050390625 0.4682291671875 0.134716796875 0.55 0.138671875 0.55
1 0.053472221875 0 0.06015625 0.0229166671875 0.155859375 0.15572916718750002 0.210546875 0.1661458328125 0.245703125 0.1296875 0.316015625 0.0880208328125 0.3453125 0.0489583328125 0.36691176406250003 0 0.053472221875 0
1 0.5296875 0 0.3753125 0 0.35703125 0.028125 0.353125 0.0489583328125 0.2984375 0.11145833281249999 0.2984375 0.2104166671875 0.312109375 0.2390625 0.343359375 0.2598958328125 0.394140625 0.32760416718749996 0.441015625 0.3640625 0.499609375 0.3848958328125 0.5296875 0.358946078125 0.5296875 0
1 0.65625 0.428125 0.68125 0.440625 0.7 0.440625 0.76875 0.3489583328125 0.759375 0.33645833281250004 0.778125 0.2947916671875 0.796875 0.2864583328125 0.79375 0.2697916671875 0.83125 0.24895833281250002 0.925 0.08645833281250001 0.9375 0.0364583328125 0.840625 0.0322916671875 0.771875 0.103125 0.690625 0.115625 0.66875 0.103125 0.6625 0.0614583328125 0.646875 0.0489583328125 0.540625 0.1614583328125 0.540625 0.2614583328125 0.65625 0.428125
1 0.775 0.503125 0.84375 0.5364583328125 0.846875 0.5364583328125 0.88125 0.5364583328125 0.9125 0.503125 0.90625 0.4947916671875 0.93125 0.4614583328125 0.94375 0.39895833281250004 0.903125 0.3697916671875 0.85 0.27395833281250004 0.828125 0.2614583328125 0.81875 0.2864583328125 0.771875 0.3072916671875 0.75 0.365625 0.734375 0.3572916671875 0.703125 0.4322916671875 0.725 0.46979166718750004 0.74375 0.465625 0.775 0.503125
1 1 0.10290570156250001 0.946875 0.065625 0.865625 0.19479166718750002 0.853125 0.24479166718749998 0.884375 0.3322916671875 0.9375 0.3864583328125 0.9625 0.3864583328125 1 0.378125 1 0.10290570156250001
1 1 0.1084821421875 0.9625 0.065625 0.940625 0.0739583328125 0.85625 0.2114583328125 0.85625 0.27395833281250004 0.88125 0.328125 0.940625 0.3864583328125 0.959375 0.3864583328125 1 0.3739583328125 1 0.1084821421875
1 1 0.390625 0.934375 0.3947916671875 0.928125 0.44895833281249997 0.909375 0.4739583328125 0.9125 0.5197916671875 0.98125 0.5364583328125 0.984375 0.5364583328125 1 0.5245535703125 1 0.390625
1 0.5296875 0.440625 0.53125 0.440625 0.578125 0.365625 0.5625 0.3114583328125 0.5296875 0.2802083328125 0.5296875 0.440625
1 0.578125 0.48229166718750005 0.6125 0.5489583328125 0.615625 0.5489583328125 0.64375 0.528125 0.675 0.45729166718750003 0.584375 0.3489583328125 0.53125 0.45729166718750003 0.578125 0.48229166718750005
1 0.5296875 0.55 0.6079687500000001 0.55 0.609375 0.5489583328125 0.6125 0.5322916671875 0.596875 0.5114583328125 0.60625 0.48645833281249995 0.5296875 0.4415416671875 0.5296875 0.55
1 0.626953125 0 0.634375 0.0197916671875 0.671875 0.0614583328125 0.74375 0.09895833281250001 0.759375 0.09895833281250001 0.784375 0.0822916671875 0.825 0.015625 0.8223958328125001 0 0.626953125 0
1 0.5296875 0 0.5296875 0.13229166718750002 0.55625 0.13229166718750002 0.603125 0.0822916671875 0.621875 0.0364583328125 0.6146369484374999 0 0.5296875 0
1 0.5296875 1 0.5296875 0.55 0 0.55 0 0.7916528671874999 0.075720284375 1 0.5296875 1
1 1 0.55 0.64659609375 0.55 0.6348958328125 0.5764036984375001 0.6348958328125 0.630850159375 0.64921875 0.7143347328124999 0.67265625 0.78511513125 0.6934895828125 0.8268574187500001 0.715625 0.9121568734375 0.7338541671875 0.937565221875 0.79765625 0.9901968015625 0.8191262765625 1 0.95858735625 1 0.9643229171875 0.9974563296875001 1 0.9500236906249999 1 0.55