1 0 0.7 0.3133333328125 0.7 0.31875 0.694921875 0.3135416671875 0.6734375 0.2744791671875 0.648046875 0.23020833281250003 0.63828125 0.1078125 0.64609375 0.053125 0.659765625 0.008854167187500001 0.687109375 0 0.6951334640625 0 0.7
1 0 0.20694901406250002 0.021875 0.22421875 0.0322916671875 0.261328125 0.0739583328125 0.327734375 0.1208333328125 0.335546875 0.23802083281250003 0.319921875 0.2848958328125 0.292578125 0.2953125 0.253515625 0.2796875 0.18125 0.2614583328125 0.13046875 0.23020833281250003 0.081640625 0.22239583281250003 0.0328125 0.20416666718749998 0.02109375 0.1416666671875 0.007421875 0.11041666718750001 0.011328125 0.0817708328125 0.034765625 0.0479166671875 0.0875 0 0.11727678593749999 0 0.20694901406250002
1 0 0.3979758515625 0.0010416671875 0.398046875 0.0453125 0.384375 0.0635416671875 0.370703125 0.0713541671875 0.335546875 0.0453125 0.261328125 0.0192708328125 0.21640625 0 0.19767071875 0 0.3979758515625
1 0.36875 0.3391145828125 0.3526041671875 0.3375 0.2979166671875 0.34921875 0.240625 0.460546875 0.2510416671875 0.542578125 0.2666666671875 0.558203125 0.36875 0.585 0.36875 0.3391145828125
0 0.652734375 0 0.6140625 0.0140625 0.4057291671875 0.0484375 0.36875 0.080794271875 0.36875 0.1385742203125 0.3723958328125 0.1515625 0.4973958328125 0.3171875 0.5723958328125001 0.3546875 0.6348958328125001 0.3546875 0.7640625 0.3296875 0.8890625 0.2546875 0.9432291671874999 0.1890625 0.9765625 0.1046875 0.9685863093750001 0 0.652734375 0
0 0.36875 0.7 0.54543505 0.7 0.5515625 0.5828125 0.43072916718750004 0.5234375 0.36875 0.525458559375 0.36875 0.7
0 1 0.7 1 0.51851356875 0.8973958328125 0.4921875 0.7348958328125 0.4984375 0.6807291671875 0.5296875 0.6890625 0.5640625 0.7348958328125 0.5984375 0.7515625 0.6328125 0.7393465906250001 0.7 1 0.7
0 0.7584791671875 0.7 0.7682291671874999 0.6390625 0.7098958328125 0.5765625 0.6223958328125001 0.5671875 0.5598958328125 0.5890625 0.5432291671875 0.6859375 0.5444791671875 0.7 0.7584791671875 0.7
0 0.36875 0.5297181375 0.44322916718750005 0.5078125 0.48072916718750003 0.4578125 0.5723958328125001 0.3828125 0.49322916718750004 0.3203125 0.36875 0.1788589015625 0.36875 0.5297181375
0 0.36875 0.51171875 0.3765625 0.5234375 0.4265625 0.5296875 0.5473958328124999 0.5859375 0.6557291671875 0.5640625 0.6765625 0.5453125 0.6557291671875 0.3921875 0.6265625 0.3796875 0.5473958328124999 0.3890625 0.43072916718750004 0.4890625 0.36875 0.5107552078125 0.36875 0.51171875
0 1 0.16101721875 0.8223958328125001 0.3078125 0.7098958328125 0.3703125 0.6432291671874999 0.3890625 0.6640625 0.4578125 0.7140625 0.5078125 0.9140625 0.5171875 1 0.543857759375 1 0.16101721875
1 0.36875 1 0.36875 0.97216796875 0.35989583281250004 0.9671875 0.2265625 0.9546875 0.1473958328125 0.9796875 0.140625 1 0.36875 1
0 0.541666665625 0.7 0.4927083328125 0.70546875 0.4328125 0.769921875 0.36875 0.811416903125 0.36875 0.8943908 0.5315070359374999 1 0.9513168234375 1 0.9223958328125 0.957421875 0.8494791671874999 0.758203125 0.76808943125 0.7 0.541666665625 0.7
0 0.36875 0.7 0.36875 0.7961309515625 0.4458333328125 0.7328125 0.42503415312500004 0.7 0.36875 0.7
0 1 0.7 0.9276545703124999 0.7 0.9171875 0.734765625 0.9354166671874999 0.76796875 1 0.771428571875 1 0.7
0 1 0.7830729171875 0.9875 0.77578125 0.9041666671874999 0.76796875 0.8807291671874999 0.808984375 0.9276041671874999 0.945703125 0.9458333328125 0.9515625 0.9666666671874999 0.93203125 1 0.9236979171874999 1 0.7830729171875
0 1 1 1 0.9296066812499999 0.9484375 0.949609375 0.965234375 1 1 1