1 0 0.56875 0.609375 0.56875 0.609375 0 0 0 0 0.56875
1 0.13229166718750002 0 0.1463541671875 0.010546875 0.1697916671875 0.04765625 0.2114583328125 0.06328125 0.28958333281250004 0.06328125 0.35208333281250004 0.0359375 0.3703125 0.010546875 0.373828125 0 0.13229166718750002 0
1 0 0.39495192343749996 0.0317708328125 0.389453125 0.0682291671875 0.334765625 0.06302083281250001 0.287890625 0.034375 0.26640625 0 0.24765625 0 0.39495192343749996
1 0.45625 0.4734375 0.45885416718750005 0.487109375 0.4770833328125 0.50078125 0.5239583328124999 0.51640625 0.58125 0.51640625 0.6046875 0.479296875 0.5395833328124999 0.42265625 0.46666666718750005 0.4421875 0.4536458328125 0.451953125 0.45625 0.4734375
1 0.33645833281250004 0.35234375 0.3625 0.36015625 0.4067708328125 0.389453125 0.43541666718750005 0.43046875 0.48229166718750005 0.43828125 0.5369791671875 0.412890625 0.5526041671875 0.377734375 0.6046875 0.334765625 0.6046875 0.307421875 0.5447916671875 0.25859375 0.4614583328125 0.24296875 0.3729166671875 0.25078125 0.3104166671875 0.26640625 0.2765625 0.307421875 0.2791666671875 0.3328125 0.3 0.35625 0.33645833281250004 0.35234375
1 0.609375 0.13046875 0.596875 0.13359375 0.58125 0.11796875 0.51875 0.12578125 0.4875 0.14140625 0.44322916718750005 0.178515625 0.440625 0.1921875 0.48229166718750005 0.24296875 0.5395833328124999 0.2546875 0.5760416671875 0.27421875 0.6020833328124999 0.2703125 0.609375 0.26446659375000003 0.609375 0.13046875
1 0 0 0 0.1888392859375 0.05 0.215625 0.0760416671875 0.215625 0.1125 0.2 0.1697916671875 0.215625 0.253125 0.21171875 0.3182291671875 0.166796875 0.3026041671875 0.116015625 0.26875 0.075 0.1697916671875 0.0515625 0.13333333281249998 0.0046875 0.1208333328125 0 0 0
1 0.41979166718750005 0.09453125 0.4458333328125 0.12578125 0.49791666718750005 0.13359375 0.5838541671875 0.112109375 0.5838541671875 0.061328125 0.4875 0.01640625 0.45104166718750005 0.01640625 0.4302083328125 0.02421875 0.4171875 0.041796875 0.41979166718750005 0.09453125
1 0.3765398546875 0 0.3729166671875 0.0125 0.39895833281250004 0.028125 0.41979166718750005 0.028125 0.45104166718750005 0.0125 0.4927083328125 0.0125 0.49204166718750003 0 0.3765398546875 0
1 0.3760416671875 0 0.3729166671875 0.01640625 0.409375 0.03203125 0.425 0.028125 0.45885416718750005 0.002734375 0.45885416718750005 0 0.3760416671875 0
1 0.3885416671875 0.11796875 0.4171875 0.100390625 0.4171875 0.045703125 0.40416666718750005 0.03203125 0.36770833281250004 0.028125 0.28958333281250004 0.06328125 0.284375 0.090625 0.3104166671875 0.11796875 0.3885416671875 0.11796875
1 0.4640625 0.233203125 0.4328125 0.190234375 0.4380208328125 0.158984375 0.4145833328125 0.11796875 0.33125 0.1140625 0.31302083281250004 0.123828125 0.315625 0.14140625 0.33125 0.16875 0.35208333281250004 0.16875 0.3703125 0.178515625 0.3885416671875 0.246875 0.4302083328125 0.246875 0.4640625 0.233203125
1 0.35208333281250004 0.25859375 0.3807291671875 0.241015625 0.3703125 0.178515625 0.346875 0.16875 0.32083333281250004 0.16875 0.253125 0.21171875 0.2479166671875 0.2234375 0.284375 0.25859375 0.35208333281250004 0.25859375
1 0.060416667187499995 0.28203125 0.08645833281250001 0.32109375 0.18020833281249998 0.325 0.2036458328125 0.295703125 0.1932291671875 0.225390625 0.14375 0.20390625 0.10729166718750001 0.20390625 0.0760416671875 0.215625 0.06302083281250001 0.225390625 0.060416667187499995 0.28203125
1 0.2401041671875 0.217578125 0.2010416671875 0.215625 0.19583333281249998 0.2234375 0.20625 0.23515625 0.221875 0.23515625 0.2401041671875 0.217578125
1 0.2479166671875 0.22734375 0.2322916671875 0.22734375 0.1984375 0.256640625 0.2010416671875 0.2859375 0.2114583328125 0.29765625 0.27395833281250004 0.30546875 0.3026041671875 0.264453125 0.2479166671875 0.22734375
1 0.1854166671875 0.3328125 0.253125 0.371875 0.28177083281250004 0.350390625 0.2713541671875 0.311328125 0.2322916671875 0.29765625 0.2114583328125 0.29765625 0.1854166671875 0.3328125
1 0 0.24435763906250002 0.0447916671875 0.27421875 0.0578125 0.272265625 0.06302083281250001 0.225390625 0.0395833328125 0.21171875 0 0.204296875 0 0.24435763906250002
1 0 0.4375 0.0135416671875 0.4578125 0.08125 0.48125 0.1125 0.50078125 0.14895833281249998 0.496875 0.2244791671875 0.451953125 0.25052083281250004 0.416796875 0.2557291671875 0.381640625 0.175 0.32890625 0.0760416671875 0.32109375 0.0421875 0.381640625 0 0.416796875 0 0.4375
1 0 0.5400669640625 0.07083333281250001 0.54765625 0.1098958328125 0.526171875 0.1098958328125 0.502734375 0.0916666671875 0.4890625 0 0.4546875 0 0.5400669640625
1 0 0 0 0.1895474140625 0.0005208328124999999 0.190234375 0.05 0.215625 0.07083333281250001 0.215625 0.1203125 0.194140625 0.1203125 0.166796875 0.1671875 0.049609375 0.13333333281249998 0.0046875 0.12172619062500001 0 0 0
1 0.609375 0.34111328125 0.6072916671875 0.340625 0.5526041671875 0.381640625 0.5421875 0.401171875 0.5447916671875 0.42265625 0.5916666671875 0.465625 0.609375 0.4689453125 0.609375 0.34111328125
1 0.5436197921875 0.56875 0.5473958328124999 0.557421875 0.5786458328124999 0.526171875 0.5552083328124999 0.51640625 0.503125 0.5125 0.4614583328125 0.49296875 0.4171875 0.530078125 0.41979166718750005 0.56328125 0.430324075 0.56875 0.5436197921875 0.56875
1 0.3885416671875 0.45390625 0.42760416718750005 0.428515625 0.4223958328125 0.405078125 0.35208333281250004 0.35625 0.315625 0.35625 0.3026041671875 0.366015625 0.2947916671875 0.3953125 0.35208333281250004 0.45390625 0.3885416671875 0.45390625
1 0.35208333281250004 0.4578125 0.32864583281250004 0.479296875 0.3260416671875 0.5515625 0.33645833281250004 0.559375 0.4015625 0.553515625 0.4067708328125 0.537890625 0.4536458328125 0.491015625 0.4484375 0.448046875 0.43541666718750005 0.434375 0.39375 0.45390625 0.35208333281250004 0.4578125
1 0.2921875 0.389453125 0.26875 0.38359375 0.2296875 0.440234375 0.2270833328125 0.46171875 0.253125 0.47734375 0.3104166671875 0.49296875 0.3494791671875 0.451953125 0.2921875 0.389453125
1 0.609375 0.56875 0.609375 0.5591911765625001 0.5864583328124999 0.5359375 0.5473958328124999 0.557421875 0.53984375 0.56875 0.609375 0.56875
1 0.29743589843749996 0.56875 0.3234375 0.545703125 0.3234375 0.510546875 0.30520833281250004 0.49296875 0.27395833281250004 0.48125 0.2375 0.4734375 0.2114583328125 0.47734375 0.20625 0.46953125 0.1697916671875 0.49296875 0.128125 0.50078125 0.1203125 0.506640625 0.12291666718750001 0.53203125 0.1541666671875 0.56328125 0.16875 0.56875 0.29743589843749996 0.56875
1 0.8230573421875 0 0.609375 0.1415308421875 0.609375 0.56875 1 0.56875 1 0.0106731390625 0.9461563484375001 0 0.8230573421875 0
1 0.609375 1 0.609375 0.909174346875 0.57229185625 0.9125 0.566847209375 0.90859375 0.46612125625 0.906640625 0.4552319640625 0.984765625 0.4506817953125 1 0.609375 1
1 0 0.56875 0 0.8913325390625 0.0223826 0.88515625 0.0414388609375 0.871484375 0.0251049234375 0.832421875 0.03054956875 0.812890625 0.060495121875 0.7796875 0.1094969375 0.76015625 0.1367201671875 0.76015625 0.1639433984375 0.75234375 0.21294521249999998 0.75625 0.2374461203125 0.738671875 0.2483354125 0.711328125 0.25378005937500003 0.652734375 0.27011399687500004 0.621484375 0.27011399687500004 0.594140625 0.2454481 0.56875 0 0.56875
1 0 0.56875 0 0.8913325390625 0.0223826 0.88515625 0.0414388609375 0.871484375 0.0251049234375 0.828515625 0.0468835078125 0.789453125 0.060495121875 0.7796875 0.1094969375 0.76015625 0.1367201671875 0.76015625 0.15849875156249998 0.75234375 0.2075005671875 0.75625 0.2374461203125 0.738671875 0.2483354125 0.711328125 0.25378005937500003 0.656640625 0.27011399687500004 0.621484375 0.27011399687500004 0.590234375 0.2493824609375 0.56875 0 0.56875
1 0.609375 0.56875 0.3671611359375 0.56875 0.27555864375 0.598046875 0.27011399687500004 0.629296875 0.25378005937500003 0.664453125 0.2483354125 0.719140625 0.2374461203125 0.746484375 0.2211121828125 0.766015625 0.22383450468750002 0.7875 0.234723796875 0.7953125 0.2946149046875 0.803125 0.30278187343749996 0.762109375 0.3191158125 0.746484375 0.3245604578125 0.719140625 0.349061365625 0.7015625 0.3871738890625 0.69375 0.41984176562500003 0.69765625 0.444342671875 0.719140625 0.444342671875 0.769921875 0.43345337968750003 0.816796875 0.37900691875 0.871484375 0.37900691875 0.879296875 0.3653953046875 0.88515625 0.3436167203125 0.88125 0.33544975 0.891015625 0.3436167203125 0.90078125 0.41439711875 0.90078125 0.4552319640625 0.883203125 0.4824551953125 0.836328125 0.5260123640625001 0.785546875 0.550513271875 0.76796875 0.566847209375 0.7640625 0.609375 0.7640625 0.609375 0.56875
1 0.3300051046875 0.711328125 0.30278187343749996 0.766015625 0.297337228125 0.808984375 0.2864479359375 0.832421875 0.28917025937499996 0.84609375 0.30550419687499997 0.86171875 0.37083995000000003 0.88515625 0.428008734375 0.828515625 0.44978731875 0.730859375 0.41984176562500003 0.69765625 0.3871738890625 0.69375 0.3300051046875 0.711328125
1 0.03054956875 0.812890625 0.0332718921875 0.84609375 0.0414388609375 0.863671875 0.05505047656249999 0.8734375 0.0768290609375 0.87734375 0.1094969375 0.87734375 0.125830875 0.88515625 0.147609459375 0.88515625 0.18572198281250002 0.8734375 0.2020559203125 0.8734375 0.2156675359375 0.859765625 0.1993335984375 0.820703125 0.20477824375 0.789453125 0.1938889515625 0.762109375 0.1802773359375 0.75625 0.15849875156249998 0.75625 0.0986076453125 0.7640625 0.0768290609375 0.771875 0.0468835078125 0.789453125 0.03054956875 0.812890625
1 0 1 0.2209636921875 1 0.25378005937500003 0.984765625 0.2592247046875 0.957421875 0.2483354125 0.945703125 0.24289076718749997 0.914453125 0.22655682812500003 0.887109375 0.2075005671875 0.8734375 0.147609459375 0.88515625 0.125830875 0.88515625 0.10405229062500002 0.87734375 0.060495121875 0.87734375 0 0.8926621375 0 1
1 1 0.7685746046874999 0.96640625 0.7473022453125 0.95078125 0.7088500984375 0.9253906234375 0.6810791015625 0.89609375 0.6661254890625 0.8980468765625 0.651171875 0.8765625 0.6533081046875 0.8707031234375 0.73662109375 0.84921875 0.7302124015625 0.85703125 0.7259399421875 0.8277343765625 0.66826171875 0.7730468765625 0.66826171875 0.7671875 0.7003051765625 0.7808593765625 0.70244140625 0.79453125 0.7259399421875 0.7847656234375 0.7323486328125 0.7574218765625 0.7067138671875 0.74765625 0.7643920890625 0.71640625 0.7772094734375 0.728125 0.8284790046874999 0.6949218765625 0.8263427734375 0.6871093765625 0.8348876953125 0.6734375 0.8156616203125001 0.6734375 0.7942993171875 0.70078125 0.7814819328125 0.6792968765625 0.7750732421875 0.6636718765625 0.7537109375 0.6519531234375 0.7579833984375 0.634375 0.7473022453125 0.65390625 0.7259399421875 0.6480468765625 0.70244140625 0.634375 0.7259399421875 0.63828125 0.7344848640625 0.6246093765625 0.7494384765625 0.609375 0.7522155765624999 0.609375 1 0.9845664484375 1 0.978125 0.9694702140625001 0.98984375 0.9267456046875001 0.9859375 0.8968383796874999 1 0.8876098625000001 1 0.7685746046874999
1 1 0.56875 0.609375 0.56875 0.609375 0.65382823125 0.6207031234375 0.6554443359375 0.6597656234375 0.70244140625 0.7027343765625 0.6981689453125 0.7144531234375 0.7067138671875 0.7203125 0.6917602546875 0.7046875 0.6874877921875 0.7105468765625 0.66826171875 0.8238281234375 0.66826171875 0.8394531234375 0.6896240234375 0.85703125 0.6917602546875 0.8472656234375 0.70244140625 0.8785156234375 0.710986328125 0.8921875 0.6960327140625 0.8921875 0.6661254890625 0.9175781234375 0.651171875 0.9410156234375 0.6853515625 0.9546875 0.6874877921875 0.9546875 0.7131225578125 0.9722656234375 0.73662109375 1 0.73662109375 1 0.625842284375 0.99765625 0.6276733390625 1 0.6097289984375001 1 0.56875
1 1 0.56875 0.691145090625 0.56875 0.6871093765625 0.574267578125 0.65390625 0.5764038078125 0.65 0.5977661140625 0.62265625 0.6319458015625 0.6246093765625 0.6468994140625 0.64609375 0.6832153328125 0.6675781234375 0.6981689453125 0.6832031234375 0.6981689453125 0.6988281234375 0.6810791015625 0.8238281234375 0.66826171875 0.8667968765625 0.7238037109375 0.8765625 0.7173950203125 0.8980468765625 0.6554443359375 0.9097656234375 0.6468994140625 0.9644531234375 0.6554443359375 0.98984375 0.6319458015625 1 0.570849609375 1 0.56875