1 0.48828125 0.6015625 0.546875 0.5546875 0.57421875 0.5104166671875 0.609375 0.3828125 0.619140625 0.3098958328125 0.611328125 0.2604166671875 0.59375 0.23958333281250002 0.537109375 0.20572916718749998 0.49609375 0.20052083281250002 0.455078125 0.203125 0.42578125 0.22135416718749998 0.373046875 0.3046875 0.365234375 0.3307291671875 0.3515625 0.4635416671875 0.3515625 0.5572916671875 0.3671875 0.5833333328125 0.4296875 0.6145833328125 0.48828125 0.6015625
1 0.3721277578125 1 0.369140625 0.9661458328125001 0.333984375 0.8645833328125001 0.314453125 0.8333333328125001 0.259765625 0.7994791671875 0.205078125 0.7890625 0.162109375 0.8177083328125001 0.091796875 0.9505208328125001 0.08203125 0.9921875 0.082449778125 1 0.3721277578125 1
1 0.521484375 0 0.50390625 0.0703125 0.494140625 0.1901041671875 0.583984375 0.234375 0.625 0.2864583328125 0.654296875 0.3072916671875 0.681640625 0.3098958328125 0.69921875 0.296875 0.779296875 0.1302083328125 0.759765625 0.0442708328125 0.71875 0 0.521484375 0
1 1 0.17684659062500002 0.962890625 0.1588541671875 0.90234375 0.1588541671875 0.859375 0.1770833328125 0.83203125 0.21875 0.822265625 0.2526041671875 0.818359375 0.3359375 0.82421875 0.359375 0.84765625 0.3984375 0.880859375 0.4244791671875 0.958984375 0.4140625 1 0.38671875 1 0.17684659062500002
1 0.9609375 0.7786458328125 0.966796875 0.7604166671875 0.982421875 0.5859375 0.9609375 0.5182291671875 0.94140625 0.4895833328125 0.880859375 0.4635416671875 0.849609375 0.4765625 0.7890625 0.5364583328125 0.76953125 0.6328125 0.775390625 0.7083333328125 0.798828125 0.7578125 0.8359375 0.7916666671875 0.9140625 0.7916666671875 0.935546875 0.8020833328125001 0.9609375 0.7786458328125
1 0.6808035718750001 1 0.693359375 0.96875 0.693359375 0.9296875 0.673828125 0.875 0.64453125 0.828125 0.5859375 0.7890625 0.552734375 0.7864583328125 0.5234375 0.8046875 0.490234375 0.8567708328125001 0.466796875 0.984375 0.47531960156249997 1 0.6808035718750001 1
1 1 0.97736378125 0.931640625 0.9453125 0.859375 0.9479166671874999 0.8359375 0.9895833328125001 0.83515625 1 1 1 1 0.97736378125
1 1 0.3764022453125 0.9765625 0.3932291671875 0.955078125 0.4244791671875 0.947265625 0.4869791671875 0.978515625 0.5807291671875 1 0.5950520828125 1 0.3764022453125
1 1 0.795355903125 0.98046875 0.7942708328125 0.958984375 0.8151041671874999 0.947265625 0.9166666671874999 0.94921875 0.9453125 0.974609375 0.9713541671874999 1 0.9826388875 1 0.795355903125
1 1 0.6041666671875 0.986328125 0.6223958328125 0.98046875 0.6979166671875 0.98046875 0.7395833328125 1 0.77982954375 1 0.6041666671875
1 0.095703125 0.6354166671875 0.029296875 0.6302083328125 0.001953125 0.6614583328125 0 0.8854166671874999 0.05078125 0.9479166671874999 0.078125 0.953125 0.1015625 0.9322916671874999 0.193359375 0.7786458328125 0.16796875 0.7057291671875 0.1328125 0.6588541671875 0.095703125 0.6354166671875
1 0.357421875 0.4765625 0.365234375 0.3489583328125 0.353515625 0.328125 0.298828125 0.3151041671875 0.224609375 0.3645833328125 0.15234375 0.3984375 0.142578125 0.421875 0.16796875 0.5130208328125 0.232421875 0.5859375 0.275390625 0.6145833328125 0.3203125 0.609375 0.36328125 0.5833333328125 0.357421875 0.4765625
1 0.8121279765624999 1 0.7109375 0.9557291671874999 0.6875 0.9713541671874999 0.67138671875 1 0.8121279765624999 1
1 0.779296875 0.8932291671874999 0.80859375 0.8854166671874999 0.8203125 0.8619791671874999 0.818359375 0.78125 0.771484375 0.6588541671875 0.76171875 0.6484375 0.736328125 0.6484375 0.685546875 0.6614583328125 0.658203125 0.6979166671875 0.638671875 0.7369791671875 0.626953125 0.796875 0.626953125 0.8125 0.65625 0.859375 0.6796875 0.9244791671874999 0.701171875 0.9401041671874999 0.779296875 0.8932291671874999
1 0.361328125 0 0.345703125 0.010416667187500001 0.330078125 0.0442708328125 0.314453125 0.1041666671875 0.31640625 0.1510416671875 0.349609375 0.21875 0.41015625 0.22395833281250002 0.517578125 0.1822916671875 0.53515625 0.1171875 0.5390625 0 0.361328125 0
1 0.4322936828125 1 0.4637735375 0.9629397921875 0.4723115875 0.89133473125 0.43693987500000003 0.8278666687499999 0.3747345 0.8018284375 0.3186276 0.8229845203125 0.3113093375 0.8229845203125 0.34058248281250003 0.8815704343749999 0.363757059375 0.9190004500000001 0.36741614375 0.9808410265624999 0.3783969078125 1 0.4322936828125 1
1 0 0.316656846875 0.0206789421875 0.370360671875 0.0877631890625 0.39802620625 0.1353320390625 0.4289467109375 0.2011964984375 0.380124971875 0.28291736562500003 0.3182842703125 0.330486215625 0.26132572187499997 0.34756213125 0.19785759687499999 0.32072846875 0.131134715625 0.2426667796875 0.10184182343749999 0.15484743750000002 0.0627844734375 0.0963011484375 0.0448832703125 0.014580375000000001 0.0774310125 0 0.0741761671875 0.00116354375 0.15391812968750002 0 0.2450518484375 0 0.316656846875