1 0.11394675937500001 0 0.0770833328125 0.01015625 0.0328125 0.0375 0 0.078515625 0 0.20885416562499998 0.0041666671875 0.2171875 0.0302083328125 0.2328125 0.12395833281249999 0.2328125 0.2567708328125 0.219140625 0.2828125 0.211328125 0.3661458328125 0.15859375 0.384375 0.129296875 0.3869791671875 0.08828125 0.3817708328125 0.047265625 0.35352011562499996 0 0.11394675937500001 0
1 0.55 0 0.35262896875 0 0.353125 0.000390625 0.3973958328125 0.090234375 0.5171875 0.08046875 0.55 0.072265625 0.55 0
1 0 0.349609375 0.0015625 0.351953125 0.0744791671875 0.41640625 0.165625 0.441796875 0.1890625 0.43203125 0.22291666718749997 0.359765625 0.2723958328125 0.285546875 0.259375 0.230859375 0.23854166718749997 0.219140625 0.1109375 0.226953125 0.0041666671875 0.22109375 0 0.22796875 0 0.349609375
1 0.55 0.0465625 0.4703125 0.04921875 0.40520833281249996 0.066796875 0.3635416671875 0.17421875 0.36875 0.234765625 0.43645833281249996 0.26796875 0.48333333281249996 0.269921875 0.5432291671875 0.254296875 0.55 0.251171875 0.55 0.0465625
1 0.5179527890625 0.55 0.5426167296875 0.48807385156249994 0.5247155265625 0.4295275625 0.4856581765625 0.34170822031250003 0.456365284375 0.26364653125 0.389642403125 0.23681286875000002 0.326174278125 0.253888784375 0.2692157296875 0.301457634375 0.20737502812500003 0.3831785015625 0.1585532890625 0.4490429609375 0.18947379375 0.49661181093750006 0.211491075 0.55 0.5179527890625 0.55
1 0.82042410625 0 0.83359375 0.018005370312499998 0.8238281234375 0.015869140625 0.8140625 0.0308227546875 0.83359375 0.047912598437499995 0.8199218765625 0.05859375 0.7535156234375 0.0543212890625 0.74375 0.0650024421875 0.74375 0.1205444328125 0.76328125 0.1290893546875 0.77890625 0.1718139640625 0.759375 0.1889038078125 0.759375 0.2444458015625 0.775 0.2700805671875 0.7535156234375 0.2593994140625 0.7203125 0.2658081046875 0.7203125 0.4751586921875 0.728125 0.4751586921875 0.7339843765625 0.4046630859375 0.7691406234375 0.4046630859375 0.7769531234375 0.3961181640625 0.790625 0.4067993171875 0.7886718765625 0.3875732421875 0.759375 0.3854370109375 0.759375 0.3683471671875 0.790625 0.3640747078125 0.7886718765625 0.34912109375 0.775 0.3555297859375 0.7828125 0.3427124015625 0.775 0.3384399421875 0.790625 0.3384399421875 0.790625 0.3170776359375 0.7769531234375 0.3192138671875 0.7769531234375 0.306396484375 0.7652343765625 0.323486328125 0.759375 0.3042602546875 0.790625 0.3042602546875 0.78671875 0.2786254890625 0.80625 0.2658081046875 0.77890625 0.2359008796875 0.8042968765625 0.2252197265625 0.8472656234375 0.2294921875 0.85703125 0.2401733390625 0.84921875 0.2700805671875 0.86875 0.2914428703125 0.82578125 0.3256225578125 0.8472656234375 0.3363037109375 0.9371093765625 0.33203125 0.9644531234375 0.3192138671875 1 0.328186034375 1 0 0.870703125 0 0.8628906234375 0.00732421875 0.857868303125 0 0.82042410625 0
1 1 0.55 1 0.509509278125 0.9390625 0.4495239265625 0.94296875 0.3897094734375 0.93515625 0.3384399421875 0.8824218765625 0.2978515625 0.8316406234375 0.3021240234375 0.7964843765625 0.2935791015625 0.7535156234375 0.255126953125 0.7222656234375 0.2508544921875 0.7144531234375 0.4217529296875 0.7135298609375 0.55 1 0.55
1 0 1 0.55 1 0.55 0.55 0 0.55 0 1
1 0 0.55 0 0.5915178578125 0.0026041671875 0.58984375 0.0703125 0.57421875 0.08333333281250001 0.560546875 0.08333333281250001 0.55 0 0.55
1 0.2760416671875 0.798828125 0.2734375 0.8125 0.2708333328125 0.833984375 0.2838541671875 0.84375 0.3567708328125 0.86328125 0.421875 0.806640625 0.3984375 0.76953125 0.3411458328125 0.76953125 0.2942708328125 0.78515625 0.2760416671875 0.798828125
1 0.19635416562500002 0.55 0.1770833328125 0.564453125 0.1666666671875 0.603515625 0.1328125 0.6484375 0.1302083328125 0.685546875 0.1458333328125 0.716796875 0.1640625 0.7265625 0.21614583281250002 0.7265625 0.2630208328125 0.70703125 0.3229166671875 0.662109375 0.375 0.619140625 0.3802083328125 0.599609375 0.3177083328125 0.572265625 0.3046458328125 0.55 0.19635416562500002 0.55
1 0.3359375 0.65234375 0.3151041671875 0.671875 0.3255208328125 0.6875 0.3515625 0.69140625 0.3854166671875 0.669921875 0.3854166671875 0.658203125 0.3359375 0.65234375
1 0.3955208328125 1 0.421875 0.978515625 0.421875 0.951171875 0.3697916671875 0.908203125 0.3541666671875 0.873046875 0.2994791671875 0.84765625 0.2526041671875 0.85546875 0.22395833281250002 0.896484375 0.1796875 0.92578125 0.1536458328125 0.93359375 0.1171875 0.9296875 0.09635416718749999 0.953125 0.09375 0.978515625 0.1114831359375 1 0.3955208328125 1
1 0.0936921296875 0.55 0.09114583281250001 0.55859375 0.08854166718749999 0.568359375 0.109375 0.599609375 0.1328125 0.6171875 0.1484375 0.6171875 0.1666666671875 0.591796875 0.171875 0.564453125 0.186863425 0.55 0.0936921296875 0.55
1 0.10478670625 1 0.09114583281250001 0.98046875 0.0286458328125 0.98828125 0.0182291671875 1 0.10478670625 1
1 0.0703125 0.9140625 0.0026041671875 0.953125 0.0286458328125 0.98828125 0.0494791671875 0.98828125 0.08854166718749999 0.974609375 0.09895833281250001 0.935546875 0.0703125 0.9140625
1 0 0.9519279234375 0.07291666718749999 0.904296875 0.06770833281250001 0.869140625 0.0416666671875 0.833984375 0 0.8091998921875 0 0.9519279234375
1 0.55 1 0.55 0.980859375 0.5338541671875 0.96875 0.4453125 0.984375 0.4296875 1 0.55 1
1 0.5078125 0.92578125 0.4244791671875 0.9453125 0.421875 0.978515625 0.4296875 0.984375 0.4921875 0.98046875 0.53125 0.955078125 0.5260416671875 0.935546875 0.5078125 0.92578125
1 0.4088541671875 0.8203125 0.3619791671875 0.86328125 0.359375 0.884765625 0.3697916671875 0.904296875 0.4244791671875 0.9453125 0.5078125 0.92578125 0.5260416671875 0.900390625 0.5260416671875 0.892578125 0.4296875 0.81640625 0.4088541671875 0.8203125
1 0.55 0.6974609375 0.5234375 0.6875 0.4817708328125 0.6875 0.4375 0.716796875 0.4140625 0.74609375 0.4114583328125 0.779296875 0.4322916671875 0.818359375 0.5338541671875 0.89453125 0.55 0.8935997593749999 0.55 0.6974609375
1 0.3046875 0.6875 0.23697916718749998 0.72265625 0.234375 0.755859375 0.2786458328125 0.79296875 0.3203125 0.7734375 0.3723958328125 0.76953125 0.3958333328125 0.759765625 0.3645833328125 0.728515625 0.3541666671875 0.697265625 0.3411458328125 0.6875 0.3046875 0.6875
1 0.1692708328125 0.83203125 0.1119791671875 0.890625 0.1197916671875 0.919921875 0.1328125 0.9296875 0.1692708328125 0.9296875 0.23958333281250002 0.880859375 0.24479166718749998 0.857421875 0.20572916718749998 0.83203125 0.1692708328125 0.83203125
1 0.1536458328125 0.7265625 0.1432291671875 0.734375 0.1458333328125 0.806640625 0.1692708328125 0.828125 0.2109375 0.83203125 0.2526041671875 0.8515625 0.265625 0.837890625 0.2708333328125 0.794921875 0.22395833281250002 0.748046875 0.21875 0.732421875 0.1536458328125 0.7265625
1 0.0703125 0.80859375 0.0442708328125 0.82421875 0.046875 0.845703125 0.0859375 0.90234375 0.109375 0.896484375 0.1666666671875 0.833984375 0.1276041671875 0.79296875 0.0703125 0.80859375
1 0.55 0.578515625 0.5286458328125 0.5625 0.4921875 0.55859375 0.4557291671875 0.59375 0.4140625 0.6015625 0.3880208328125 0.6328125 0.3958333328125 0.669921875 0.4609375 0.6953125 0.5182291671875 0.6796875 0.546875 0.662109375 0.546875 0.626953125 0.55 0.6251953125 0.55 0.578515625
1 0.3828125 0.671875 0.3567708328125 0.6875 0.3541666671875 0.712890625 0.3645833328125 0.728515625 0.4036458328125 0.75 0.4479166671875 0.705078125 0.4479166671875 0.693359375 0.3984375 0.671875 0.3828125 0.671875
1 0.3032781859375 0.55 0.3359375 0.58203125 0.3984375 0.6015625 0.4453125 0.59375 0.4739583328125 0.572265625 0.4769270828125 0.55 0.3032781859375 0.55
1 0 0.8013392859374999 0.0234375 0.81640625 0.0286458328125 0.80859375 0.0546875 0.8125 0.09114583281250001 0.8046875 0.1223958328125 0.79296875 0.140625 0.775390625 0.140625 0.740234375 0.1119791671875 0.71484375 0.0234375 0.703125 0 0.7119140625 0 0.8013392859374999
1 0 0.6922940343749999 0.0078125 0.69921875 0.1119791671875 0.71484375 0.1354166671875 0.708984375 0.1302083328125 0.619140625 0.08072916718749999 0.5703125 0.0390625 0.5859375 0.0026041671875 0.58984375 0 0.5915178578125 0 0.6922940343749999
1 0.6073947000000001 0.55 0.6086418703125 1 0.8691816046875 1 0.9424561 0.9474051359375 0.9968684453125001 0.7859736843749999 0.9678484171874999 0.7078616546875 0.8880437546875001 0.6557869671875001 0.6822611328125 0.55 0.6073947000000001 0.55