1 0.609375 0.459375 0.609375 0.3750416671875 0.605859375 0.37447916718749996 0.55703125 0.34322916718749996 0.50625 0.325 0.433984375 0.309375 0.394921875 0.31979166718749996 0.367578125 0.36666666718749996 0.3552170140625 0.459375 0.609375 0.459375
1 0.121484375 0.15572916718750002 0.109765625 0.17916666718750002 0.101953125 0.2338541671875 0.129296875 0.3380208328125 0.144921875 0.3536458328125 0.226953125 0.3640625 0.33828125 0.3067708328125 0.35 0.2520833328125 0.3421875 0.1739583328125 0.320703125 0.15572916718750002 0.2875 0.1505208328125 0.121484375 0.15572916718750002
1 1 0.15163656718750002 0.9944091796875 0.1511718765625 0.9089599609375 0.1941406234375 0.9089599609375 0.2214843765625 0.8747802734375 0.2527343765625 0.85341796875 0.2917968765625 0.85341796875 0.3113281234375 0.81923828125 0.3230468765625 0.827783203125 0.3308593765625 0.8021484375 0.3542968765625 0.8021484375 0.3933593765625 0.78505859375 0.3972656234375 0.776513671875 0.4363281234375 0.7828155515625 0.459375 0.9200683656249999 0.459375 0.9046875 0.4558593765625 0.9260498046875 0.4519531234375 0.9388671875 0.4207031234375 0.9388671875 0.3894531234375 0.930322265625 0.3816406234375 0.9580932609375001 0.36796875 0.9965454109374999 0.38359375 1 0.387383928125 1 0.15163656718750002
1 1 0.356570471875 0.9709106453124999 0.36796875 0.9410034171875001 0.33671875 0.9196411140624999 0.340625 0.8598266609374999 0.30546875 0.8128295890625001 0.32109375 0.7829223640625 0.35234375 0.7743774421875 0.34453125 0.7722412109375 0.4441406234375 0.7401977546875 0.43828125 0.7263549796875 0.459375 1 0.459375 1 0.380740328125 0.99013671875 0.3777343765625 1 0.3732254484375 1 0.356570471875
1 0.609375 0.42535156250000006 0.6205688484375 0.43046875 0.6590209953125 0.4265625 0.6803833015625 0.41875 0.6953369140625 0.3972656234375 0.699609375 0.3699218765625 0.691064453125 0.3542968765625 0.7124267578125 0.3347656234375 0.7295166015625 0.2917968765625 0.7572875984375 0.2859375 0.76796875 0.2722656234375 0.76796875 0.2175781234375 0.6932006828125 0.1375 0.656884765625 0.1355468765625 0.6654296875 0.1121093765625 0.6291137703125 0.10234375 0.6248413078125 0.07890625 0.609375 0.093046875 0.609375 0.42535156250000006
1 0 0.459375 0 1 0.17630517031249998 1 0.1979166671875 0.9514689203125 0.22526041718749998 0.77361048125 0.22395833281250002 0.621160390625 0.19921875 0.5467502265624999 0.1536458328125 0.4941186484375 0.1158854171875 0.46145077187499994 0.1127965859375 0.459375 0 0.459375
1 0.5054196546874999 1 0.5143229171875 0.8952075765625 0.5143229171875 0.8443908796875 0.5091145828125 0.8207974140625 0.48828125 0.7717955984375 0.4713541671875 0.7500170140625 0.3385416671875 0.6828663796875001 0.23958333281250002 0.621160390625 0.22916666718749998 0.64475385625 0.22135416718749998 0.7717955984375 0.20182291718749998 0.898837340625 0.1875 0.9532838015625 0.16754973906249998 1 0.5054196546874999 1
1 0.1020226671875 0.459375 0.1458333328125 0.4941186484375 0.18359375 0.5322311703125 0.23958333281250002 0.6302348 0.390625 0.7191640203125 0.4401041671875 0.7282384296875 0.45703125 0.7137193734375 0.4817708328125 0.64475385625 0.48828125 0.61571574375 0.4856770828125 0.564899046875 0.4752604171875 0.526786525 0.4544270828125 0.48867400156249996 0.42725423124999995 0.459375 0.1020226671875 0.459375
1 0.609375 1 0.609375 0.747454828125 0.59375 0.7282384296875 0.5625 0.7137193734375 0.4557291671875 0.708274728125 0.4440104171875 0.7137193734375 0.4401041671875 0.7264235484375 0.48046875 0.7699807171874999 0.5013020828125 0.8262420593750001 0.50390625 0.9042819874999999 0.49609375 0.9859516781250001 0.496686628125 1 0.609375 1
1 0.41603094374999994 0.459375 0.4505208328125 0.5104525859375 0.4765625 0.5903073953125 0.4752604171875 0.621160390625 0.4635416671875 0.652013384375 0.4583333328125 0.6973854359375 0.4739583328125 0.708274728125 0.5572916671875 0.7119044921875 0.5755208328125 0.7046449640625 0.58203125 0.6901259078124999 0.6002604171875 0.592122278125 0.6015625 0.5158972328125 0.5855552265624999 0.459375 0.41603094374999994 0.459375
1 0.609375 0.459375 0.609375 0.673586309375 0.615234375 0.6713541671875 0.62890625 0.653125 0.6484375 0.5489583328125 0.6484375 0.465625 0.6459134609375 0.459375 0.609375 0.459375
1 0.8153339468749999 0.459375 0.857421875 0.5411458328125 0.927734375 0.5307291671875001 0.982421875 0.4838541671875 0.9979567312500001 0.459375 0.8153339468749999 0.459375
1 0.66484375 0.459375 0.6640625 0.4604166671875 0.65625 0.48645833281249995 0.65234375 0.575 0.6328125 0.6583333328125 0.609375 0.6895833328125001 0.609375 0.78680555625 0.625 0.8145833328125001 0.609375 0.8479166671874999 0.609375 1 0.9216733874999999 1 0.93359375 0.9552083328125001 0.93359375 0.8979166671875 0.921875 0.840625 0.90234375 0.79375 0.83984375 0.6895833328125001 0.8515625 0.6583333328125 0.8515625 0.5541666671875001 0.84375 0.5177083328125 0.8203125 0.4760416671875 0.8032670453125 0.459375 0.66484375 0.459375
1 1 0.471875 0.958984375 0.5046875 0.90625 0.575 0.87890625 0.6270833328125 0.87109375 0.6739583328125001 0.859375 0.6947916671875 0.859375 0.7104166671875 0.91796875 0.8145833328125001 0.9375 0.8875 0.970703125 0.9161458328125001 1 0.9057291671875 1 0.471875