1 0.198958334375 0 0.19140625 0.07552083281250001 0.1953125 0.1171875 0.228515625 0.1614583328125 0.3125 0.1692708328125 0.33984375 0.1328125 0.3896484375 0 0.198958334375 0
1 0.3931587828125 0 0.3203125 0.1796875 0.35546875 0.2890625 0.373046875 0.3125 0.451171875 0.3541666671875 0.513671875 0.375 0.53125 0.3723958328125 0.576171875 0.3645833328125 0.677734375 0.3229166671875 0.720703125 0.3177083328125 0.75 0.2682291671875 0.75390625 0.1848958328125 0.734375 0.0703125 0.689041940625 0 0.3931587828125 0
1 0.7739843750000001 0 0.74609375 0.0442708328125 0.73828125 0.0703125 0.74609375 0.1328125 0.7578125 0.1484375 0.76171875 0.2942708328125 0.765625 0.3098958328125 0.794921875 0.34375 0.841796875 0.3802083328125 0.87890625 0.3880208328125 0.947265625 0.3645833328125 1 0.2942708328125 1 0.0286458328125 0.973460478125 0 0.7739843750000001 0
1 0.982421875 0 1 0.0026041671875 1 0 0.982421875 0
1 0.984375 0.7265625 1 0.7213541671875 0.998046875 0.3072916671875 0.947265625 0.375 0.865234375 0.3958333328125 0.85546875 0.4088541671875 0.87109375 0.5182291671875 0.859375 0.5807291671875 0.875 0.6223958328125 0.935546875 0.6927083328125 0.984375 0.7265625
1 1 0.7994791671875 0.998046875 0.75 0.955078125 0.734375 0.9375 0.7421875 0.931640625 0.796875 1 0.7994791671875
1 0.771484375 0.7916666671875 0.921875 0.7942708328125 0.9375 0.7734375 0.92578125 0.6901041671875 0.892578125 0.6458333328125 0.841796875 0.6041666671875 0.828125 0.6119791671875 0.798828125 0.671875 0.734375 0.7369791671875 0.734375 0.7630208328125 0.748046875 0.78125 0.771484375 0.7916666671875
1 0.587890625 0.3645833328125 0.56640625 0.3880208328125 0.55859375 0.4192708328125 0.57421875 0.4921875 0.56640625 0.5755208328125 0.578125 0.6223958328125 0.609375 0.6588541671875 0.646484375 0.7291666671875 0.677734375 0.7552083328125 0.6953125 0.7526041671875 0.763671875 0.703125 0.81640625 0.6380208328125 0.8671875 0.5182291671875 0.8359375 0.3880208328125 0.818359375 0.3645833328125 0.779296875 0.3385416671875 0.751953125 0.296875 0.712890625 0.328125 0.650390625 0.3385416671875 0.587890625 0.3645833328125
1 0.736328125 0.765625 0.712890625 0.7552083328125 0.669921875 0.7604166671875 0.65234375 0.7786458328125 0.65234375 0.7942708328125 0.666015625 0.8020833328125001 0.74609375 0.7994791671875 0.7578125 0.7942708328125 0.736328125 0.765625
1 0.64453125 0.7421875 0.625 0.6953125 0.591796875 0.6458333328125 0.544921875 0.609375 0.486328125 0.6510416671875 0.447265625 0.6666666671875 0.421875 0.7213541671875 0.427734375 0.796875 0.64453125 0.7942708328125 0.64453125 0.7421875
1 0.265625 0.4869791671875 0.265625 0.5234375 0.2890625 0.5703125 0.353515625 0.640625 0.416015625 0.6666666671875 0.43359375 0.6640625 0.486328125 0.6458333328125 0.5390625 0.5911458328125 0.56640625 0.5182291671875 0.5625 0.4713541671875 0.546875 0.4036458328125 0.537109375 0.390625 0.361328125 0.3177083328125 0.31640625 0.3567708328125 0.30859375 0.3932291671875 0.265625 0.4869791671875
1 0.21484375 0.5651041671875 0.203125 0.5963541671875 0.16015625 0.7786458328125 0.169921875 0.796875 0.31640625 0.7942708328125 0.396484375 0.765625 0.40625 0.7473958328125 0.4140625 0.6796875 0.396484375 0.6614583328125 0.337890625 0.640625 0.318359375 0.609375 0.283203125 0.59375 0.267578125 0.5520833328125 0.240234375 0.5416666671875 0.21484375 0.5651041671875
1 0 0.4703125 0.015625 0.5494791671875 0.033203125 0.5885416671875 0.064453125 0.5729166671875 0.099609375 0.5729166671875 0.169921875 0.625 0.18359375 0.6223958328125 0.19140625 0.5807291671875 0.1796875 0.5703125 0.240234375 0.5364583328125 0.25390625 0.5182291671875 0.2578125 0.4869791671875 0.30078125 0.3880208328125 0.3046875 0.3567708328125 0.296875 0.3307291671875 0.232421875 0.24479166718749998 0.181640625 0.1979166671875 0.115234375 0.28125 0.0078125 0.3671875 0 0.3984375 0 0.4703125
1 0.32421875 0.20572916718749998 0.283203125 0.1666666671875 0.228515625 0.1614583328125 0.20703125 0.22135416718749998 0.279296875 0.3020833328125 0.302734375 0.34375 0.3203125 0.3411458328125 0.3515625 0.2994791671875 0.32421875 0.20572916718749998
1 0 0 0 0.3580729171875 0.076171875 0.3072916671875 0.134765625 0.2552083328125 0.17578125 0.1901041671875 0.19140625 0.1380208328125 0.1875 0.0390625 0.1728515625 0 0 0
1 0.041015625 0.796875 0.0859375 0.7942708328125 0.142578125 0.7864583328125 0.16015625 0.7630208328125 0.1796875 0.6588541671875 0.158203125 0.625 0.099609375 0.578125 0.064453125 0.578125 0.044921875 0.59375 0.02734375 0.6276041671875 0.0234375 0.7734375 0.041015625 0.796875
1 0 0.7943501484375 0.01171875 0.7942708328125 0.0234375 0.5963541671875 0.0078125 0.5651041671875 0 0.5026041671875 0 0.7943501484375