1 0 0.609375 0.46875 0.609375 0.46875 0 0 0 0 0.609375
1 0.0832859859375 0 0.0838541671875 0.001171875 0.1385416671875 0.0265625 0.2015046296875 0 0.0832859859375 0
1 0 0.44912109375 0.0161458328125 0.458203125 0.034375 0.4796875 0.0994791671875 0.489453125 0.1098958328125 0.450390625 0.07083333281250001 0.39765625 0 0.404296875 0 0.44912109375
1 0 0.40546875 0.0239583328125 0.40546875 0.07083333281250001 0.39765625 0.0994791671875 0.368359375 0.0760416671875 0.34296875 0.029166667187500002 0.3390625 0 0.350841346875 0 0.40546875
1 0.13333333281249998 0.4015625 0.096875 0.42109375 0.1098958328125 0.446484375 0.1046875 0.485546875 0.1177083328125 0.49921875 0.1385416671875 0.49921875 0.1932291671875 0.469921875 0.1984375 0.454296875 0.1541666671875 0.40546875 0.13333333281249998 0.4015625
1 0.1020833328125 0.253125 0.08125 0.27265625 0.07864583281250001 0.341015625 0.14375 0.4015625 0.1697916671875 0.409375 0.25052083281250004 0.356640625 0.2557291671875 0.329296875 0.2296875 0.294140625 0.2296875 0.278515625 0.2114583328125 0.26484375 0.159375 0.253125 0.1020833328125 0.253125
1 0.2010416671875 0.4640625 0.14895833281249998 0.4953125 0.14895833281249998 0.51875 0.1697916671875 0.51875 0.2244791671875 0.540234375 0.2401041671875 0.505078125 0.2010416671875 0.4640625
1 0.2479166671875 0.50703125 0.2270833328125 0.53828125 0.2244791671875 0.548046875 0.2375 0.56171875 0.2791666671875 0.56953125 0.33125 0.60078125 0.3494791671875 0.594921875 0.3651041671875 0.575390625 0.3494791671875 0.528515625 0.315625 0.503125 0.2479166671875 0.50703125
1 0.2427083328125 0.3625 0.18020833281249998 0.4015625 0.1776041671875 0.426953125 0.2244791671875 0.489453125 0.2479166671875 0.50703125 0.315625 0.4953125 0.37552083281250004 0.450390625 0.37552083281250004 0.426953125 0.3494791671875 0.391796875 0.3260416671875 0.37421875 0.27395833281250004 0.3546875 0.2427083328125 0.3625
1 0.3234375 0.282421875 0.2791666671875 0.33125 0.2765625 0.341015625 0.2921875 0.356640625 0.33125 0.37421875 0.3572916671875 0.39765625 0.39375 0.39765625 0.4536458328125 0.352734375 0.4640625 0.309765625 0.3885416671875 0.27265625 0.3625 0.26875 0.3234375 0.282421875
1 0.46875 0.165859375 0.45104166718750005 0.1671875 0.41197916718750005 0.184765625 0.378125 0.253125 0.37552083281250004 0.262890625 0.4145833328125 0.28828125 0.46875 0.30078125 0.46875 0.165859375
1 0.46875 0.059615384375000004 0.46666666718750005 0.0578125 0.378125 0.0421875 0.3651041671875 0.051953125 0.3625 0.10078125 0.3651041671875 0.137890625 0.378125 0.159375 0.4302083328125 0.17109375 0.46875 0.162421875 0.46875 0.059615384375000004
1 0.284375 0.190625 0.26875 0.21015625 0.2765625 0.247265625 0.28958333281250004 0.25703125 0.315625 0.26875 0.36770833281250004 0.26875 0.3859375 0.255078125 0.4171875 0.173046875 0.38333333281250004 0.1671875 0.3416666671875 0.18671875 0.284375 0.190625
1 0 0.34272836562500003 0.065625 0.33515625 0.07864583281250001 0.317578125 0.0838541671875 0.239453125 0.055208332812500004 0.221875 0 0.26845703125 0 0.34272836562500003
1 0.284375 0.0265625 0.221875 0.0734375 0.2192708328125 0.091015625 0.2401041671875 0.145703125 0.2791666671875 0.18671875 0.33645833281250004 0.18671875 0.3703125 0.169140625 0.35989583281250004 0.122265625 0.3651041671875 0.044140625 0.346875 0.03046875 0.284375 0.0265625
1 0.46875 0 0.41651785781250006 0 0.409375 0.003125 0.378125 0.003125 0.3625 0.01875 0.35989583281250004 0.032421875 0.3729166671875 0.0421875 0.40416666718750005 0.0421875 0.46875 0.062132353125 0.46875 0
1 0.0994791671875 0.609375 0.0994791671875 0.555859375 0.1046875 0.536328125 0.12552083281249998 0.524609375 0.1203125 0.508984375 0.0916666671875 0.49140625 0.034375 0.4796875 0 0.4890625 0 0.60234375 0.009375 0.609375 0.0994791671875 0.609375
1 0.3729166671875 0.45625 0.32083333281250004 0.4953125 0.35989583281250004 0.548046875 0.36770833281250004 0.57734375 0.39375 0.58125 0.4328125 0.555859375 0.4380208328125 0.516796875 0.42760416718750005 0.489453125 0.39375 0.46015625 0.3729166671875 0.45625
1 0.2635416671875 0.2453125 0.2270833328125 0.26484375 0.2453125 0.317578125 0.2635416671875 0.33125 0.284375 0.32734375 0.31302083281250004 0.298046875 0.31302083281250004 0.274609375 0.2635416671875 0.2453125
1 0.0682291671875 0.149609375 0.060416667187499995 0.20625 0.0578125 0.216015625 0.1020833328125 0.253125 0.2114583328125 0.25703125 0.2557291671875 0.235546875 0.26614583281250004 0.184765625 0.2453125 0.161328125 0.2114583328125 0.08125 0.1541666671875 0.07734375 0.0994791671875 0.106640625 0.0682291671875 0.149609375
1 0 0.1460625 0.0447916671875 0.15546875 0.0682291671875 0.149609375 0.1307291671875 0.075390625 0.0916666671875 0.0421875 0.060416667187499995 0.03046875 0.0083333328125 0.05 0 0.059375 0 0.1460625
1 0.4533333328125 0.609375 0.440625 0.56171875 0.38333333281250004 0.58125 0.3859375 0.606640625 0.38902243593749997 0.609375 0.4533333328125 0.609375
1 0.46875 0.609375 0.46875 0.528472221875 0.4458333328125 0.5265625 0.44322916718750005 0.571484375 0.453333334375 0.609375 0.46875 0.609375
1 0.46875 0.4353236609375 0.41979166718750005 0.4484375 0.4171875 0.473828125 0.4380208328125 0.520703125 0.4614583328125 0.53046875 0.46875 0.53046875 0.46875 0.4353236609375
1 0.40416666718750005 0.39765625 0.36770833281250004 0.4015625 0.37552083281250004 0.450390625 0.409375 0.4640625 0.4328125 0.434765625 0.41197916718750005 0.403515625 0.40416666718750005 0.39765625
1 0.46875 0.36640625 0.45625 0.36640625 0.4145833328125 0.38984375 0.41197916718750005 0.407421875 0.440625 0.43671875 0.46875 0.43203125 0.46875 0.36640625
1 0.2674305546875 0 0.28958333281250004 0.02265625 0.3416666671875 0.0265625 0.35989583281250004 0.012890625 0.3633333328125 0 0.2674305546875 0
1 0.20572916718749998 0 0.14375 0.0265625 0.1515625 0.067578125 0.1697916671875 0.07734375 0.2010416671875 0.07734375 0.2765625 0.028515625 0.2765625 0.012890625 0.26968749999999997 0 0.20572916718749998 0
1 0.0916666671875 0.0109375 0.0760416671875 0.02265625 0.0734375 0.032421875 0.12291666718750001 0.06953125 0.1463541671875 0.059765625 0.14114583281249998 0.032421875 0.12291666718750001 0.01875 0.0916666671875 0.0109375
1 0 0 0 0.045746528125000005 0.0447916671875 0.03828125 0.0838541671875 0.012890625 0.07933114062499999 0 0 0
1 1 0.609375 1 0.590625 0.9270833328125001 0.6015625 0.8229166671874999 0.50390625 0.7395833328125001 0.49609375 0.6328125 0.521484375 0.59375 0.60546875 0.59735576875 0.609375 1 0.609375
1 0.747023809375 0 0.6223958328125 0.087890625 0.6119791671875 0.154296875 0.46875 0.2584635421875 0.46875 0.42403990937499997 0.6510416671875 0.48828125 0.7135416671874999 0.484375 0.7864583328125001 0.39453125 0.859375 0.3984375 0.9114583328125001 0.37109375 0.96875 0.375 1 0.3515625 1 0.1646484375 0.9765625 0.169921875 0.9921875 0.111328125 1 0.1064453125 1 0.0199032734375 0.9672181375000001 0 0.747023809375 0
1 0.6302083328125 0.2578125 0.5052083328125 0.37109375 0.5182291671875 0.404296875 0.546875 0.421875 0.75 0.42578125 0.7786458328125001 0.400390625 0.7786458328125001 0.318359375 0.7994791671874999 0.255859375 0.7604166671874999 0.26171875 0.703125 0.24609375 0.6770833328125001 0.26171875 0.6302083328125 0.2578125
1 0.8828125 0.462890625 0.859375 0.49609375 0.8567708328125001 0.521484375 0.875 0.5390625 0.9401041671874999 0.541015625 0.9713541671874999 0.431640625 0.9583333328125001 0.37890625 0.921875 0.375 0.8984375 0.388671875 0.8828125 0.412109375 0.8828125 0.462890625
1 0.5666118421874999 0.609375 0.5963541671875 0.595703125 0.6276041671875 0.525390625 0.6145833328125 0.5 0.5677083328125 0.4921875 0.5338541671875 0.509765625 0.4912539296875 0.609375 0.5666118421874999 0.609375
1 0 1 0.216840278125 1 0.2723958328125 0.96484375 0.290625 0.935546875 0.2932291671875 0.89453125 0.2880208328125 0.853515625 0.2541666671875 0.796875 0.23333333281250002 0.779296875 0.1838541671875 0.771484375 0.1109375 0.78125 0 0.8118144125000001 0 1
1 0.46875 0.648713234375 0.44947916718750003 0.630859375 0.3635416671875 0.611328125 0.196875 0.69140625 0.1838541671875 0.708984375 0.1864583328125 0.736328125 0.20729166718749997 0.765625 0.259375 0.806640625 0.3036458328125 0.896484375 0.4234375 0.88671875 0.46875 0.875390625 0.46875 0.648713234375
1 0.46875 1 0.46875 0.8523958328125 0.3765625 0.85546875 0.3114583328125 0.873046875 0.2697916671875 0.98046875 0.271471775 1 0.46875 1
1 0.46875 0.609375 0.46875 0.7871363140625001 0.5057291671875 0.79765625 0.5838541671875 0.79375 0.64375 0.713671875 0.6385416671875 0.635546875 0.6036458328125 0.609375 0.46875 0.609375
1 0.6825625000000001 0.609375 0.6619791671875 0.6296875 0.659375 0.666796875 0.6776041671874999 0.684375 0.8078125 0.7390625 0.8598958328125 0.74296875 0.8885416671874999 0.729296875 0.9197916671874999 0.686328125 0.9326171875 0.609375 0.6825625000000001 0.609375
1 0.678814753125 0.609375 0.6619791671875 0.6296875 0.6723958328125 0.68046875 0.8234375 0.74296875 0.8651041671874999 0.74296875 0.9197916671874999 0.686328125 0.9321041671875001 0.609375 0.678814753125 0.609375
1 1 0.8365411937499999 0.9536458328125 0.85234375 0.9614583328125 0.881640625 1 0.9028385421875 1 0.8365411937499999
1 0.46875 0.9610229484375001 0.6203125 0.91484375 0.7140625 0.903125 0.7322916671874999 0.889453125 0.6098958328124999 0.8171875 0.4796875 0.79375 0.46875 0.7946614578125 0.46875 0.9610229484375001
1 0.7661458328125 0.87578125 0.7401041671874999 0.91484375 0.7427083328125 0.967578125 0.7817708328125 0.9890625 0.8494791671874999 0.9890625 0.8989583328125 0.951953125 0.8520833328125 0.869921875 0.8234375 0.85625 0.7661458328125 0.87578125