1 0.5390625 0.01255341875 0.517578125 0.0052083328125 0.486328125 0.0208333328125 0.4609375 0.05208333281250001 0.44921875 0.07552083281250001 0.439453125 0.1328125 0.48828125 0.23697916718749998 0.53125 0.2734375 0.5390625 0.2747395828125 0.5390625 0.01255341875
1 0 0 0 0.26103555 0.0450626171875 0.2372653796875 0.052380971875 0.217736784375 0.0682372875 0.095682746875 0.048721795312499996 0.04360646875 0.0359329078125 0 0 0
1 0.28001007968749997 0.0947793796875 0.2060648671875 0.12660312812500002 0.1682537640625 0.186816403125 0.2133832234375 0.216109421875 0.2585125875 0.2746953359375 0.28046747031249997 0.32514431250000003 0.33901366875 0.2763226984375 0.357309371875 0.2470298015625 0.3036419546875 0.1445043625 0.28001007968749997 0.0947793796875
1 0.5390625 0.56875 1 0.56875 1 0 0.6354598359375 0 0.6206321875 0.024267878125 0.5390625 0.06692070781250001 0.5390625 0.56875
1 0.23184151718749998 1 0.251953125 0.9723958328125001 0.333984375 0.9098958328125001 0.34765625 0.8760416671875 0.337890625 0.8473958328125001 0.2578125 0.7770833328125001 0.228515625 0.7119791671875 0.216796875 0.7067708328125 0.193359375 0.7328125 0.025390625 0.7640625 0 0.7870833328125 0 0.952486559375 0.022093750000000002 1 0.23184151718749998 1
1 0.229449728125 0.56875 0.2421875 0.6989583328125 0.27734375 0.7822916671875 0.3046875 0.7979166671875 0.388671875 0.7796875 0.42578125 0.709375 0.40396012968750006 0.56875 0.229449728125 0.56875
1 0 0.56875 0 0.760563971875 0.189453125 0.7171875 0.22265625 0.63125 0.2138671875 0.56875 0 0.56875
1 0.42578125 0.7614583328125 0.44140625 0.7770833328125001 0.470703125 0.7692708328125001 0.48828125 0.740625 0.49609375 0.678125 0.482421875 0.6286458328125 0.44921875 0.6625 0.42578125 0.725 0.42578125 0.7614583328125
1 0.357421875 0.9098958328125001 0.4140625 0.9489583328125001 0.4296875 0.9125 0.435546875 0.7901041671875 0.388671875 0.8109375 0.3515625 0.8760416671875 0.357421875 0.9098958328125001
1 0.4140625 0.6208333328125 0.42578125 0.69375 0.44921875 0.646875 0.44921875 0.6260416671875 0.431640625 0.6078125 0.4140625 0.6208333328125
1 1 1 1 0.742683125 0.9791666671874999 0.6958995015625 0.9557291671874999 0.6650465062500001 0.9114583328125001 0.6341935125 0.8541666671874999 0.6233042203125 0.7434895828125001 0.663231625 0.66796875 0.7231227312499999 0.62890625 0.772124546875 0.5859375 0.9027960531250001 0.5685028078125 1 1 1
1 0.5390625 0.56875 0.5390625 0.7041000796875 0.5559895828125 0.7285673781249999 0.6171875 0.7684947828124999 0.64453125 0.7630501359374999 0.6705729171875 0.7285673781249999 0.7395833328125001 0.670491153125 0.8190104171874999 0.6432679218749999 0.84375 0.6251191015625001 0.8565428453124999 0.56875 0.5390625 0.56875
1 1 0.56875 0.8580729171874999 0.56875 0.8580729171874999 0.583376815625 0.8815104171874999 0.6051554 0.93359375 0.626933984375 0.9479166671874999 0.6468976859375 0.9739583328125001 0.65052745 0.9830729171874999 0.6251191015625001 1 0.6160446921875 1 0.56875