1 0 0.55 0.5796875 0.55 0.5796875 0 0 0 0 0.55
1 0.2928385421875 0.55 0.30390625 0.5057291671875 0.29609375 0.4328125 0.247265625 0.3885416671875 0.204296875 0.36770833281250004 0.1671875 0.3651041671875 0.14765625 0.3859375 0.128125 0.4484375 0.128125 0.5369791671875 0.1423978359375 0.55 0.2928385421875 0.55
1 0.4331287203125 0 0.469921875 0.0447916671875 0.516796875 0.034375 0.54609375 0.0109375 0.54609375 0 0.4331287203125 0
1 0.5796875 0.274409721875 0.579296875 0.27395833281250004 0.534375 0.2713541671875 0.508984375 0.2791666671875 0.4796875 0.3182291671875 0.47578125 0.3390625 0.47578125 0.39114583281250004 0.48359375 0.41197916718750005 0.516796875 0.440625 0.555859375 0.41979166718750005 0.5796875 0.41661458281249997 0.5796875 0.274409721875
1 0.49388020781249997 0.55 0.473828125 0.5135416671875 0.423046875 0.4614583328125 0.39375 0.45885416718750005 0.360546875 0.4770833328125 0.3390625 0.5109375 0.3299072265625 0.55 0.49388020781249997 0.55
1 0.0578125 0.32864583281250004 0.071484375 0.3416666671875 0.114453125 0.33645833281250004 0.133984375 0.3104166671875 0.137890625 0.3260416671875 0.149609375 0.3260416671875 0.15546875 0.3078125 0.14765625 0.2921875 0.157421875 0.28958333281250004 0.159375 0.2713541671875 0.1828125 0.2453125 0.17890625 0.2088541671875 0.169140625 0.190625 0.133984375 0.1697916671875 0.09296875 0.1671875 0.06953125 0.1828125 0.03828125 0.2765625 0.0578125 0.32864583281250004
1 0.387890625 0 0.356640625 0.0083333328125 0.3234375 0.052604167187499995 0.329296875 0.08125 0.364453125 0.1020833328125 0.399609375 0.14375 0.411328125 0.14375 0.440625 0.09427083281250001 0.44453125 0.052604167187499995 0.454296875 0.05 0.458203125 0.060416667187499995 0.4640625 0.052604167187499995 0.428366815625 0 0.387890625 0
1 0.42109375 0.2140625 0.399609375 0.190625 0.378125 0.1932291671875 0.344921875 0.2010416671875 0.33125 0.2192708328125 0.32734375 0.28177083281250004 0.34296875 0.3182291671875 0.360546875 0.33645833281250004 0.391796875 0.33125 0.4171875 0.29739583281250004 0.425 0.2557291671875 0.42109375 0.2140625
1 0.2736653640625 0 0.27265625 0.0161458328125 0.278515625 0.0239583328125 0.344921875 0.01875 0.3538707390625 0 0.2736653640625 0
1 0.5796875 0.55 0.5796875 0.4176041671875 0.532421875 0.4302083328125 0.51484375 0.4484375 0.51484375 0.5213541671875 0.520703125 0.534375 0.5545572921875 0.55 0.5796875 0.55
1 0.5796875 0 0.5504261359375 0 0.55 0.0005208328124999999 0.55 0.0317708328125 0.5796875 0.052726715625 0.5796875 0
1 0.5796875 0.1270153984375 0.55390625 0.12552083281249998 0.512890625 0.14375 0.50703125 0.1776041671875 0.4796875 0.2244791671875 0.4796875 0.25052083281250004 0.497265625 0.2791666671875 0.575390625 0.2635416671875 0.5796875 0.2501736109375 0.5796875 0.1270153984375
1 0.5796875 0.0609375 0.563671875 0.0395833328125 0.51875 0.0317708328125 0.485546875 0.0395833328125 0.471875 0.052604167187499995 0.471875 0.1046875 0.485546875 0.12291666718750001 0.512890625 0.13333333281249998 0.559765625 0.12291666718750001 0.5796875 0.0866950765625 0.5796875 0.0609375
1 0.5109375 0.5005208328124999 0.5109375 0.4380208328125 0.485546875 0.41979166718750005 0.473828125 0.3885416671875 0.46015625 0.39114583281250004 0.4171875 0.4484375 0.469921875 0.5083333328124999 0.505078125 0.5083333328124999 0.5109375 0.5005208328124999
1 0.442578125 0.409375 0.471875 0.3807291671875 0.4796875 0.3182291671875 0.473828125 0.3104166671875 0.42109375 0.31302083281250004 0.39765625 0.3338541671875 0.39375 0.3546875 0.419140625 0.409375 0.442578125 0.409375
1 0.2140625 0.35989583281250004 0.219921875 0.3729166671875 0.262890625 0.39375 0.286328125 0.425 0.30390625 0.4328125 0.30390625 0.47447916718750005 0.313671875 0.5083333328124999 0.333203125 0.5135416671875 0.368359375 0.4614583328125 0.395703125 0.45625 0.40546875 0.44322916718750005 0.41328125 0.4171875 0.40546875 0.3807291671875 0.380078125 0.346875 0.352734375 0.33645833281250004 0.321484375 0.2791666671875 0.24140625 0.28177083281250004 0.21796875 0.3026041671875 0.2140625 0.35989583281250004
1 0.227734375 0.175 0.290234375 0.14895833281249998 0.3078125 0.0890625 0.274609375 0.0447916671875 0.2453125 0.0473958328125 0.231640625 0.055208332812500004 0.20625 0.0994791671875 0.21015625 0.1359375 0.227734375 0.175
1 0.2453125 0.0265625 0.223828125 0.003125 0.1671875 0.0005208328124999999 0.141796875 0.0083333328125 0.12421875 0.0369791671875 0.11640625 0.0994791671875 0.130078125 0.12291666718750001 0.176953125 0.10729166718750001 0.200390625 0.1125 0.21015625 0.0838541671875 0.2453125 0.0421875 0.2453125 0.0265625
1 0.16328125 0.0005208328124999999 0.128125 0.021354167187500002 0.11640625 0.0682291671875 0.11640625 0.1046875 0.133984375 0.128125 0.176953125 0.10729166718750001 0.200390625 0.10729166718750001 0.21015625 0.07864583281250001 0.253125 0.0369791671875 0.223828125 0.003125 0.16328125 0.0005208328124999999
1 0.013648896875 0 0.01875 0.0578125 0.075390625 0.08125 0.110546875 0.08125 0.128125 0.021354167187500002 0.112109375 0 0.013648896875 0
1 0 0.2953125 0.036328125 0.2791666671875 0.06171875 0.2088541671875 0.0578125 0.1619791671875 0.032421875 0.128125 0 0.1103247546875 0 0.2953125
1 0.106640625 0.0916666671875 0.048046875 0.065625 0.01484375 0.0682291671875 0.0109375 0.09427083281250001 0.024609375 0.0916666671875 0.0421875 0.11510416718750001 0.0421875 0.1359375 0.063671875 0.16458333281249998 0.079296875 0.1697916671875 0.11640625 0.15677083281249998 0.12421875 0.1203125 0.106640625 0.0916666671875
1 0.188671875 0.19583333281249998 0.212109375 0.18020833281249998 0.21796875 0.1619791671875 0.192578125 0.10729166718750001 0.175 0.1098958328125 0.137890625 0.12291666718750001 0.1203125 0.15677083281249998 0.173046875 0.19583333281249998 0.188671875 0.19583333281249998
1 0.223828125 0.284375 0.2453125 0.2713541671875 0.2453125 0.2140625 0.231640625 0.175 0.2140625 0.1776041671875 0.1828125 0.2088541671875 0.1828125 0.2348958328125 0.204296875 0.2791666671875 0.223828125 0.284375
1 0.313671875 0.2791666671875 0.32734375 0.2557291671875 0.32734375 0.1984375 0.301953125 0.159375 0.28046875 0.15677083281249998 0.24140625 0.1828125 0.24921875 0.26614583281250004 0.274609375 0.284375 0.313671875 0.2791666671875
1 0.31953125 0.0838541671875 0.30390625 0.0994791671875 0.29609375 0.14114583281249998 0.329296875 0.19583333281249998 0.352734375 0.2010416671875 0.395703125 0.190625 0.40546875 0.1776041671875 0.40546875 0.1515625 0.364453125 0.1020833328125 0.333203125 0.08125 0.31953125 0.0838541671875
1 0.29609375 0.1307291671875 0.29609375 0.1463541671875 0.309765625 0.16458333281249998 0.344921875 0.16458333281249998 0.378125 0.1359375 0.368359375 0.10729166718750001 0.333203125 0.08125 0.31953125 0.0838541671875 0.30390625 0.0994791671875 0.29609375 0.1307291671875
1 0.473828125 0.2322916671875 0.49921875 0.18802083281249998 0.5109375 0.14114583281249998 0.466015625 0.1020833328125 0.43671875 0.0994791671875 0.409375 0.1515625 0.409375 0.1776041671875 0.442578125 0.2270833328125 0.473828125 0.2322916671875
1 0.14765625 0.3390625 0.173046875 0.3625 0.208203125 0.3625 0.21796875 0.29739583281250004 0.20234375 0.2921875 0.180859375 0.2947916671875 0.14765625 0.3390625
0 0.5796875 0 0.5796875 0.31253858125 0.591796875 0.30416666718749996 0.615234375 0.27291666718749996 0.693359375 0.23125 0.7578125 0.11927083281249999 0.74609375 0.0359375 0.73240985625 0 0.5796875 0
0 0.8191271546875001 0 0.796875 0.0307291671875 0.79296875 0.0723958328125 0.802734375 0.090625 0.892578125 0.1010416671875 0.93359375 0.0463541671875 0.94939630625 0 0.8191271546875001 0
0 1 0 0.9506283968750001 0 0.939453125 0.0489583328125 0.966796875 0.04375 1 0.006562500000000001 1 0
0 1 0.55 1 0.269406703125 0.912109375 0.11145833281249999 0.79296875 0.0984375 0.67578125 0.3067708328125 0.625 0.4578125 0.658203125 0.5072916671875001 0.7310014203125 0.55 1 0.55
0 1 0.55 1 0.269406703125 0.912109375 0.11145833281249999 0.79296875 0.0984375 0.68359375 0.2911458328125 0.625 0.4526041671875 0.658203125 0.5072916671875001 0.722265625 0.55 1 0.55
0 0.5796875 0.428020834375 0.580078125 0.4291666671875 0.619140625 0.43958333281249995 0.62890625 0.4213541671875 0.66796875 0.29635416718749996 0.6640625 0.2703125 0.65234375 0.2703125 0.609375 0.3067708328125 0.5796875 0.3780208328125 0.5796875 0.428020834375
1 0 1 0.49256700625 1 0.41788085625000004 0.8613217843750001 0.21902899687500002 0.69302473125 0.0172094734375 0.7959828671875 0 0.812490925 0 1
1 0.2467449296875 0.55 0.206035959375 0.608195028125 0.214939859375 0.6992734031250001 0.40043586875 0.8160913875 0.487990009375 0.984388440625 0.49493732343749997 1 0.5796875 1 0.5796875 0.55730088125 0.2945987984375 0.55 0.2467449296875 0.55
1 0 0.7705652734375 0.008668384375000001 0.786391909375 0.219147509375 0.69343504375 0.1971322875 0.608195028125 0.068027109375 0.56067583125 0 0.568927171875 0 0.7705652734375
0 0.8748263890625001 1 0.8859375 0.9833333328125 0.8828125 0.9333333328125001 0.9015625 0.8833333328125 0.8828125 0.8125 0.8078125 0.7791666671874999 0.6515625 0.7875 0.6453125 0.8125 0.6921875 0.875 0.73504464375 1 0.8748263890625001 1
0 1 0.8032608703124999 0.9484375 0.7375 0.9296875 0.7458333328125 0.8984375 0.8083333328125001 0.9046875 0.875 0.9265625 0.9208333328125 0.9421875 0.9208333328125 0.9859375 0.9083333328125001 1 0.8912878781250001 1 0.8032608703124999
0 1 1 1 0.904296875 0.9203125 0.9375 0.9289930562500001 1 1 1
0 0.708854165625 0.55 0.6984375 0.5583333328125 0.6609375 0.6666666671875 0.6609375 0.7041666671875 0.6796875 0.7666666671875 0.7484375 0.7666666671875 0.7546875 0.7666666671875 0.8015625 0.7416666671875001 0.8109375 0.6625 0.7734375 0.5708333328124999 0.75 0.55 0.708854165625 0.55
0 0.8213068187499999 0.55 0.8078125 0.6291666671875 0.9203125 0.6791666671875001 0.9265625 0.6791666671875001 0.9640625 0.6 0.9494791671874999 0.55 0.8213068187499999 0.55
0 0.9296875 0.7125 0.8953125 0.6708333328125 0.8265625 0.6541666671875 0.8109375 0.675 0.8046875 0.75 0.8109375 0.7666666671875 0.8703125 0.7958333328125 0.8890625 0.7958333328125 0.9265625 0.7416666671875001 0.9296875 0.7125
0 0.8296875 0.6541666671875 0.8140625 0.6708333328125 0.8078125 0.7541666671874999 0.8765625 0.7958333328125 0.8859375 0.7958333328125 0.9296875 0.7375 0.9296875 0.7125 0.8796875 0.6625 0.8296875 0.6541666671875
0 0.5796875 1 0.7223958328125 1 0.6859375 0.8958333328125001 0.6296875 0.8458333328125001 0.5828125 0.8833333328125 0.5796875 0.89 0.5796875 1
0 0.723197115625 1 0.7015625 0.9583333328125001 0.6859375 0.9583333328125001 0.6390625 0.9791666671874999 0.6359375 1 0.723197115625 1
0 0.5796875 0.8819444437499999 0.6203125 0.8458333328125001 0.6296875 0.8125 0.6234375 0.7583333328125 0.6453125 0.7458333328125 0.6421875 0.7208333328125 0.5796875 0.746759259375 0.5796875 0.8819444437499999