1 1 0.001300809375 0 0.0026041671875 0 1 1 1 1 0.001300809375
1 0 0.2630208328125 0.037109375 0.3333333328125 0.083984375 0.359375 0.1328125 0.3619791671875 0.189453125 0.3489583328125 0.21484375 0.2994791671875 0.22265625 0.1588541671875 0.181640625 0.109375 0.111328125 0.08854166718749999 0.052734375 0.109375 0.02734375 0.1380208328125 0 0.1901041671875 0 0.2630208328125
1 0 0.5234375 0.0234375 0.5598958328125 0.0234375 0.5911458328125 0.05078125 0.6588541671875 0.05859375 0.7109375 0.076171875 0.7291666671875 0.1171875 0.7317708328125 0.162109375 0.7291666671875 0.177734375 0.7083333328125 0.21484375 0.6848958328125 0.23046875 0.6432291671875 0.23046875 0.5651041671875 0.203125 0.5026041671875 0.177734375 0.484375 0.130859375 0.46875 0.103515625 0.4479166671875 0.025390625 0.4635416671875 0 0.4973958328125 0 0.5234375
1 0.525457975 1 0.5625 0.8567708328125001 0.556640625 0.8229166671874999 0.501953125 0.7864583328125 0.455078125 0.7916666671875 0.43359375 0.8203125 0.40234375 0.8776041671874999 0.390625 0.9505208328125001 0.393098959375 1 0.525457975 1
1 1 0.16449652812499999 0.966796875 0.171875 0.9375 0.20572916718749998 0.9296875 0.2421875 0.93359375 0.3046875 0.955078125 0.3385416671875 0.982421875 0.359375 1 0.3681640625 1 0.16449652812499999
1 0.787890625 1 0.751953125 0.96875 0.736328125 0.96875 0.6961495531249999 1 0.787890625 1
1 0.9509662828125001 1 0.953125 0.9921875 0.94140625 0.9557291671874999 0.912109375 0.9270833328125001 0.880859375 0.875 0.861328125 0.8697916671874999 0.830078125 0.9114583328125001 0.796875 0.9348958328125001 0.79296875 0.9921875 0.7972995921875 1 0.9509662828125001 1
1 1 0.8987630203125001 0.955078125 0.90625 0.93359375 0.9348958328125001 0.953125 0.9817708328125001 0.953125 1 1 1 1 0.8987630203125001
1 1 0.8526589921875001 0.974609375 0.84375 0.962890625 0.8489583328125001 0.953125 0.8671875 0.95703125 0.8984375 0.9921875 0.9036458328125001 1 0.8973958328125 1 0.8526589921875001
1 0.6944754468750001 1 0.734375 0.9661458328125001 0.73828125 0.9348958328125001 0.70703125 0.8776041671874999 0.685546875 0.8645833328125001 0.65234375 0.8984375 0.6484375 0.9765625 0.6724076703125 1 0.6944754468750001 1
1 0.70703125 0.8776041671874999 0.736328125 0.9322916671874999 0.748046875 0.9427083328125001 0.765625 0.9401041671874999 0.822265625 0.9166666671874999 0.87109375 0.8463541671874999 0.890625 0.7994791671875 0.873046875 0.75 0.837890625 0.7395833328125 0.822265625 0.7604166671875 0.751953125 0.7604166671875 0.71484375 0.7994791671875 0.70703125 0.8203125 0.70703125 0.8776041671874999
1 0.90625 0.7682291671875 0.93359375 0.6692708328125 0.93359375 0.6380208328125 0.919921875 0.5885416671875 0.892578125 0.5885416671875 0.87890625 0.6015625 0.86328125 0.6692708328125 0.83984375 0.7057291671875 0.857421875 0.7395833328125 0.896484375 0.7708333328125 0.90625 0.7682291671875
1 0.654296875 0.3958333328125 0.66796875 0.3776041671875 0.68359375 0.3307291671875 0.68359375 0.2734375 0.646484375 0.25 0.58984375 0.3151041671875 0.609375 0.3880208328125 0.619140625 0.4010416671875 0.640625 0.3984375 0.654296875 0.3958333328125
1 0.7265625 0.4557291671875 0.7265625 0.5078125 0.736328125 0.5260416671875 0.767578125 0.5416666671875 0.8046875 0.5390625 0.849609375 0.5052083328125 0.888671875 0.4947916671875 0.91796875 0.4557291671875 0.9296875 0.3828125 0.880859375 0.3541666671875 0.853515625 0.2916666671875 0.833984375 0.296875 0.791015625 0.3489583328125 0.74609375 0.4088541671875 0.7265625 0.4557291671875
1 0.76171875 0.3203125 0.765625 0.3463541671875 0.78125 0.3567708328125 0.80078125 0.3359375 0.794921875 0.2864583328125 0.783203125 0.2864583328125 0.76171875 0.3203125
1 0.474609375 0.25 0.42578125 0.3098958328125 0.41015625 0.3932291671875 0.41796875 0.4817708328125 0.43359375 0.5442708328125 0.474609375 0.578125 0.5 0.5755208328125 0.5234375 0.5546875 0.51953125 0.5182291671875 0.52734375 0.4921875 0.556640625 0.4479166671875 0.59765625 0.4192708328125 0.60546875 0.3723958328125 0.580078125 0.3177083328125 0.544921875 0.3020833328125 0.501953125 0.25 0.474609375 0.25
1 0.29296875 0.3359375 0.30859375 0.3671875 0.345703125 0.4114583328125 0.359375 0.4140625 0.41015625 0.3723958328125 0.421875 0.3151041671875 0.44140625 0.2786458328125 0.4375 0.2526041671875 0.376953125 0.1770833328125 0.345703125 0.1822916671875 0.296875 0.2421875 0.30078125 0.2578125 0.28515625 0.2734375 0.29296875 0.3359375
1 0.4140625 0.0859375 0.376953125 0.046875 0.322265625 0.046875 0.3046875 0.1171875 0.330078125 0.1302083328125 0.353515625 0.1666666671875 0.37890625 0.1692708328125 0.4140625 0.1067708328125 0.4140625 0.0859375
1 0.853515625 0.5625 0.884765625 0.5833333328125 0.89453125 0.5807291671875 0.9296875 0.5703125 0.93359375 0.5390625 0.9609375 0.5078125 0.966796875 0.4791666671875 0.923828125 0.4635416671875 0.888671875 0.5 0.861328125 0.5052083328125 0.8359375 0.5234375 0.8359375 0.5390625 0.853515625 0.5625
1 0.161328125 1 0.1640625 0.9817708328125001 0.123046875 0.90625 0.064453125 0.9114583328125001 0 0.9765625 0 1 0.161328125 1
1 0.283203125 0.5520833328125 0.2421875 0.5859375 0.21875 0.6848958328125 0.171875 0.7213541671875 0.14453125 0.7942708328125 0.15234375 0.8567708328125001 0.193359375 0.9166666671874999 0.228515625 0.9322916671874999 0.25390625 0.9296875 0.298828125 0.9010416671874999 0.333984375 0.8645833328125001 0.353515625 0.859375 0.3828125 0.8046875 0.3828125 0.7786458328125 0.3671875 0.7421875 0.3828125 0.6848958328125 0.37890625 0.6015625 0.333984375 0.5364583328125 0.283203125 0.5520833328125
1 0.391764321875 1 0.3984375 0.8932291671874999 0.376953125 0.8645833328125001 0.345703125 0.859375 0.263671875 0.921875 0.2578125 0.9453125 0.2764559671875 1 0.391764321875 1
1 0.05078125 0.8203125 0.078125 0.8984375 0.1015625 0.9036458328125001 0.123046875 0.8958333328125001 0.1484375 0.8619791671874999 0.14453125 0.7838541671875 0.15234375 0.7473958328125 0.134765625 0.734375 0.080078125 0.734375 0.052734375 0.7239583328125 0.0234375 0.7578125 0.02734375 0.7838541671875 0.05078125 0.8203125
1 0.00390625 0.9713541671874999 0.07421875 0.9036458328125001 0.0625 0.8515625 0.017578125 0.7708333328125 0 0.7734375 0.00390625 0.9713541671874999
1 0.01171875 0.7578125 0.046875 0.7213541671875 0.05078125 0.6692708328125 0.001953125 0.5520833328125 0 0.7578125 0.01171875 0.7578125
1 0.087890625 0.4427083328125 0.107421875 0.4479166671875 0.12109375 0.4140625 0.12109375 0.3723958328125 0.029296875 0.3333333328125 0.001953125 0.359375 0 0.4401041671875 0.029296875 0.4635416671875 0.046875 0.4609375 0.087890625 0.4427083328125
1 0 0.09635416718749999 0.025390625 0.1197916671875 0.0390625 0.1171875 0.11328125 0.07552083281250001 0.119140625 0 0 0.0026041671875 0 0.09635416718749999
1 0.126953125 0 0.12109375 0.0078125 0.12109375 0.06510416718749999 0.130859375 0.08333333281250001 0.197265625 0.1197916671875 0.220703125 0.1510416671875 0.25390625 0.1484375 0.294921875 0.125 0.30859375 0.09635416718749999 0.31640625 0.0338541671875 0.302734375 0 0.126953125 0
1 0.287109375 0.1354166671875 0.22265625 0.1588541671875 0.21875 0.2630208328125 0.224609375 0.2708333328125 0.265625 0.2682291671875 0.279296875 0.265625 0.296875 0.23177083281250002 0.287109375 0.1354166671875
1 0.34765625 0.1588541671875 0.326171875 0.1302083328125 0.302734375 0.125 0.2890625 0.1432291671875 0.29296875 0.20572916718749998 0.298828125 0.22395833281250002 0.3125 0.22135416718749998 0.33984375 0.1901041671875 0.34765625 0.1588541671875
1 0.29296875 0.4088541671875 0.30078125 0.3567708328125 0.279296875 0.2708333328125 0.228515625 0.2708333328125 0.18359375 0.3671875 0.18359375 0.4036458328125 0.19140625 0.4244791671875 0.208984375 0.4375 0.26171875 0.4348958328125 0.29296875 0.4088541671875
1 0.1953125 0.4348958328125 0.1796875 0.4036458328125 0.1796875 0.3619791671875 0.130859375 0.3645833328125 0.1171875 0.4505208328125 0.134765625 0.46875 0.1796875 0.4817708328125 0.1953125 0.4557291671875 0.1953125 0.4348958328125
1 0.169921875 0.3958333328125 0.130859375 0.3958333328125 0.11328125 0.4453125 0.142578125 0.4739583328125 0.18359375 0.4817708328125 0.19921875 0.4453125 0.1953125 0.4296875 0.169921875 0.3958333328125
1 0.28515625 0.4661458328125 0.267578125 0.4375 0.212890625 0.4375 0.19921875 0.4505208328125 0.1953125 0.4869791671875 0.23046875 0.5651041671875 0.2578125 0.5703125 0.28515625 0.5442708328125 0.28515625 0.4661458328125
1 0.28125 0.5234375 0.291015625 0.5416666671875 0.30859375 0.5390625 0.3359375 0.5234375 0.3359375 0.5026041671875 0.345703125 0.484375 0.4140625 0.4661458328125 0.4140625 0.4244791671875 0.400390625 0.390625 0.357421875 0.421875 0.326171875 0.4166666671875 0.28515625 0.4401041671875 0.28125 0.5234375
1 0.42578125 0.5026041671875 0.408203125 0.4739583328125 0.345703125 0.484375 0.3359375 0.5078125 0.3359375 0.5338541671875 0.37890625 0.6015625 0.390625 0.6067708328125 0.42578125 0.5703125 0.42578125 0.5026041671875
1 0.48828125 0.7682291671875 0.4921875 0.6744791671875 0.462890625 0.6510416671875 0.392578125 0.6614583328125 0.37109375 0.7109375 0.37109375 0.7473958328125 0.3828125 0.7786458328125 0.392578125 0.7916666671875 0.44921875 0.7942708328125 0.48828125 0.7682291671875
1 0.390625 0.6588541671875 0.40234375 0.6484375 0.40234375 0.6328125 0.384765625 0.6145833328125 0.3828125 0.6536458328125 0.390625 0.6588541671875
1 0.431640625 0.5520833328125 0.39453125 0.6067708328125 0.39453125 0.6223958328125 0.423828125 0.65625 0.453125 0.6536458328125 0.46484375 0.6432291671875 0.47265625 0.5807291671875 0.431640625 0.5520833328125
1 0.46484375 0.6223958328125 0.46484375 0.6432291671875 0.5 0.6692708328125 0.5390625 0.6015625 0.517578125 0.5729166671875 0.478515625 0.5833333328125 0.46484375 0.6223958328125
1 0.44140625 0.8098958328125001 0.439453125 0.796875 0.392578125 0.7916666671875 0.37890625 0.8151041671874999 0.37109375 0.8567708328125001 0.388671875 0.8802083328125001 0.40234375 0.8828125 0.41015625 0.8567708328125001 0.44140625 0.8098958328125001
1 0.19140625 0.9192708328125001 0.166015625 0.8854166671874999 0.150390625 0.8802083328125001 0.12890625 0.9088541671874999 0.1484375 0.9557291671874999 0.158203125 0.96875 0.171875 0.9661458328125001 0.19140625 0.9401041671874999 0.19140625 0.9192708328125001
1 0.17903645937499998 1 0.166015625 0.9895833328125001 0.16359105625 1 0.17903645937499998 1
1 0.239583334375 1 0.24609375 0.9609375 0.232421875 0.9322916671874999 0.205078125 0.9270833328125001 0.16796875 0.9713541671874999 0.16796875 0.9817708328125001 0.181640625 1 0.239583334375 1
1 0.6677517359375 1 0.658203125 0.9895833328125001 0.624348959375 1 0.6677517359375 1
1 0.591552734375 1 0.5703125 0.9244791671874999 0.552734375 0.9166666671874999 0.5268197406249999 1 0.591552734375 1
1 0.61767578125 1 0.6484375 0.9817708328125001 0.6484375 0.9036458328125001 0.626953125 0.8802083328125001 0.595703125 0.890625 0.57421875 0.9296875 0.58984375 0.9973958328125001 0.6015625 1 0.61767578125 1
1 0.578125 0.9192708328125001 0.609375 0.8776041671874999 0.568359375 0.8489583328125001 0.5546875 0.8880208328125001 0.5546875 0.9140625 0.578125 0.9192708328125001
1 0.548828125 0.8125 0.587890625 0.859375 0.6015625 0.8567708328125001 0.625 0.8411458328125001 0.6484375 0.7734375 0.66796875 0.7421875 0.6640625 0.7057291671875 0.619140625 0.6302083328125 0.583984375 0.6041666671875 0.548828125 0.5989583328125 0.49609375 0.6796875 0.48828125 0.7786458328125 0.548828125 0.8125
1 0.71484375 0.7838541671875 0.693359375 0.7447916671875 0.669921875 0.7447916671875 0.65625 0.7630208328125 0.62109375 0.8567708328125001 0.626953125 0.8802083328125001 0.65625 0.8880208328125001 0.70703125 0.8567708328125001 0.71484375 0.7838541671875
1 0.16015625 0.8723958328125001 0.193359375 0.9166666671874999 0.228515625 0.9322916671874999 0.2578125 0.9296875 0.357421875 0.8541666671874999 0.3828125 0.8046875 0.3828125 0.7838541671875 0.361328125 0.734375 0.333984375 0.734375 0.216796875 0.6875 0.171875 0.7213541671875 0.14453125 0.7890625 0.14453125 0.8255208328125001 0.16015625 0.8723958328125001
1 0.3671875 0.0442708328125 0.419921875 0.0260416671875 0.4453125 0.0026041671875 0.30859375 0.0026041671875 0.318359375 0.0416666671875 0.3671875 0.0442708328125
1 0.447265625 0 0.427734375 0.0208333328125 0.3828125 0.0442708328125 0.400390625 0.07291666718749999 0.4296875 0.09114583281250001 0.451171875 0.08854166718749999 0.484375 0.06510416718749999 0.48828125 0.013020832812499999 0.478515625 0 0.447265625 0
1 0.45703125 0.1015625 0.486328125 0.140625 0.5 0.1380208328125 0.5 0.07552083281250001 0.486328125 0.06770833281250001 0.462890625 0.078125 0.45703125 0.1015625
1 0.484375 0.1380208328125 0.451171875 0.09375 0.431640625 0.09375 0.3984375 0.1276041671875 0.3828125 0.1744791671875 0.427734375 0.23958333281250002 0.453125 0.2421875 0.46875 0.2265625 0.484375 0.1380208328125
1 0.498046875 0.140625 0.47265625 0.1796875 0.46875 0.2421875 0.474609375 0.25 0.5078125 0.24739583281250002 0.52734375 0.1640625 0.517578125 0.1458333328125 0.498046875 0.140625
1 0.6328125 0.2630208328125 0.63671875 0.2421875 0.560546875 0.1458333328125 0.552734375 0.1458333328125 0.52734375 0.1640625 0.5078125 0.24739583281250002 0.548828125 0.3020833328125 0.568359375 0.3125 0.58984375 0.3098958328125 0.6328125 0.2630208328125
1 0.552734375 0.015625 0.517578125 0.015625 0.5 0.0442708328125 0.5 0.1380208328125 0.53125 0.1484375 0.55859375 0.1171875 0.5703125 0.0338541671875 0.552734375 0.015625
1 0.595703125 0.015625 0.580078125 0.0260416671875 0.5625 0.0703125 0.55859375 0.1380208328125 0.634765625 0.23958333281250002 0.673828125 0.2604166671875 0.70703125 0.2578125 0.736328125 0.234375 0.765625 0.1901041671875 0.765625 0.1484375 0.75390625 0.1171875 0.728515625 0.1041666671875 0.681640625 0.1197916671875 0.6796875 0.09635416718749999 0.646484375 0.0260416671875 0.630859375 0.015625 0.595703125 0.015625
1 0.73046875 0.4348958328125 0.765625 0.3671875 0.765625 0.3307291671875 0.755859375 0.3177083328125 0.724609375 0.3072916671875 0.693359375 0.2760416671875 0.68359375 0.2994791671875 0.6796875 0.3515625 0.66015625 0.3932291671875 0.697265625 0.4375 0.73046875 0.4348958328125
1 0.62109375 0.4661458328125 0.595703125 0.4270833328125 0.572265625 0.4322916671875 0.5234375 0.5026041671875 0.5234375 0.5390625 0.533203125 0.5520833328125 0.5625 0.5598958328125 0.62109375 0.5026041671875 0.62109375 0.4661458328125
1 0.71875 0.5286458328125 0.7265625 0.5182291671875 0.720703125 0.453125 0.705078125 0.4479166671875 0.658203125 0.4010416671875 0.615234375 0.40625 0.6015625 0.4192708328125 0.62109375 0.4609375 0.625 0.5026041671875 0.646484375 0.5260416671875 0.71875 0.5286458328125
1 0.619140625 0.5052083328125 0.556640625 0.5625 0.55078125 0.5859375 0.607421875 0.625 0.62890625 0.6276041671875 0.64453125 0.6015625 0.66015625 0.5442708328125 0.619140625 0.5052083328125
1 0.654296875 0 0.64453125 0.013020832812499999 0.685546875 0.109375 0.740234375 0.1041666671875 0.763671875 0.1302083328125 0.77734375 0.1276041671875 0.77734375 0.08072916718749999 0.759765625 0.05208333281250001 0.734375 0.0338541671875 0.720703125 0 0.654296875 0
1 0.740234375 0.0416666671875 0.767578125 0.05729166718749999 0.78125 0.0546875 0.8203125 0.013020832812499999 0.818359375 0 0.7265625 0.0026041671875 0.740234375 0.0416666671875
1 0.7578125 0.2109375 0.783203125 0.2760416671875 0.8203125 0.2838541671875 0.8515625 0.2578125 0.859375 0.21614583281250002 0.89453125 0.1796875 0.890625 0.1432291671875 0.857421875 0.09895833281250001 0.837890625 0.1041666671875 0.826171875 0.125 0.791015625 0.125 0.7734375 0.1536458328125 0.7578125 0.2109375
1 0.84765625 0.05989583281250001 0.86328125 0.0234375 0.837890625 0 0.77734375 0.05989583281250001 0.77734375 0.0859375 0.791015625 0.1145833328125 0.82421875 0.1171875 0.8515625 0.0859375 0.84765625 0.05989583281250001
1 0.78125 0.2734375 0.759765625 0.22395833281250002 0.748046875 0.22395833281250002 0.703125 0.2682291671875 0.724609375 0.3072916671875 0.740234375 0.3177083328125 0.765625 0.3151041671875 0.78125 0.2890625 0.78125 0.2734375
1 0.953125 0.3671875 0.96484375 0.3463541671875 0.9296875 0.2994791671875 0.93359375 0.20572916718749998 0.919921875 0.1927083328125 0.880859375 0.1979166671875 0.859375 0.2265625 0.8515625 0.2734375 0.87109375 0.3359375 0.904296875 0.3697916671875 0.953125 0.3671875
1 0.63671875 0.6484375 0.66015625 0.6848958328125 0.66796875 0.7265625 0.673828125 0.734375 0.69921875 0.7317708328125 0.73046875 0.7005208328125 0.75 0.6484375 0.73828125 0.5598958328125 0.712890625 0.53125 0.677734375 0.53125 0.66015625 0.5494791671875 0.6484375 0.5807291671875 0.640625 0.6171875 0.64453125 0.6432291671875 0.63671875 0.6484375
1 0.83984375 0.7057291671875 0.86328125 0.6692708328125 0.8671875 0.6328125 0.8828125 0.5911458328125 0.833984375 0.5416666671875 0.744140625 0.5364583328125 0.73828125 0.5598958328125 0.75390625 0.6640625 0.779296875 0.6927083328125 0.818359375 0.7083333328125 0.83984375 0.7057291671875
1 0.814453125 0.7552083328125 0.8203125 0.7317708328125 0.806640625 0.703125 0.763671875 0.6770833328125 0.748046875 0.6770833328125 0.7265625 0.7109375 0.7265625 0.7421875 0.740234375 0.765625 0.75390625 0.7630208328125 0.814453125 0.7552083328125
1 1 0.663788378125 0.939453125 0.6510416671875 0.91015625 0.7473958328125 0.91015625 0.8151041671874999 0.951171875 0.8489583328125001 1 0.8469854796874999 1 0.663788378125
1 0.919921875 0.828125 0.884765625 0.8385416671874999 0.875 0.8671875 0.912109375 0.9270833328125001 0.9296875 0.9296875 0.953125 0.8984375 0.953125 0.8567708328125001 0.919921875 0.828125
1 1 0.49678308906249996 0.998046875 0.4947916671875 0.970703125 0.4947916671875 0.93359375 0.5442708328125 0.92578125 0.6171875 0.939453125 0.640625 0.962890625 0.65625 1 0.6580825625 1 0.49678308906249996
1 1 0.40711805468750006 0.98046875 0.4713541671875 1 0.490211925 1 0.40711805468750006
1 1 0.3702512265625 0.970703125 0.3541666671875 0.9296875 0.3828125 0.921875 0.4453125 0.947265625 0.46875 0.98046875 0.4765625 1 0.3897569453125 1 0.3702512265625
1 1 0.0283717109375 0.966796875 0.0260416671875 0.943359375 0.0052083328125 0.873046875 0.010416667187500001 0.8515625 0.0494791671875 0.8515625 0.0859375 0.919921875 0.1927083328125 0.9375 0.1953125 0.982421875 0.1614583328125 1 0.1555989578125 1 0.0283717109375