1 1 0 0.557352940625 0 0.57734375 0.0453125 0.60078125 0.0635416671875 0.6828125 0.1833333328125 0.700390625 0.1989583328125 0.731640625 0.1989583328125 0.798046875 0.1598958328125 0.887890625 0.1572916671875 0.925 0.178125 0.958203125 0.225 0.981640625 0.24322916718749998 1 0.2345673078125 1 0
1 0.9725781250000001 0.25 0.971875 0.240625 0.9640625 0.225 0.94453125 0.20416666718749998 0.934765625 0.1755208328125 0.895703125 0.1494791671875 0.809765625 0.1442708328125 0.755078125 0.1807291671875 0.7375 0.209375 0.7375 0.25 0.9725781250000001 0.25
1 0 0.25 0 0.357056053125 0.1492714484375 0.3563784875 0.19407539375 0.25 0 0.25
1 0.5390625 1 0.5390625 0.8959933718750002 0.48652771406250006 0.9003344921875 0.46490910156250004 1 0.5390625 1
1 0 1 0.46411760468749996 1 0.48104157656249996 0.9054437296875001 0.20333263281249997 0.48914279687499995 0.1657601953125 0.3409308953125 0 0.3409308953125 0 1
1 0.5390625 0.25 0.193678665625 0.25 0.1547989640625 0.338391828125 0.47988174843750003 0.8963657546875 0.5390625 0.8910124625 0.5390625 0.25
1 1 0.29573219218749996 0.883984375 0.29573219218749996 0.825390625 0.3120661296875 0.8 0.3365670375 0.78828125 0.39645814375 0.83125 0.44001531250000003 0.82734375 0.5216850046875 0.837109375 0.5461859125 0.872265625 0.5461859125 0.911328125 0.51896268125 0.926953125 0.5135180359375 0.950390625 0.51896268125 0.969921875 0.5026287437500001 0.985546875 0.5026287437500001 1 0.5165754140625 1 0.29573219218749996
1 0.56953125 0.777583371875 0.55390625 0.8265851859375001 0.5578125 0.8646977093749999 0.587109375 0.8946432625 0.598828125 0.8946432625 0.626171875 0.9109771999999999 0.6359375 0.908254878125 0.65546875 0.8810316468749999 0.675 0.8048066015625001 0.665234375 0.7911949859375 0.633984375 0.7748610484375 0.602734375 0.7639717562499999 0.579296875 0.7639717562499999 0.56953125 0.777583371875
1 0.57734375 0.636022571875 0.60859375 0.7122476171875001 0.637890625 0.7476378171875 0.659375 0.7449154953125 0.692578125 0.7313038796875 0.747265625 0.671412771875 0.77265625 0.6305779265625 0.7765625 0.59791005 0.753125 0.548908234375 0.76875 0.52712965 0.77265625 0.5107957125 0.78046875 0.418236728125 0.770703125 0.40462511406249996 0.766796875 0.41006975937500006 0.727734375 0.41006975937500006 0.692578125 0.4209590515625 0.67890625 0.44545995937500005 0.67890625 0.461793896875 0.64375 0.505351065625 0.64375 0.5162403578125 0.61640625 0.5706868187499999 0.602734375 0.58974308125 0.57734375 0.6087993421875 0.57734375 0.636022571875
1 0.77265625 0.6305779265625 0.77265625 0.59791005 0.753125 0.5434635890624999 0.680859375 0.47540551249999996 0.661328125 0.480850159375 0.64765625 0.4999064203125 0.61640625 0.5706868187499999 0.594921875 0.5951877265625 0.57734375 0.6033546953125001 0.58125 0.6523565109375 0.60859375 0.7122476171875001 0.633984375 0.7476378171875 0.659375 0.7449154953125 0.684765625 0.736748525 0.696484375 0.7258592328125 0.743359375 0.6768574187499999 0.77265625 0.6305779265625
1 0.5390625 0.25 0.5390625 0.45050342031249996 0.575390625 0.43184834375000003 0.602734375 0.4427376359375 0.65546875 0.3910134984375 0.67109375 0.3420116828125 0.675 0.287565221875 0.6828125 0.2603419921875 0.6823760390625 0.25 0.5390625 0.25
1 0.9643081328124999 1 0.9875 0.9627013390624999 0.99140625 0.9354781078125001 0.9640625 0.8592530625 0.930859375 0.8075289250000001 0.891796875 0.8347521546875001 0.8 0.9354781078125001 0.79609375 0.9572566921875 0.8078125 0.9844799234374999 0.8152357312499999 1 0.90394615625 1 0.907421875 0.9980915375 0.919140625 0.9980915375 0.920509846875 1 0.9643081328124999 1
1 0.8078125 1 0.8078125 0.9844799234374999 0.79609375 0.9572566921875 0.79609375 0.9409227546875 0.83515625 0.88647629375 0.83515625 0.8646977093749999 0.825390625 0.85108609375 0.801953125 0.8347521546875001 0.786328125 0.8347521546875001 0.727734375 0.9164218468750001 0.704296875 0.9327557843750001 0.688671875 0.9327557843750001 0.680859375 0.9218664921874999 0.67109375 0.9300334625 0.67109375 0.9844799234374999 0.680859375 0.9980915375 0.68551473125 1 0.8078125 1
1 0.758984375 0.671412771875 0.747265625 0.671412771875 0.692578125 0.7313038796875 0.641796875 0.7530824640625 0.6359375 0.7612494328125 0.641796875 0.78030569375 0.661328125 0.785750340625 0.675 0.7993619562500001 0.675 0.821140540625 0.659375 0.8646977093749999 0.65546875 0.8919209390624999 0.684765625 0.9273111390625001 0.70625 0.9300334625 0.747265625 0.8946432625 0.80390625 0.8048066015625001 0.79609375 0.72858155625 0.758984375 0.671412771875
1 1 0.582665040625 0.966015625 0.5352966203125 0.934765625 0.5135180359375 0.880078125 0.540741265625 0.8078125 0.6305779265625 0.81171875 0.65780115625 0.883984375 0.742193171875 0.895703125 0.7530824640625 0.925 0.750360140625 0.942578125 0.742193171875 1 0.6535043015625 1 0.582665040625
1 0.81953125 0.5162403578125 0.8078125 0.489017128125 0.794140625 0.46996086718749996 0.778515625 0.46451622031250006 0.77265625 0.47812783593749997 0.77265625 0.505351065625 0.76484375 0.532574296875 0.75703125 0.5380189421875 0.75703125 0.55435288125 0.76484375 0.5815761109375 0.784375 0.6142439875 0.786328125 0.6006323734375 0.813671875 0.58974308125 0.82734375 0.5706868187499999 0.82734375 0.55435288125 0.81953125 0.5162403578125
1 0.74140625 0.401902790625 0.72578125 0.3637902671875 0.688671875 0.3175107765625 0.680859375 0.3175107765625 0.67109375 0.331122390625 0.67109375 0.3474563296875 0.659375 0.38556885156250004 0.6125 0.44001531250000003 0.6125 0.45090460468749993 0.641796875 0.49173945156250004 0.6515625 0.489017128125 0.675 0.46723854375 0.67890625 0.44001531250000003 0.688671875 0.4209590515625 0.735546875 0.41006975937500006 0.74140625 0.401902790625
1 1 0.6622657671875001 0.993359375 0.6659681265625 0.9640625 0.706802971875 0.95625 0.72858155625 0.940625 0.7449154953125 0.981640625 0.8020842781249999 0.997265625 0.8129735703125001 1 0.8125500984375 1 0.6622657671875001
1 1 0.6640625 0.989453125 0.671412771875 0.9640625 0.706802971875 0.95625 0.72858155625 0.940625 0.7449154953125 0.977734375 0.8020842781249999 0.997265625 0.8129735703125001 1 0.8125500984375 1 0.6640625