1 0 0.4390625 0.609375 0.4390625 0.609375 0 0 0 0 0.4390625
1 0 0 0 0.16513157812499998 0.0260416671875 0.18671875 0.1666666671875 0.17890625 0.21614583281250002 0.153515625 0.22916666718749998 0.096875 0.2265625 0.048046875 0.20052083281250002 0.001171875 0.19830043749999998 0 0 0
1 0.3286197921875 0 0.3151041671875 0.067578125 0.3359375 0.094921875 0.3515625 0.141796875 0.3697916671875 0.1671875 0.4322916671875 0.19453125 0.5104166671875 0.19453125 0.5520833328125 0.17890625 0.5755208328125 0.141796875 0.5963541671875 0.126171875 0.5989583328125 0.08125 0.5963541671875 0.040234375 0.578125 0.02265625 0.5260416671875 0.01484375 0.4892857140625 0 0.3286197921875 0
1 0.4452724359375 0.4390625 0.4453125 0.438671875 0.4114583328125 0.39765625 0.3489583328125 0.38203125 0.2604166671875 0.37421875 0.1770833328125 0.38984375 0.1171875 0.438671875 0.1171875 0.4390625 0.4452724359375 0.4390625
1 0.23958333281250002 0.37421875 0.28125 0.3234375 0.2786458328125 0.309765625 0.234375 0.27265625 0.203125 0.25703125 0.140625 0.24921875 0.125 0.26484375 0.109375 0.2609375 0.0494791671875 0.309765625 0.0442708328125 0.341015625 0.1197916671875 0.4015625 0.1458333328125 0.40546875 0.1822916671875 0.3859375 0.23958333281250002 0.37421875
1 0.609375 0.128125 0.5885416671875 0.1359375 0.5520833328125 0.1828125 0.453125 0.20625 0.4192708328125 0.247265625 0.4036458328125 0.298046875 0.46875 0.34296875 0.5520833328125 0.346875 0.609375 0.33125 0.609375 0.128125
1 0.20334663125 0 0.23958333281250002 0.08515625 0.28125 0.08515625 0.3151041671875 0.071484375 0.3098958328125 0.051953125 0.328125 0.0109375 0.3297453703125 0 0.20334663125 0
1 0.1328125 0.243359375 0.1354166671875 0.2296875 0.1380208328125 0.188671875 0.1302083328125 0.1828125 0.0260416671875 0.18671875 0.0026041671875 0.251171875 0.09895833281250001 0.2609375 0.1328125 0.243359375
1 0 0.2921875 0.0260416671875 0.31171875 0.05729166718749999 0.30390625 0.08854166718749999 0.2765625 0.09114583281250001 0.262890625 0.07291666718749999 0.25703125 0.010416667187500001 0.253125 0 0.2609375 0 0.2921875
1 0.2760416671875 0.25703125 0.3020833328125 0.22578125 0.3046875 0.173046875 0.2916666671875 0.15546875 0.2708333328125 0.14765625 0.234375 0.14765625 0.1380208328125 0.192578125 0.1380208328125 0.243359375 0.22395833281250002 0.26484375 0.2760416671875 0.25703125
1 0.3229166671875 0.159375 0.3489583328125 0.14375 0.3359375 0.098828125 0.3177083328125 0.08125 0.23177083281250002 0.094921875 0.22916666718749998 0.14375 0.2708333328125 0.14375 0.3020833328125 0.159375 0.3229166671875 0.159375
1 0.3125 0.16328125 0.3489583328125 0.14765625 0.3411458328125 0.106640625 0.3125 0.07734375 0.2630208328125 0.094921875 0.2630208328125 0.133984375 0.296875 0.159375 0.3125 0.16328125
1 0.4114583328125 0.24921875 0.4375 0.221875 0.4322916671875 0.19453125 0.3541666671875 0.159375 0.3177083328125 0.16328125 0.3046875 0.176953125 0.3046875 0.231640625 0.3333333328125 0.24921875 0.4114583328125 0.24921875
1 0.390625 0.3 0.40625 0.27265625 0.4088541671875 0.255078125 0.390625 0.2453125 0.3072916671875 0.24921875 0.2838541671875 0.290234375 0.2890625 0.321484375 0.2578125 0.364453125 0.2916666671875 0.378125 0.3333333328125 0.378125 0.3515625 0.309765625 0.3697916671875 0.3 0.390625 0.3
1 0.4375 0.38984375 0.4739583328125 0.3546875 0.46875 0.34296875 0.4010416671875 0.3 0.375 0.3 0.3515625 0.309765625 0.3411458328125 0.372265625 0.3697916671875 0.38984375 0.4375 0.38984375
1 0.609375 0.4390625 0.609375 0.33515625 0.578125 0.33515625 0.5286458328125 0.356640625 0.5182291671875 0.426953125 0.5279166671875 0.4390625 0.609375 0.4390625
1 0.515625 0.36640625 0.5260416671875 0.3546875 0.5208333328125 0.346875 0.4817708328125 0.348828125 0.5 0.36640625 0.515625 0.36640625
1 0.5104166671875 0.42890625 0.5208333328125 0.4171875 0.5234375 0.387890625 0.4895833328125 0.35859375 0.4739583328125 0.35859375 0.4192708328125 0.395703125 0.4479166671875 0.43671875 0.5104166671875 0.42890625
1 0 0.4390625 0.058333332812500006 0.4390625 0.09375 0.4328125 0.109375 0.4171875 0.1067708328125 0.391796875 0.0416666671875 0.346875 0 0.3607638890625 0 0.4390625
1 1 0.1907981765625 0.8822226640625 0.13671875 0.8604440796875 0.12890625 0.8386654953124999 0.1328125 0.6562698499999999 0.291015625 0.609375 0.34428626093750003 0.609375 0.42168866875 0.637742496875 0.4390625 0.9838560578125 0.4390625 1 0.41821411093750005 1 0.407361246875 0.9911155859375 0.3984375 0.9747816468749999 0.39453125 0.9557253859374999 0.380859375 0.9557253859374999 0.345703125 1 0.26687953593749997 1 0.1907981765625
1 0.7805470624999999 0 0.6916600500000001 0.0703125 0.6562698499999999 0.087890625 0.6290466203125 0.115234375 0.6290466203125 0.130859375 0.6671591421875 0.189453125 0.6971046953125 0.20703125 0.7188832796875 0.20703125 0.7569958031249999 0.19140625 0.8087199406250001 0.146484375 0.844110140625 0.125 0.8604440796875 0.125 0.9257798328125 0.15234375 0.9475584171874999 0.15234375 1 0.13353169843749998 1 0.0308410640625 0.9992825546875 0.029296875 0.9992825546875 0.009765625 0.9945184890625001 0 0.7805470624999999 0
1 0.609375 0.61982788125 0.6068710296875001 0.61875 0.5905370921875 0.61875 0.530645984375 0.665625 0.47892184687499995 0.694921875 0.3319164015625 0.858984375 0.3155824640625 0.890234375 0.33463872499999997 0.89609375 0.34552801718750004 0.884375 0.38364054062499997 0.8765625 0.4816441703125 0.9078125 0.53609063125 0.93125 0.5497022453125 0.944921875 0.5551468921875 0.964453125 0.5687585078125 0.97421875 0.5905370921875 0.97421875 0.609375 0.9819417312500001 0.609375 0.61982788125
1 0.609375 1 0.609375 0.9801756125000001 0.5633138609375 0.96640625 0.5469799234375 0.9546875 0.5144440375 1 0.609375 1
1 0 0.9673085531249999 0.013404604687499998 0.9625 0.0841850046875 0.9703125 0.11685288125 0.946875 0.154965403125 0.95078125 0.1767439875 0.9390625 0.263858325 0.915625 0.2665806484375 0.905859375 0.23391277187499998 0.882421875 0.2284681265625 0.839453125 0.21213418750000002 0.827734375 0.21213418750000002 0.819921875 0.1222975265625 0.759375 0.0841850046875 0.7515625 0.056961773437499995 0.759375 0 0.8062964921875 0 0.9673085531249999
1 0 0.7578377515625 0.029738543750000002 0.7515625 0.11685288125 0.73984375 0.1440761109375 0.73203125 0.1631323734375 0.718359375 0.1658546953125 0.7046875 0.14952075781250002 0.69296875 0.08962965 0.6890625 0.06512874375 0.663671875 0.06512874375 0.648046875 0.08146268125 0.628515625 0.07601803593749999 0.605078125 0.08146268125 0.589453125 0.1086859125 0.550390625 0.1086859125 0.515234375 0.0841850046875 0.50546875 0.0025153124999999998 0.509375 0 0.5068936671875 0 0.7578377515625
1 0.5605915375 0.585546875 0.5959817375 0.52109375 0.5959817375 0.509375 0.5469799234375 0.4859375 0.5197566921875 0.47421875 0.49797810781249996 0.478125 0.39725215468749997 0.569921875 0.370028925 0.608984375 0.4217530625 0.6421875 0.49797810781249996 0.66953125 0.5252013390625 0.665625 0.5660361843749999 0.640234375 0.582370121875 0.620703125 0.582370121875 0.612890625 0.5605915375 0.597265625 0.5605915375 0.585546875
1 0.43264235468749995 0.4390625 0.39725215468749997 0.464453125 0.39725215468749997 0.480078125 0.41358609375000005 0.503515625 0.427197709375 0.51328125 0.44897629375000003 0.51328125 0.5034227546875 0.47421875 0.5197566921875 0.47421875 0.5469799234375 0.4859375 0.5687585078125 0.4859375 0.5905370921875 0.4703125 0.5886433015625 0.4390625 0.43264235468749995 0.4390625
1 0.2369216546875 0.4390625 0.29108155625 0.47421875 0.3673066015625 0.48203125 0.43545855156249996 0.4390625 0.2369216546875 0.4390625
1 0.304693171875 0.620703125 0.312860140625 0.603125 0.3155824640625 0.573828125 0.304693171875 0.562109375 0.22030115625 0.48984375 0.1930779265625 0.4859375 0.103241265625 0.558203125 0.07601803593749999 0.612890625 0.0977966203125 0.644140625 0.154965403125 0.68515625 0.1712993421875 0.69296875 0.1930779265625 0.69296875 0.304693171875 0.620703125
1 0.09779661875 0.4390625 0.09507429687499999 0.44296875 0.067851065625 0.45078125 0.0406278359375 0.45078125 0.0270162203125 0.456640625 0.0324608671875 0.472265625 0.051517128125 0.4859375 0.0787403578125 0.49765625 0.11685288125 0.50546875 0.13318681875 0.50546875 0.15224308125 0.491796875 0.1631323734375 0.464453125 0.1767439875 0.4625 0.1440761109375 0.44296875 0.13046449531249998 0.4390625 0.09779661875 0.4390625
1 0.364584278125 0.706640625 0.3727512484375 0.69296875 0.3754735703125 0.675390625 0.364584278125 0.659765625 0.3074154953125 0.61875 0.29108155625 0.634375 0.269302971875 0.6421875 0.2284681265625 0.671484375 0.21757883437499997 0.691015625 0.21757883437499997 0.718359375 0.19580025 0.741796875 0.190355603125 0.757421875 0.190355603125 0.780859375 0.2475243875 0.8296875 0.263858325 0.83359375 0.2856369109375 0.82578125 0.3101378171875 0.808203125 0.3373610484375 0.776953125 0.32647175625 0.737890625 0.364584278125 0.706640625
1 0.3591396328125 0.714453125 0.3727512484375 0.69296875 0.3754735703125 0.675390625 0.364584278125 0.655859375 0.3074154953125 0.61875 0.29108155625 0.634375 0.269302971875 0.6421875 0.23391277187499998 0.667578125 0.21757883437499997 0.691015625 0.21757883437499997 0.714453125 0.2529690328125 0.7046875 0.2801922640625 0.70859375 0.3237494328125 0.73984375 0.3591396328125 0.714453125
1 0.38091821718749996 0.804296875 0.48708881562500006 0.6890625 0.4816441703125 0.68125 0.4163084171875 0.68515625 0.38364054062499997 0.6890625 0.364584278125 0.702734375 0.3319164015625 0.737890625 0.3373610484375 0.784765625 0.356417309375 0.8140625 0.3673066015625 0.8140625 0.38091821718749996 0.804296875
1 0.609375 1 0.720250859375 1 0.7509414703124999 0.975390625 0.7781646999999999 0.940234375 0.7645530859375 0.9265625 0.748219146875 0.92265625 0.7291628859375 0.908984375 0.7291628859375 0.873828125 0.8026656078125001 0.74296875 0.80538793125 0.737109375 0.7917763156250001 0.72734375 0.6556601640624999 0.66484375 0.6338815796875 0.65703125 0.6121029953125 0.6609375 0.609375 0.6633036609375 0.609375 1
1 1 0.686247453125 0.8897799453124999 0.7 0.862556715625 0.71171875 0.835333484375 0.715625 0.80538793125 0.741015625 0.7509414703124999 0.830859375 0.7291628859375 0.877734375 0.7291628859375 0.901171875 0.7645530859375 0.9265625 0.8516674234374999 0.9578125 0.9333371140625001 0.9734375 0.9496710531250001 0.98125 1 0.98125 1 0.686247453125
1 1 0.68828125 0.9714496374999999 0.68828125 0.8897799453124999 0.7 0.862556715625 0.71171875 0.835333484375 0.715625 0.7999432843750001 0.748828125 0.7291628859375 0.877734375 0.7291628859375 0.901171875 0.748219146875 0.91875 0.7754423781249999 0.93046875 0.8516674234374999 0.9578125 0.9170031765625 0.96953125 0.94422640625 0.98125 1 0.98125 1 0.68828125
1 1 0.8611279296875001 0.993228221875 0.86015625 0.9387817609375 0.86796875 0.9197254984375001 0.877734375 0.9142808531250001 0.885546875 0.9142808531250001 0.936328125 0.9333371140625001 0.9734375 0.9551156984375 0.98125 1 0.98125 1 0.8611279296875001
1 0.609375 0.4390625 0.609375 0.658086375 0.617547640625 0.653125 0.6338815796875 0.653125 0.6992173328125 0.68046875 0.7209959171875 0.68046875 0.7754423781249999 0.6609375 0.7917763156250001 0.6453125 0.7944986390625 0.631640625 0.783609346875 0.612109375 0.783609346875 0.580859375 0.7727200546875 0.557421875 0.7727200546875 0.537890625 0.73460753125 0.459765625 0.73460753125 0.448046875 0.7283461890625 0.4390625 0.609375 0.4390625
1 1 0.5461473031249999 0.85711206875 0.559375 0.835333484375 0.5671875 0.7944986390625 0.600390625 0.80538793125 0.666796875 0.835333484375 0.70390625 0.85711206875 0.7078125 0.906113884375 0.6921875 0.9714496374999999 0.684375 1 0.684375 1 0.5461473031249999
1 0.7307962796874999 0.4390625 0.7454968234375 0.463671875 0.7454968234375 0.475390625 0.7727200546875 0.522265625 0.7781646999999999 0.557421875 0.7972209625 0.57890625 0.8788906531249999 0.54765625 0.94422640625 0.5515625 1 0.544287109375 1 0.5169921875 0.9905058984374999 0.498828125 0.9632826671875 0.475390625 0.974171959375 0.463671875 0.974171959375 0.4390625 0.7307962796874999 0.4390625