1 0 0.38671875 0.009765625 0.3802083328125 0.033203125 0.3333333328125 0.03515625 0.24479166718749998 0.021484375 0.20052083281250002 0.005859375 0.1796875 0 0.17684659062500002 0 0.38671875
1 0.388671875 0.8828125 0.443359375 0.8567708328125001 0.46875 0.8307291671874999 0.478515625 0.8072916671874999 0.517578125 0.7708333328125 0.541015625 0.7317708328125 0.53515625 0.578125 0.525390625 0.5390625 0.494140625 0.5052083328125 0.451171875 0.4973958328125 0.404296875 0.5130208328125 0.369140625 0.5494791671875 0.3125 0.578125 0.326171875 0.6015625 0.3125 0.6666666671875 0.328125 0.7395833328125 0.326171875 0.859375 0.333984375 0.8697916671874999 0.388671875 0.8828125
1 0.430859375 1 0.41796875 0.984375 0.291015625 0.9739583328125001 0.254557290625 1 0.430859375 1
1 0.048278809374999995 1 0 0.97736378125 0 1 0.048278809374999995 1
1 0.923828125 0.5546875 0.8125 0.5130208328125 0.740234375 0.5416666671875 0.697265625 0.609375 0.677734375 0.6901041671875 0.72265625 0.7942708328125 0.775390625 0.7916666671875 0.826171875 0.765625 0.884765625 0.7135416671875 0.9140625 0.6640625 0.923828125 0.5546875
1 0.505859375 0.3307291671875 0.517578125 0.171875 0.50390625 0.1432291671875 0.470703125 0.1145833328125 0.392578125 0.07552083281250001 0.349609375 0.09895833281250001 0.318359375 0.1614583328125 0.3125 0.21354166718749998 0.3203125 0.2734375 0.349609375 0.3203125 0.384765625 0.3541666671875 0.439453125 0.3802083328125 0.490234375 0.3776041671875 0.505859375 0.3307291671875
1 0 0.5950520828125 0.005859375 0.5989583328125 0.123046875 0.5989583328125 0.181640625 0.578125 0.19921875 0.546875 0.19921875 0.5078125 0.177734375 0.4453125 0.09375 0.3515625 0.052734375 0.3385416671875 0 0.3764022453125 0 0.5950520828125
1 0.146484375 1 0.185546875 0.9479166671874999 0.189453125 0.8567708328125001 0.18359375 0.828125 0.16796875 0.8046875 0 0.795355903125 0 0.9826388875 0.0390625 1 0.146484375 1
1 0 0.77982954375 0.001953125 0.7838541671875 0.119140625 0.7942708328125 0.1484375 0.78125 0.15625 0.7265625 0.12109375 0.6041666671875 0.00390625 0.5989583328125 0 0.6041666671875 0 0.77982954375
1 0.674088540625 1 0.677734375 0.9947916671874999 0.720703125 0.8229166671874999 0.7109375 0.765625 0.673828125 0.6927083328125 0.650390625 0.671875 0.630859375 0.671875 0.5703125 0.7135416671875 0.498046875 0.8098958328125001 0.482421875 0.8489583328125001 0.490234375 0.9895833328125001 0.5090422453125 1 0.674088540625 1
1 0.49717882031249994 1 0.486328125 0.9973958328125001 0.482666015625 1 0.49717882031249994 1
1 0.654296875 0.20833333281250002 0.6484375 0.1822916671875 0.62109375 0.1614583328125 0.57421875 0.1536458328125 0.53125 0.171875 0.515625 0.20052083281250002 0.5 0.3671875 0.5078125 0.3984375 0.5234375 0.4114583328125 0.6171875 0.40625 0.6328125 0.3880208328125 0.650390625 0.3307291671875 0.654296875 0.20833333281250002
1 0.322265625 0.2578125 0.3203125 0.1979166671875 0.3515625 0.09895833281250001 0.3359375 0.08854166718749999 0.3125 0.0442708328125 0.2890625 0.0208333328125 0.1875 0 0.162109375 0.0234375 0.14453125 0.07552083281250001 0.123046875 0.2265625 0.126953125 0.24739583281250002 0.171875 0.2838541671875 0.201171875 0.2942708328125 0.2890625 0.2916666671875 0.306640625 0.28125 0.322265625 0.2578125