1 0 0 0 0.190087890625 0.0921875 0.19296875 0.1625 0.155859375 0.1677083328125 0.042578125 0.15768995 0 0 0
1 0.075337009375 0.4 0.1052083328125 0.374609375 0.1572916671875 0.284765625 0.1625 0.261328125 0.1520833328125 0.222265625 0.10260416718750001 0.19296875 0 0.2030061140625 0 0.39205729218749996 0.020217803125 0.4 0.075337009375 0.4
1 0.4062193625 0.4 0.41770833281249997 0.390234375 0.428125 0.374609375 0.42291666718750004 0.323828125 0.2796875 0.25546875 0.1911458328125 0.2515625 0.1677083328125 0.269140625 0.08931914375 0.4 0.4062193625 0.4
1 0.3682291671875 0.11875 0.24322916718749998 0.1578125 0.1755208328125 0.14609375 0.1390625 0.1890625 0.1416666671875 0.206640625 0.1755208328125 0.2515625 0.24322916718749998 0.24765625 0.3005208328125 0.259375 0.3786458328125 0.30234375 0.4359375 0.321875 0.48020833281249997 0.312109375 0.49583333281249997 0.288671875 0.5270833328125 0.269140625 0.5635416671875 0.214453125 0.5635416671875 0.194921875 0.5322916671875 0.179296875 0.5166666671875 0.155859375 0.50625 0.097265625 0.48802083281249997 0.0796875 0.47760416718750004 0.0796875 0.44635416718750004 0.1109375 0.3682291671875 0.11875
1 0.1594328703125 0 0.1598958328125 0.009375 0.1677083328125 0.097265625 0.1859375 0.1421875 0.2328125 0.1578125 0.3578125 0.11875 0.4515625 0.10703125 0.49583333281249997 0.054296875 0.5010416671875 0.026953125 0.49904513906250003 0 0.1594328703125 0
1 0.5553125 0.4 0.5583333328125 0.398046875 0.56875 0.366796875 0.5036458328125 0.31796875 0.44635416718750004 0.32578125 0.428125 0.339453125 0.428125 0.382421875 0.4125 0.4 0.5553125 0.4
1 0.6390625 0.2125 0.5765625 0.2125 0.5166666671875 0.284765625 0.5140625 0.31015625 0.56875 0.362890625 0.5765625 0.384375 0.6390625 0.384375 0.6390625 0.2125
1 0.6390625 0 0.5125912796875001 0 0.5140625 0.10703125 0.5166666671875 0.136328125 0.5375 0.171484375 0.6026041671875 0.20078125 0.6390625 0.20859375 0.6390625 0
1 0.6390625 0.4 1 0.4 1 0 0.6390625 0 0.6390625 0.4
1 0.8086049109375001 0 0.81171875 0.0374633796875 0.7746093765625 0.0609619140625 0.7511718765625 0.0951416015625 0.7238281234375 0.090869140625 0.6847656234375 0.15068359375 0.6457031234375 0.15068359375 0.6390625 0.1405151375 0.6390625 0.2991088859375 0.6671875 0.3237182609375 0.6671875 0.3835327140625 0.682243303125 0.4 0.9415718765625 0.4 0.9640625 0.3707153328125 0.98359375 0.2724487296875 0.9640625 0.2425415046875 0.96796875 0.2126342765625 0.9542968765625 0.159228515625 0.9347656234375 0.142138671875 0.8722656234375 0.1549560546875 0.8761718765625 0.1464111328125 0.8527343765625 0.1464111328125 0.83515625 0.1186401359375 0.8332031234375 0.1036865234375 0.86640625 0.09727783281249999 0.8546875 0.08873291093749999 0.85078125 0.0588256828125 0.8371093765625 0.0438720703125 0.8234375 0.0460083015625 0.8410156234375 0.022509765625 0.8527343765625 0.0310546875 0.86640625 0.0203735359375 0.8626808031250001 0 0.8086049109375001 0
1 0.9441240421874999 0.4 0.9796875 0.3408081046875 0.98359375 0.3194458015625 0.98359375 0.2639038078125 0.96796875 0.2339965828125 0.9640625 0.1827270515625 0.95234375 0.1570922859375 0.9308593765625 0.142138671875 0.8410156234375 0.1464111328125 0.81171875 0.1869995109375 0.8097656234375 0.2361328125 0.82734375 0.2895385734375 0.8234375 0.3279907234375 0.81171875 0.3408081046875 0.81171875 0.3707153328125 0.8234375 0.3920776359375 0.8355096734374999 0.4 0.9441240421874999 0.4
1 0 0.4 0 0.615625 0.146875 0.6671875 0.2010416671875 0.6671875 0.3635416671875 0.5546875 0.471875 0.4609375 0.484375 0.4140625 0.47322635156250004 0.4 0 0.4
1 0 0.4 0 0.615328125 0.159375 0.6703125 0.2010416671875 0.6734375 0.3177083328125 0.5890625 0.459375 0.4734375 0.48854166718750003 0.4234375 0.47668821875 0.4 0 0.4
1 0 0.4 0 0.6132962734375 0.171875 0.6703125 0.2052083328125 0.6703125 0.30520833281250004 0.5984375 0.45520833281249995 0.4796875 0.496875 0.4234375 0.48645833281249995 0.4 0 0.4
1 0 1 0.179340278125 1 0.271875 0.9359375 0.284375 0.9046875 0.2052083328125 0.7109375 0.1552083328125 0.6640625 0.0010416671875 0.6078125 0 0.60791015625 0 1
1 0.6390625 0.4 0.5952546296875 0.4 0.5927083328125 0.4171875 0.621875 0.4265625 0.496875 0.4359375 0.2260416671875 0.6515625 0.2260416671875 0.7609375 0.2427083328125 0.8109375 0.296875 0.9140625 0.321875 0.9296875 0.48854166718750003 0.9609375 0.571875 0.9921875 0.5927083328125 0.9921875 0.6385416671875 0.9546875 0.6390625 0.9540364593749999 0.6390625 0.4
1 1 0.571923828125 0.9546875 0.56484375 0.8401041671874999 0.5609375 0.7645833328125 0.605859375 0.7177083328125 0.711328125 0.7098958328125 0.79140625 0.7125 0.805078125 0.7802083328125 0.848046875 0.7854166671875 0.867578125 0.775 0.894921875 0.8348958328125 0.959375 0.8817708328125 0.9671875 0.9234375 0.96328125 0.9807291671874999 0.975 1 0.975 1 0.571923828125
1 1 0.4 0.842447915625 0.4 0.8375 0.422265625 0.8479166671874999 0.430078125 0.8479166671874999 0.453515625 0.8635416671874999 0.465234375 0.8635416671874999 0.519921875 0.8817708328125 0.5453125 1 0.5748697921875 1 0.4