1 0.56875 0.35 0.56875 0.1807291671875 0.544921875 0.1807291671875 0.478515625 0.21979166718749998 0.388671875 0.22239583281250003 0.3515625 0.2015625 0.318359375 0.1546875 0.294921875 0.1364583328125 0.16796875 0.1963541671875 0.162109375 0.21197916718749998 0.1640625 0.2875 0.1803668484375 0.35 0.56875 0.35
1 0 0.3395833328125 0.001953125 0.3395833328125 0.015625 0.3265625 0.02734375 0.3005208328125 0.02734375 0.22239583281250003 0.01953125 0.2015625 0.0234375 0.11822916718750001 0.00390625 0.0557291671875 0 0.050520834375000004 0 0.3395833328125
1 0.42728794687500005 0 0.419921875 0.00625 0.357421875 0.00625 0.30078125 0.0869791671875 0.3046875 0.1390625 0.3125 0.1546875 0.33203125 0.1755208328125 0.341796875 0.20416666718749998 0.380859375 0.23020833281250003 0.466796875 0.23541666718749998 0.521484375 0.1989583328125 0.5390625 0.1703125 0.5390625 0.0869791671875 0.470482771875 0 0.42728794687500005 0
1 0.1604929953125 0.35 0.095703125 0.2822916671875 0.0703125 0.2848958328125 0.052734375 0.2875 0.015625 0.3265625 0.00558035625 0.35 0.1604929953125 0.35
1 1 0 0.7265625 0 0.665625 0.1015625 0.640625 0.23072916718749997 0.640625 0.2932291671875 0.6690104171875 0.35 0.9650078125 0.35 0.98125 0.2515625 1 0.2 1 0
1 0.080859375 0.35 0.09140625 0.378125 0.171484375 0.49010416718750005 0.280859375 0.6098958328125 0.331640625 0.6255208328125 0.39609375 0.5604166671874999 0.49754464374999996 0.35 0.080859375 0.35
1 0 0.7773619187499999 0.163671875 0.8078125 0.187109375 0.8338541671874999 0.198828125 0.8286458328125 0.228125 0.7635416671875 0.308203125 0.6932291671874999 0.31796875 0.6645833328125 0.304296875 0.6307291671874999 0.222265625 0.5682291671874999 0.089453125 0.3859375 0.06796875 0.378125 0 0.5242943546875 0 0.7773619187499999
1 0.36990840468749997 1 0.39609375 0.83125 0.358984375 0.7609375 0.275 0.7427083328125 0.24765625 0.7583333328124999 0.2125 0.8416666671874999 0.1970108703125 1 0.36990840468749997 1
1 0 1 0.17092013749999999 1 0.18125 0.9927083328125 0.19296875 0.909375 0.159765625 0.8234375 0 0.786858165625 0 1
1 0 0.35 0 0.5083333328124999 0.0171875 0.45625 0.06015625 0.39375 0.053593749999999996 0.35 0 0.35
1 0.5124636625 0.35 0.4078125 0.55 0.3921875 0.6177083328125 0.4078125 0.7427083328125 0.433203125 0.7609375 0.4625 0.815625 0.46640625 0.8520833328125 0.45078125 0.9041666671874999 0.503515625 0.9796875 0.5644531234375 1 0.56875 1 0.56875 0.362946428125 0.5534022171874999 0.35 0.5124636625 0.35
1 0.452734375 0.9119791671874999 0.46640625 0.8625 0.45859375 0.8 0.441015625 0.7713541671875 0.41171875 0.7635416671875 0.39609375 0.7791666671875 0.39609375 0.815625 0.41953125 0.878125 0.452734375 0.9119791671874999
1 0.321875 0.6645833328125 0.358984375 0.7296875 0.405859375 0.7505208328124999 0.4 0.628125 0.384375 0.5916666671874999 0.327734375 0.6307291671874999 0.321875 0.6645833328125
1 0.39609375 0.846875 0.384375 0.9197916671874999 0.401953125 0.9328125 0.41953125 0.9145833328125 0.41953125 0.89375 0.39609375 0.846875
1 0.56875 0.672023809375 0.5703125 0.6770833328125001 0.5703125 0.74375 0.5859375 0.7854166671875 0.6484375 0.7895833328124999 0.6546875 0.7895833328124999 0.6859375 0.7770833328125 0.7140625 0.7354166671875 0.7390625 0.6479166671875 0.7078125 0.58125 0.7046875 0.54375 0.6703125 0.49375 0.6390625 0.4770833328125 0.5890625 0.48541666718750004 0.56875 0.5104166671875 0.56875 0.672023809375
1 1 0.35 0.870703125 0.35 0.8828125 0.4145833328125 0.9109375 0.4479166671875 0.9234375 0.4479166671875 0.9828125 0.44375 1 0.4254166671875 1 0.35
1 1 0.4454166671875 0.9015625 0.4604166671875 0.8734375 0.5020833328125 0.8421875 0.60625 0.8359375 0.6979166671874999 0.8484375 0.7479166671874999 0.8828125 0.78125 0.9453125 0.7979166671875 0.9671875 0.7979166671875 1 0.7389492750000001 1 0.4454166671875
1 0.9515625 0.8854166671874999 0.9546875 0.81875 0.8453125 0.7645833328125 0.8203125 0.7854166671875 0.8109375 0.8270833328125 0.8328125 0.91875 0.8546875 0.9395833328125001 0.8713541656249999 0.9395833328125001 0.9328125 0.9229166671875 0.9515625 0.8854166671874999
1 0.76640625 0.35 0.7640625 0.40625 0.7984375 0.4479166671875 0.8484375 0.4770833328125 0.8578125 0.4770833328125 0.8734375 0.46875 0.8859375 0.43125 0.860546875 0.35 0.76640625 0.35
1 0.8484375 0.5020833328125 0.7515625 0.40208333281249997 0.6828125 0.47291666718750003 0.7140625 0.5770833328125 0.7515625 0.6354166671874999 0.7453125 0.64375 0.7703125 0.64375 0.7984375 0.6145833328125001 0.8078125 0.6270833328125001 0.8234375 0.61875 0.8453125 0.5645833328125001 0.8328125 0.54375 0.8453125 0.5354166671875 0.8484375 0.5020833328125
1 0.7421875 0.6645833328125 0.7296875 0.7145833328125001 0.6890625 0.7854166671875 0.7171875 0.8020833328125001 0.7328125 0.8020833328125001 0.7890625 0.79375 0.8234375 0.75625 0.8234375 0.6354166671874999 0.7421875 0.6645833328125
1 0.8246874999999999 1 0.8328125 0.9729166671874999 0.8328125 0.9395833328125001 0.7890625 0.8270833328125 0.7671875 0.8104166671874999 0.7203125 0.8145833328125001 0.6390625 0.8604166671875 0.6546875 0.9020833328125001 0.6484375 0.94375 0.6921875 0.9895833328125001 0.693303571875 1 0.8246874999999999 1
1 0.6078125 0.35 0.6078125 0.40625 0.6484375 0.4604166671875 0.6703125 0.4604166671875 0.7265625 0.4145833328125 0.7459374999999999 0.35 0.6078125 0.35