1 0.9991385781250001 1 0.998046875 0 0 0.001300809375 0 1 0.9991385781250001 1
1 0.62109375 0.3984375 0.669921875 0.4427083328125 0.712890625 0.4635416671875 0.75 0.4661458328125 0.76953125 0.4453125 0.7890625 0.3828125 0.7890625 0.2942708328125 0.751953125 0.2604166671875 0.708984375 0.2604166671875 0.677734375 0.23958333281250002 0.658203125 0.23958333281250002 0.625 0.2786458328125 0.61328125 0.3255208328125 0.62109375 0.3984375
1 0.21484375 0.3984375 0.2734375 0.3359375 0.28125 0.2421875 0.259765625 0.22916666718749998 0.232421875 0.22916666718749998 0.181640625 0.1822916671875 0.146484375 0.20833333281250002 0.107421875 0.21875 0.09765625 0.3411458328125 0.150390625 0.390625 0.21484375 0.3984375
1 0 0.3681640625 0.013671875 0.375 0.05859375 0.3723958328125 0.08984375 0.3411458328125 0.10546875 0.2838541671875 0.09765625 0.20572916718749998 0.068359375 0.171875 0.037109375 0.15625 0 0.16449652812499999 0 0.3681640625
1 0.0234375 1 0.0234375 0.9817708328125001 0.0390625 0.9348958328125001 0.017578125 0.8958333328125001 0 0.8987630203125001 0 1 0.0234375 1
1 0 0.8973958328125 0.01171875 0.8880208328125001 0.01171875 0.8567708328125001 0 0.8526589921875001 0 0.8973958328125
1 0.126953125 0.7239583328125 0.083984375 0.703125 0.05078125 0.7369791671875 0.03515625 0.7786458328125 0.03515625 0.8203125 0.091796875 0.8958333328125001 0.1484375 0.8984375 0.16796875 0.7734375 0.126953125 0.7239583328125
1 0.078125 0.6484375 0.068359375 0.625 0.044921875 0.625 0.0234375 0.6536458328125 0.01953125 0.6744791671875 0.041015625 0.71875 0.0625 0.7213541671875 0.08203125 0.6953125 0.078125 0.6484375
1 0.078125 0.5494791671875 0.08984375 0.6015625 0.107421875 0.625 0.142578125 0.6458333328125 0.1796875 0.6432291671875 0.224609375 0.6302083328125 0.25 0.5963541671875 0.26171875 0.5598958328125 0.265625 0.4661458328125 0.232421875 0.421875 0.189453125 0.4010416671875 0.166015625 0.4010416671875 0.123046875 0.4791666671875 0.078125 0.5130208328125 0.078125 0.5494791671875
1 0.32421875 0.6171875 0.33203125 0.5546875 0.291015625 0.5 0.275390625 0.4947916671875 0.265625 0.5078125 0.26171875 0.5651041671875 0.2421875 0.6223958328125 0.251953125 0.6510416671875 0.296875 0.6640625 0.32421875 0.6171875
1 0.210693359375 1 0.2265625 0.9661458328125001 0.2265625 0.9505208328125001 0.208984375 0.9322916671874999 0.150390625 0.9322916671874999 0.125 0.9557291671874999 0.130859375 0.9895833328125001 0.1484375 1 0.210693359375 1
1 0.4296875 0.9140625 0.462890625 0.8958333328125001 0.49609375 0.8567708328125001 0.4921875 0.8411458328125001 0.447265625 0.7864583328125 0.400390625 0.796875 0.37109375 0.8203125 0.37109375 0.8567708328125001 0.390625 0.8932291671874999 0.408203125 0.9166666671874999 0.4296875 0.9140625
1 0.296875 0.4921875 0.30859375 0.5234375 0.337890625 0.5572916671875 0.3828125 0.5598958328125 0.408203125 0.5520833328125 0.4375 0.5130208328125 0.44140625 0.4921875 0.44140625 0.4401041671875 0.43359375 0.4192708328125 0.400390625 0.390625 0.361328125 0.4114583328125 0.322265625 0.4166666671875 0.3125 0.4296875 0.296875 0.4921875
1 0.44140625 0.1744791671875 0.421875 0.2786458328125 0.443359375 0.3177083328125 0.494140625 0.3697916671875 0.5234375 0.3723958328125 0.556640625 0.3541666671875 0.578125 0.3203125 0.59765625 0.23697916718749998 0.5703125 0.1796875 0.5703125 0.1328125 0.529296875 0.08854166718749999 0.494140625 0.07291666718749999 0.466796875 0.09375 0.4375 0.1432291671875 0.44140625 0.1744791671875
1 0.861328125 1 0.86328125 0.9661458328125001 0.841796875 0.9375 0.806640625 0.9166666671874999 0.751953125 0.9166666671874999 0.736328125 0.9322916671874999 0.703125 0.9817708328125001 0.6962890625 1 0.861328125 1
1 0.861490884375 1 0.86328125 0.9713541671874999 0.845703125 0.9427083328125001 0.806640625 0.9166666671874999 0.755859375 0.9166666671874999 0.736328125 0.9322916671874999 0.69921875 0.9921875 0.6962890625 1 0.861490884375 1
1 0.76953125 0.5390625 0.759765625 0.5416666671875 0.7578125 0.5598958328125 0.734375 0.5859375 0.73828125 0.6223958328125 0.748046875 0.640625 0.783203125 0.6614583328125 0.82421875 0.6640625 0.84765625 0.6484375 0.87890625 0.5546875 0.859375 0.5026041671875 0.845703125 0.4895833328125 0.802734375 0.4947916671875 0.783203125 0.5208333328125 0.779296875 0.5052083328125 0.767578125 0.5052083328125 0.76171875 0.5234375 0.76953125 0.5390625
1 0.458984375 0.7708333328125 0.453125 0.7786458328125 0.490234375 0.8333333328125001 0.51171875 0.8359375 0.560546875 0.8229166671874999 0.59375 0.7786458328125 0.587890625 0.75 0.552734375 0.7291666671875 0.517578125 0.6875 0.505859375 0.6875 0.4765625 0.7369791671875 0.47265625 0.7786458328125 0.462890625 0.78125 0.458984375 0.7708333328125
1 0.517578125 0.640625 0.5390625 0.6380208328125 0.572265625 0.6302083328125 0.5859375 0.6119791671875 0.58984375 0.5494791671875 0.57421875 0.5130208328125 0.556640625 0.4947916671875 0.525390625 0.5 0.5 0.5338541671875 0.4921875 0.5755208328125 0.49609375 0.6171875 0.517578125 0.640625
1 0.6929253484375 1 0.71875 0.9557291671874999 0.71875 0.9401041671874999 0.701171875 0.9166666671874999 0.654296875 0.8854166671874999 0.630859375 0.8854166671874999 0.599609375 0.9010416671874999 0.583984375 0.8958333328125001 0.552734375 0.859375 0.529296875 0.8645833328125001 0.5078125 0.8984375 0.5 0.9296875 0.5 0.9817708328125001 0.5049715921875 1 0.6929253484375 1
1 0.64453125 0.8151041671874999 0.638671875 0.8072916671874999 0.572265625 0.8125 0.55859375 0.8411458328125001 0.5625 0.8567708328125001 0.599609375 0.890625 0.6171875 0.8880208328125001 0.640625 0.8776041671874999 0.64453125 0.8151041671874999
1 0 0.8469854796874999 0.015625 0.8463541671874999 0.03515625 0.8307291671874999 0.03125 0.7786458328125 0.046875 0.7317708328125 0.013671875 0.6666666671875 0 0.663788378125 0 0.8469854796874999
1 0 0.6580825625 0.015625 0.6588541671875 0.04296875 0.6223958328125 0.04296875 0.5755208328125 0.03125 0.5286458328125 0 0.49678308906249996 0 0.6580825625
1 0 0.490211925 0.037109375 0.5260416671875 0.0703125 0.5234375 0.076171875 0.5104166671875 0.126953125 0.4739583328125 0.15625 0.4140625 0.146484375 0.390625 0.099609375 0.3489583328125 0.087890625 0.3489583328125 0.060546875 0.375 0.009765625 0.375 0 0.40711805468750006 0 0.490211925
1 0 0.3897569453125 0.00390625 0.3723958328125 0 0.3702512265625 0 0.3897569453125
1 0 0.1555989578125 0.013671875 0.1510416671875 0.052734375 0.15625 0.078125 0.09114583281250001 0.06640625 0.0546875 0.041015625 0.03125 0 0.0283717109375 0 0.1555989578125
1 0.09765625 0.20052083281250002 0.107421875 0.21354166718749998 0.125 0.2109375 0.154296875 0.1979166671875 0.18359375 0.1692708328125 0.1796875 0.1067708328125 0.146484375 0.046875 0.126953125 0.0416666671875 0.08984375 0.06510416718749999 0.0703125 0.1328125 0.078125 0.1692708328125 0.1015625 0.1796875 0.09765625 0.20052083281250002
1 0.30078125 0.1171875 0.271484375 0.05208333281250001 0.228515625 0.05208333281250001 0.1875 0.1171875 0.1875 0.1744791671875 0.236328125 0.22395833281250002 0.27734375 0.2265625 0.3046875 0.1640625 0.30078125 0.1171875
1 0.365234375 0.2864583328125 0.40234375 0.2942708328125 0.42578125 0.2421875 0.4375 0.1536458328125 0.423828125 0.1354166671875 0.404296875 0.140625 0.388671875 0.1197916671875 0.337890625 0.125 0.314453125 0.140625 0.2890625 0.22135416718749998 0.296875 0.2421875 0.365234375 0.2864583328125
1 0.318359375 0.4166666671875 0.3359375 0.4140625 0.384765625 0.4010416671875 0.40234375 0.3828125 0.40234375 0.3098958328125 0.396484375 0.296875 0.294921875 0.25 0.28125 0.2994791671875 0.28125 0.3411458328125 0.29296875 0.3515625 0.3046875 0.3984375 0.318359375 0.4166666671875
1 0.28125 0.4661458328125 0.298828125 0.4635416671875 0.3125 0.4348958328125 0.3125 0.4140625 0.287109375 0.3489583328125 0.259765625 0.359375 0.23046875 0.3984375 0.23046875 0.4192708328125 0.251953125 0.4375 0.267578125 0.46875 0.28125 0.4661458328125
1 0.291015625 0.734375 0.30078125 0.7057291671875 0.30078125 0.6901041671875 0.263671875 0.6510416671875 0.248046875 0.65625 0.2265625 0.7005208328125 0.19921875 0.7265625 0.208984375 0.75 0.2578125 0.7630208328125 0.291015625 0.734375
1 0.24609375 0.6484375 0.240234375 0.6197916671875 0.205078125 0.640625 0.16015625 0.6484375 0.1640625 0.7057291671875 0.185546875 0.7239583328125 0.203125 0.7213541671875 0.22265625 0.7057291671875 0.24609375 0.6484375
1 0.1953125 0.7473958328125 0.1953125 0.7265625 0.1640625 0.7057291671875 0.15625 0.6484375 0.087890625 0.6145833328125 0.078125 0.6276041671875 0.078125 0.6796875 0.154296875 0.7552083328125 0.1796875 0.7630208328125 0.1953125 0.7473958328125
1 0.224609375 0.921875 0.25390625 0.8776041671874999 0.25390625 0.7734375 0.244140625 0.7604166671875 0.201171875 0.75 0.16796875 0.7838541671875 0.15234375 0.8984375 0.166015625 0.9270833328125001 0.1953125 0.9348958328125001 0.224609375 0.921875
1 0.15212673593749998 1 0.146484375 0.9947916671874999 0.12109375 1 0.15212673593749998 1
1 0.103515625 1 0.12109375 0.9921875 0.1171875 0.9557291671874999 0.107421875 0.9427083328125001 0.072265625 0.9270833328125001 0.0390625 0.9348958328125001 0.0234375 0.9869791671874999 0.0234375 1 0.103515625 1
1 0.078125 0.8828125 0.052734375 0.8489583328125001 0.029296875 0.8385416671874999 0.015625 0.8567708328125001 0.015625 0.8932291671874999 0.037109375 0.921875 0.0546875 0.9244791671874999 0.07421875 0.9140625 0.078125 0.8828125
1 0.338671875 1 0.3359375 0.9817708328125001 0.302734375 0.9322916671874999 0.240234375 0.9375 0.2265625 0.9557291671874999 0.2265625 0.9765625 0.21484375 0.9973958328125001 0.21484375 1 0.338671875 1
1 0.3671875 0.7994791671875 0.333984375 0.7760416671875 0.310546875 0.8333333328125001 0.2734375 0.8515625 0.279296875 0.8697916671874999 0.310546875 0.890625 0.3203125 0.8880208328125001 0.3671875 0.8307291671874999 0.3671875 0.7994791671875
1 0.32421875 0.8098958328125001 0.32421875 0.7473958328125 0.314453125 0.7395833328125 0.291015625 0.734375 0.25390625 0.7734375 0.25390625 0.8463541671874999 0.28515625 0.8463541671874999 0.310546875 0.8333333328125001 0.32421875 0.8098958328125001
1 0.36328125 0.7057291671875 0.404296875 0.6875 0.41015625 0.6536458328125 0.4375 0.6067708328125 0.4375 0.5807291671875 0.419921875 0.5520833328125 0.341796875 0.5677083328125 0.32421875 0.6223958328125 0.30078125 0.6640625 0.318359375 0.703125 0.36328125 0.7057291671875
1 0.3984375 0.7994791671875 0.431640625 0.7916666671875 0.4453125 0.7786458328125 0.4453125 0.7265625 0.431640625 0.7083333328125 0.404296875 0.6979166671875 0.357421875 0.7083333328125 0.3359375 0.7473958328125 0.3359375 0.7682291671875 0.353515625 0.7916666671875 0.3984375 0.7994791671875
1 0.298828125 0 0.28125 0.0286458328125 0.28125 0.05989583281250001 0.318359375 0.125 0.34375 0.1223958328125 0.388671875 0.109375 0.431640625 0.07291666718749999 0.474609375 0.08854166718749999 0.48828125 0.0703125 0.4921875 0.013020832812499999 0.478515625 0 0.298828125 0
1 0.302734375 0 0.2890625 0.013020832812499999 0.28125 0.0286458328125 0.28125 0.05989583281250001 0.296875 0.09635416718749999 0.318359375 0.125 0.33203125 0.1276041671875 0.39453125 0.1015625 0.421875 0.0546875 0.421875 0.0078125 0.416015625 0 0.302734375 0
1 0.525390625 0 0.51171875 0.0390625 0.51953125 0.07552083281250001 0.564453125 0.1197916671875 0.578125 0.1223958328125 0.638671875 0.078125 0.6484375 0.05989583281250001 0.6484375 0.0390625 0.623046875 0 0.525390625 0
1 0.447265625 0.3229166671875 0.412109375 0.3229166671875 0.40625 0.3307291671875 0.40625 0.3932291671875 0.431640625 0.4114583328125 0.443359375 0.4427083328125 0.45703125 0.4401041671875 0.5 0.3828125 0.447265625 0.3229166671875
1 0.5234375 0.4765625 0.498046875 0.421875 0.474609375 0.421875 0.4453125 0.4505208328125 0.4375 0.5130208328125 0.443359375 0.5208333328125 0.49609375 0.5182291671875 0.51953125 0.4973958328125 0.5234375 0.4765625
1 0.548828125 0.3697916671875 0.521484375 0.375 0.51171875 0.3880208328125 0.50390625 0.4140625 0.51171875 0.4505208328125 0.537109375 0.484375 0.564453125 0.4947916671875 0.595703125 0.5520833328125 0.67578125 0.5494791671875 0.69921875 0.5286458328125 0.703125 0.4713541671875 0.697265625 0.4583333328125 0.654296875 0.4375 0.630859375 0.40625 0.61328125 0.3984375 0.61328125 0.3567708328125 0.603515625 0.3229166671875 0.583984375 0.3177083328125 0.548828125 0.3697916671875
1 0.7109375 0.7317708328125 0.70703125 0.6953125 0.689453125 0.65625 0.626953125 0.6822916671875 0.609375 0.7421875 0.642578125 0.7864583328125 0.671875 0.7838541671875 0.685546875 0.7760416671875 0.7109375 0.7317708328125
1 0.693359375 0.828125 0.75 0.8307291671874999 0.775390625 0.8229166671874999 0.79296875 0.7942708328125 0.80078125 0.7317708328125 0.787109375 0.7083333328125 0.740234375 0.7239583328125 0.716796875 0.71875 0.70703125 0.7473958328125 0.671875 0.7890625 0.671875 0.8046875 0.693359375 0.828125
1 0.75390625 0.8307291671874999 0.7890625 0.8098958328125001 0.80078125 0.7630208328125 0.80078125 0.7265625 0.783203125 0.703125 0.740234375 0.7239583328125 0.716796875 0.7239583328125 0.70703125 0.7526041671875 0.6640625 0.7942708328125 0.693359375 0.828125 0.75390625 0.8307291671874999
1 0.654296875 0.8125 0.64453125 0.8307291671874999 0.6484375 0.8776041671874999 0.689453125 0.90625 0.69921875 0.9036458328125001 0.70703125 0.8359375 0.673828125 0.8125 0.654296875 0.8125
1 0.5902099609375 1 0.59375 0.9244791671874999 0.6015625 0.9036458328125001 0.556640625 0.859375 0.529296875 0.8645833328125001 0.51171875 0.8880208328125001 0.5 0.9244791671874999 0.5 0.9869791671874999 0.5029296875 1 0.5902099609375 1
1 0.451171875 1 0.45703125 0.9921875 0.453125 0.9557291671874999 0.431640625 0.921875 0.412109375 0.9270833328125001 0.3828125 0.9817708328125001 0.3890269875 1 0.451171875 1
1 0.498948315625 1 0.49609375 0.9505208328125001 0.50390625 0.8984375 0.494140625 0.8802083328125001 0.482421875 0.8802083328125001 0.443359375 0.90625 0.4375 0.9244791671874999 0.44921875 0.9401041671874999 0.45703125 0.9973958328125001 0.46028645937499996 1 0.498948315625 1
1 0.36328125 0.9921875 0.376953125 0.984375 0.40625 0.9348958328125001 0.40625 0.9140625 0.365234375 0.8489583328125001 0.337890625 0.8645833328125001 0.30859375 0.9192708328125001 0.30859375 0.9401041671874999 0.33203125 0.9765625 0.345703125 0.9947916671874999 0.36328125 0.9921875
1 0.95361328125 1 0.9609375 0.9921875 0.953125 0.9609375 0.95703125 0.8932291671874999 0.927734375 0.8697916671874999 0.912109375 0.875 0.90234375 0.8932291671874999 0.88671875 0.9609375 0.86474609375 1 0.95361328125 1
1 1 0.8671875 0.986328125 0.8645833328125001 0.95703125 0.8984375 0.953125 0.9609375 0.968635109375 1 1 1 1 0.8671875
1 0.923828125 0.8697916671874999 0.943359375 0.8802083328125001 0.96484375 0.8776041671874999 1 0.8567708328125001 0.998046875 0.6770833328125 0.986328125 0.6770833328125 0.978515625 0.6979166671875 0.966796875 0.6927083328125 0.912109375 0.7395833328125 0.90234375 0.7682291671875 0.8984375 0.8151041671874999 0.90625 0.8463541671874999 0.923828125 0.8697916671874999
1 0.90625 0.8619791671874999 0.8984375 0.7734375 0.841796875 0.75 0.806640625 0.75 0.7890625 0.8098958328125001 0.82421875 0.8567708328125001 0.830078125 0.8802083328125001 0.849609375 0.890625 0.87890625 0.8880208328125001 0.90625 0.8619791671874999
1 0.74609375 0.9192708328125001 0.810546875 0.890625 0.82421875 0.8723958328125001 0.802734375 0.8229166671874999 0.783203125 0.8177083328125001 0.759765625 0.8333333328125001 0.712890625 0.8333333328125001 0.70703125 0.8411458328125001 0.69921875 0.8932291671874999 0.720703125 0.9166666671874999 0.74609375 0.9192708328125001
1 0.806640625 0.890625 0.78515625 0.9140625 0.830078125 0.9322916671874999 0.861328125 0.96875 0.8671875 0.9661458328125001 0.8671875 0.9296875 0.849609375 0.890625 0.806640625 0.890625
1 0.91796875 0.7213541671875 0.955078125 0.6927083328125 0.98828125 0.6380208328125 0.9921875 0.5859375 0.958984375 0.5364583328125 0.927734375 0.53125 0.880859375 0.5520833328125 0.85546875 0.6223958328125 0.859375 0.6692708328125 0.884765625 0.703125 0.91796875 0.7213541671875
1 0.869140625 0.765625 0.90234375 0.7630208328125 0.90625 0.7369791671875 0.892578125 0.7395833328125 0.875 0.7161458328125 0.875 0.6953125 0.853515625 0.6666666671875 0.837890625 0.6614583328125 0.80078125 0.6744791671875 0.79296875 0.7109375 0.810546875 0.7395833328125 0.869140625 0.765625
1 0.796875 0.6744791671875 0.744140625 0.6354166671875 0.728515625 0.6354166671875 0.705078125 0.6510416671875 0.69921875 0.6692708328125 0.724609375 0.7239583328125 0.7421875 0.7213541671875 0.779296875 0.7083333328125 0.796875 0.6744791671875
1 0.734375 0.5963541671875 0.712890625 0.5520833328125 0.693359375 0.546875 0.671875 0.5598958328125 0.671875 0.6171875 0.685546875 0.65625 0.703125 0.6536458328125 0.734375 0.6223958328125 0.734375 0.5963541671875
1 0.66796875 0.5651041671875 0.642578125 0.546875 0.603515625 0.5520833328125 0.58984375 0.5755208328125 0.58984375 0.6328125 0.615234375 0.671875 0.63671875 0.6744791671875 0.67578125 0.6484375 0.66796875 0.5651041671875
1 0.59765625 0.7473958328125 0.61328125 0.7317708328125 0.62109375 0.6901041671875 0.587890625 0.6354166671875 0.564453125 0.6302083328125 0.521484375 0.640625 0.51171875 0.6536458328125 0.51171875 0.6796875 0.552734375 0.7291666671875 0.583984375 0.75 0.59765625 0.7473958328125
1 0.61328125 0.7317708328125 0.62109375 0.7005208328125 0.62109375 0.6848958328125 0.607421875 0.6666666671875 0.572265625 0.6666666671875 0.5390625 0.6953125 0.548828125 0.7239583328125 0.583984375 0.75 0.59765625 0.7473958328125 0.61328125 0.7317708328125
1 0.5078125 0.6536458328125 0.474609375 0.6041666671875 0.443359375 0.5989583328125 0.41796875 0.6432291671875 0.40625 0.6901041671875 0.451171875 0.7291666671875 0.48046875 0.7317708328125 0.5078125 0.6796875 0.5078125 0.6536458328125
1 0.6484375 0.2421875 0.67578125 0.22135416718749998 0.6796875 0.1588541671875 0.666015625 0.078125 0.615234375 0.08854166718749999 0.580078125 0.1197916671875 0.5703125 0.1484375 0.57421875 0.1848958328125 0.587890625 0.21354166718749998 0.630859375 0.24479166718749998 0.6484375 0.2421875
1 0.841796875 0 0.8125 0.0234375 0.80078125 0.09114583281250001 0.845703125 0.1822916671875 0.890625 0.1848958328125 0.91015625 0.1640625 0.921875 0.1276041671875 0.9140625 0.013020832812499999 0.908203125 0 0.841796875 0
1 0.75 0.0703125 0.767578125 0.09375 0.796875 0.09114583281250001 0.80859375 0.0234375 0.783203125 0.0052083328125 0.763671875 0.010416667187500001 0.75 0.0703125
1 0.74609375 0.05989583281250001 0.759765625 0 0.62890625 0.0026041671875 0.63671875 0.0234375 0.673828125 0.0625 0.74609375 0.05989583281250001
1 0.693359375 0.25 0.748046875 0.2552083328125 0.775390625 0.2708333328125 0.794921875 0.3125 0.8203125 0.3098958328125 0.86328125 0.24739583281250002 0.87109375 0.2109375 0.828125 0.1640625 0.802734375 0.1041666671875 0.779296875 0.09375 0.759765625 0.09895833281250001 0.736328125 0.1510416671875 0.6875 0.1692708328125 0.67578125 0.21614583281250002 0.693359375 0.25
1 0.708984375 0.46875 0.69921875 0.5338541671875 0.71484375 0.5390625 0.736328125 0.5364583328125 0.76953125 0.4921875 0.744140625 0.46875 0.708984375 0.46875