1 0.46875 0.1561848953125 0.451171875 0.1473958328125 0.416015625 0.1057291671875 0.361328125 0.0640625 0.341796875 0.0640625 0.314453125 0.0432291671875 0.296875 0.0458333328125 0.248046875 0.0692708328125 0.23828125 0.0875 0.22265625 0.1552083328125 0.22265625 0.196875 0.2109375 0.228125 0.20703125 0.3479166671875 0.2421875 0.42083333281249996 0.275390625 0.4546875 0.306640625 0.46510416718750003 0.345703125 0.5015625 0.412109375 0.5171875 0.431640625 0.49635416718750003 0.46875 0.48151041718750004 0.46875 0.1561848953125
1 0 0 0 0.375260415625 0.009765625 0.3817708328125 0.0546875 0.3270833328125 0.0625 0.2958333328125 0.12109375 0.20729166718749997 0.125 0.0770833328125 0.11328125 0.025 0.09650493437499999 0 0 0
1 0.46875 0 0.37421875 0 0.375 0.0041666671875 0.35546875 0.009375 0.359375 0.0458333328125 0.373046875 0.0744791671875 0.416015625 0.1057291671875 0.447265625 0.1421875 0.46875 0.1529296875 0.46875 0
0 0.46875 0.5796875 1 0.5796875 1 0.1082752234375 0.46875 0.1112022203125 0.46875 0.5796875
0 0.859765625 0.3614583328125 0.879296875 0.371875 0.8890625 0.3536458328125 0.89296875 0.31197916718749996 0.883203125 0.28854166718749996 0.867578125 0.278125 0.85 0.28072916718749996 0.83828125 0.32760416718749996 0.859765625 0.3614583328125
0 0.79921875 0.41614583281249995 0.851953125 0.45520833281249995 0.891015625 0.4447916671875 0.88125 0.3796875 0.859765625 0.3614583328125 0.836328125 0.31979166718749996 0.82265625 0.3223958328125 0.80703125 0.3328125 0.79921875 0.41614583281249995
0 0.771875 0.3328125 0.754296875 0.340625 0.740625 0.37447916718749996 0.74453125 0.4213541671875 0.769921875 0.4447916671875 0.79921875 0.41614583281249995 0.80703125 0.3692708328125 0.80703125 0.34322916718749996 0.797265625 0.3302083328125 0.771875 0.3328125
0 0.82265625 0.4421875 0.803125 0.47864583281249995 0.80703125 0.4994791671875 0.855859375 0.54375 0.871484375 0.5385416671875001 0.90078125 0.4838541671875 0.90078125 0.46302083281249995 0.887109375 0.45 0.848046875 0.45520833281249995 0.82265625 0.4421875
0 0.76875 0.5796875 0.8109375 0.5151041671875001 0.803125 0.4890625 0.742578125 0.42395833281249995 0.67421875 0.4265625 0.6546875 0.44739583281249995 0.6546875 0.5046875 0.66640625 0.5567708328125 0.680078125 0.575 0.695703125 0.575 0.70203125 0.5796875 0.76875 0.5796875
0 0.9195312515625 0.5796875 0.941796875 0.5697916671875001 0.9203125 0.5151041671875001 0.9203125 0.49427083281249995 0.896875 0.49427083281249995 0.865625 0.5463541671875001 0.900625 0.5796875 0.9195312515625 0.5796875
0 0.8984375 0.5796875 0.891015625 0.5697916671875001 0.828515625 0.5229166671875001 0.803125 0.5255208328125 0.7692708328125001 0.5796875 0.8984375 0.5796875
0 0.5453125 0.3223958328125 0.562890625 0.3927083328125 0.594140625 0.40833333281249995 0.613671875 0.403125 0.68984375 0.3223958328125 0.70546875 0.28072916718749996 0.709375 0.1921875 0.691796875 0.14791666718750002 0.6703125 0.1453125 0.621484375 0.1895833328125 0.578515625 0.19479166718750002 0.55703125 0.2130208328125 0.54921875 0.2390625 0.5453125 0.3223958328125
0 0.70546875 0.2859375 0.69375 0.3171875 0.6234375 0.40052083281249995 0.641015625 0.4291666671875 0.719140625 0.42395833281249995 0.73671875 0.4109375 0.74453125 0.34322916718749996 0.72109375 0.3067708328125 0.7171875 0.2859375 0.70546875 0.2859375
0 1 0.3401041671875 0.996484375 0.33541666718749996 0.9125 0.3015625 0.896875 0.3223958328125 0.88125 0.3796875 0.89296875 0.4369791671875 0.910546875 0.465625 0.926171875 0.47083333281249995 0.937890625 0.45 0.957421875 0.4447916671875 1 0.4447916671875 1 0.3401041671875
0 0.93203125 0.1088541671875 0.922265625 0.1010416671875 0.76796875 0.10364583281249999 0.76015625 0.1088541671875 0.76796875 0.15572916718750002 0.820703125 0.1895833328125 0.844140625 0.184375 0.871484375 0.1583333328125 0.918359375 0.14791666718750002 0.93203125 0.1244791671875 0.93203125 0.1088541671875
0 0.7640625 0.1296875 0.750390625 0.10625 0.70546875 0.1088541671875 0.6859375 0.1244791671875 0.6859375 0.14010416718750002 0.709375 0.18697916718750002 0.70546875 0.2703125 0.726953125 0.278125 0.7484375 0.2546875 0.7640625 0.2182291671875 0.7640625 0.1296875
0 0.805078125 0.3302083328125 0.832421875 0.3145833328125 0.84609375 0.2755208328125 0.834375 0.2442708328125 0.834375 0.2078125 0.805078125 0.184375 0.7796875 0.18697916718750002 0.7640625 0.2026041671875 0.75234375 0.2494791671875 0.72890625 0.28072916718749996 0.72890625 0.31197916718749996 0.750390625 0.340625 0.805078125 0.3302083328125
0 0.89296875 0.15572916718750002 0.867578125 0.16354166718750002 0.8421875 0.1921875 0.83828125 0.2494791671875 0.848046875 0.2677083328125 0.902734375 0.2989583328125 0.9125 0.2911458328125 0.90859375 0.2442708328125 0.93203125 0.15572916718750002 0.89296875 0.15572916718750002
0 1 0.14322916562500002 0.9671875 0.1453125 0.949609375 0.14791666718750002 0.9203125 0.18697916718750002 0.90859375 0.2755208328125 0.922265625 0.30416666718749996 0.980859375 0.325 1 0.3420138890625 1 0.14322916562500002
0 1 0.10105745 0.9359375 0.10364583281249999 0.93203125 0.11927083281249999 0.949609375 0.14791666718750002 0.992578125 0.1427083328125 1 0.1350115734375 1 0.10105745
0 0.6474724265624999 0.5796875 0.65859375 0.5567708328125 0.6546875 0.44739583281249995 0.617578125 0.403125 0.6078125 0.4057291671875 0.551171875 0.4135416671875 0.508203125 0.4447916671875 0.47890625 0.4994791671875 0.4828125 0.5567708328125 0.5370192312500001 0.5796875 0.6474724265624999 0.5796875
0 0.46875 0.46639093125000003 0.476953125 0.4760416671875 0.551171875 0.4135416671875 0.55703125 0.39010416718749996 0.543359375 0.325 0.48671875 0.3223958328125 0.46875 0.3383680546875 0.46875 0.46639093125000003
0 0.46875 0.33080929531250003 0.475 0.32760416718749996 0.490625 0.2546875 0.476953125 0.2260416671875 0.46875 0.22482638906250002 0.46875 0.33080929531250003
0 0.47109375 0.2182291671875 0.492578125 0.2416666671875 0.543359375 0.2416666671875 0.55703125 0.2078125 0.521875 0.1661458328125 0.51796875 0.14010416718750002 0.50625 0.1348958328125 0.47890625 0.1609375 0.47109375 0.2182291671875
0 0.535546875 0.325 0.5453125 0.31197916718749996 0.5453125 0.2442708328125 0.50625 0.2390625 0.490625 0.2494791671875 0.4828125 0.29635416718749996 0.512109375 0.325 0.535546875 0.325
0 0.672265625 0.1427083328125 0.6859375 0.1140625 0.680078125 0.1010416671875 0.5140625 0.10364583281249999 0.52578125 0.17135416718750002 0.551171875 0.19479166718750002 0.613671875 0.1895833328125 0.672265625 0.1427083328125
0 0.46875 1 0.46875 0.646921278125 0.4271218078125 0.6755880390625 0.36271633593749997 1 0.46875 1
0 0 0.5796875 0 1 0.3533709015625 1 0.41565562500000003 0.6857872078125 0.34538130625 0.5796875 0 0.5796875
0 0.554296875 0.5796875 0.506640625 0.6369791671875 0.46875 0.6713333328125 0.46875 0.71558641875 0.510546875 0.7671875 0.553515625 0.7776041671875 0.576953125 0.7463541671875 0.643359375 0.7515625 0.658984375 0.7411458328125 0.709765625 0.7411458328125 0.746875 0.7229166671875 0.74296875 0.6447916671875 0.7609580593749999 0.5796875 0.554296875 0.5796875
0 0.772265625 0.5796875 0.7625 0.5927083328125 0.7625 0.6239583328125 0.75078125 0.65 0.7625 0.7385416671875 0.807421875 0.7880208328125 0.854296875 0.7828125 0.89921875 0.7177083328125 0.912158203125 0.5796875 0.772265625 0.5796875
0 1 0.5796875 0.917734375 0.5796875 0.9109375 0.6552083328125 0.89921875 0.7020833328125 0.903125 0.7229166671875 1 0.8130896218749999 1 0.5796875
0 0.9166796875 1 0.9265625 0.9885416671874999 0.9265625 0.9677083328125 0.90703125 0.915625 0.885546875 0.8973958328125 0.826953125 0.8140625 0.768359375 0.7567708328125 0.733203125 0.7463541671875 0.6609375 0.7489583328125 0.619921875 0.7619791671875 0.576953125 0.7567708328125 0.54375 0.8010416671874999 0.53984375 0.9520833328125 0.548828125 1 0.9166796875 1
0 0.842578125 0.7880208328125 0.83671875 0.80625 0.869921875 0.8453125 0.912890625 0.8765625 0.95390625 0.7802083328125 0.905078125 0.7307291671875 0.8953125 0.7333333328125 0.866015625 0.7723958328125 0.842578125 0.7880208328125
0 1 1 1 0.8158405171875 0.9578125 0.790625 0.92265625 0.853125 0.9109375 0.8947916671874999 0.91875 0.9208333328125 0.9742943546875 1 1 1