1 0.65 0 0.478125 0 0.46171875 0.009375 0.46171875 0.1760416671875 0.43046875 0.2958333328125 0.465625 0.36875 0.50859375 0.41041666718750003 0.573046875 0.5328125 0.65 0.5607954546875 0.65 0
1 0.3957157265625 0 0.280078125 0.0692708328125 0.2625 0.0927083328125 0.26640625 0.18125 0.334765625 0.3244791671875 0.385546875 0.3296875 0.401171875 0.3192708328125 0.434375 0.2802083328125 0.45390625 0.20729166718749997 0.4578125 0.0770833328125 0.434375 0.009375 0.4255859375 0 0.3957157265625 0
1 0.217578125 0.0432291671875 0.2 0.040625 0.15703125 0.0770833328125 0.16875 0.1447916671875 0.1296875 0.2697916671875 0.121875 0.3479166671875 0.090625 0.3791666671875 0.090625 0.3895833328125 0.108203125 0.4078125 0.166796875 0.41822916718750003 0.190234375 0.43385416718750003 0.205859375 0.46510416718750003 0.225390625 0.46510416718750003 0.280078125 0.42864583281249996 0.299609375 0.3973958328125 0.323046875 0.3817708328125 0.3328125 0.3375 0.31328125 0.2802083328125 0.2703125 0.20208333281250002 0.25859375 0.1447916671875 0.2625 0.0770833328125 0.217578125 0.0432291671875
1 0 0.3997974546875 0.037890625 0.40260416718750003 0.065234375 0.3973958328125 0.11796875 0.353125 0.1296875 0.259375 0.16875 0.134375 0.153125 0.0875 0.108203125 0.0692708328125 0.0203125 0.0614583328125 0 0.060455246875 0 0.3997974546875
1 0.6296875 0.65 0.6296875 0.61875 0.64921875 0.5666666671875 0.565234375 0.5380208328125 0.48125 0.4 0.463671875 0.3973958328125 0.432421875 0.43385416718750003 0.40703125 0.46770833281249996 0.3953125 0.5041666671875 0.3953125 0.5666666671875 0.4220982140625 0.65 0.6296875 0.65
1 0.44609375 0.3427083328125 0.4265625 0.3114583328125 0.416796875 0.3088541671875 0.393359375 0.3296875 0.350390625 0.3296875 0.33671875 0.3479166671875 0.32890625 0.40520833281249996 0.377734375 0.4703125 0.408984375 0.45989583281249996 0.4578125 0.384375 0.44609375 0.3427083328125
1 0.4171875 0.65 0.3953125 0.5770833328125 0.3953125 0.478125 0.373828125 0.4703125 0.32109375 0.415625 0.295703125 0.41822916718750003 0.2234375 0.478125 0.2234375 0.5770833328125 0.20390625 0.6395833328125 0.1973958328125 0.65 0.4171875 0.65
1 0 0.65 0.1943576390625 0.65 0.21171875 0.6083333328125 0.21953125 0.540625 0.21171875 0.5041666671875 0.182421875 0.4390625 0.147265625 0.41822916718750003 0.11796875 0.415625 0 0.4140034359375 0 0.65
0 0.65 0.65 1 0.65 1 0 0.65 0 0.65 0.65
0 1 0 0.9583705359374999 0 0.97109375 0.0197916671875 0.98671875 0.0875 1 0.100148809375 1 0
0 0.762109375 0.2932291671875 0.7484375 0.290625 0.726953125 0.2880208328125 0.7171875 0.3010416671875 0.69765625 0.3739583328125 0.754296875 0.4390625 0.79140625 0.415625 0.79140625 0.3583333328125 0.77578125 0.3114583328125 0.762109375 0.2932291671875
0 1 0.1989583328125 0.996484375 0.1942708328125 0.957421875 0.1838541671875 0.9125 0.15 0.875390625 0.1473958328125 0.844140625 0.1630208328125 0.834375 0.18125 0.834375 0.23333333281250002 0.85390625 0.2802083328125 0.898828125 0.3401041671875 0.941796875 0.3921875 0.961328125 0.3973958328125 0.988671875 0.3348958328125 1 0.32825000000000004 1 0.1989583328125
0 0.90859375 0.353125 0.8890625 0.3322916671875 0.8734375 0.3427083328125 0.86953125 0.36875 0.891015625 0.40260416718750003 0.902734375 0.40260416718750003 0.90859375 0.353125
0 1 0.1077083328125 0.992578125 0.1057291671875 0.961328125 0.1265625 0.94375 0.15 0.94375 0.165625 0.969140625 0.1838541671875 0.996484375 0.1890625 1 0.1927083328125 1 0.1077083328125
0 0.65 0 0.65 0.079938271875 0.656640625 0.0901041671875 0.691796875 0.0848958328125 0.726953125 0.058854167187499994 0.76196120625 0 0.65 0
0 0.65 0.5356570515625 0.660546875 0.5432291671875 0.668359375 0.5432291671875 0.74453125 0.446875 0.740625 0.42604166718750003 0.69765625 0.3791666671875 0.676171875 0.3765625 0.656640625 0.3869791671875 0.65 0.395833334375 0.65 0.5356570515625
0 0.65 0.65 0.677392578125 0.65 0.66640625 0.571875 0.65 0.553125 0.65 0.65
0 0.7604456015625 0.65 0.7875 0.5927083328125 0.789453125 0.5692708328125 0.836328125 0.5848958328125 0.86171875 0.571875 0.8734375 0.540625 0.8734375 0.49895833281249996 0.844140625 0.4546875 0.81484375 0.43125 0.781640625 0.42864583281249996 0.742578125 0.44947916718750003 0.66640625 0.5510416671875 0.6703125 0.61875 0.6827205890625 0.65 0.7604456015625 0.65
0 0.8734375 0.321875 0.83828125 0.2541666671875 0.805078125 0.2515625 0.76796875 0.2958333328125 0.7875 0.3375 0.79140625 0.3895833328125 0.801171875 0.41302083281249996 0.832421875 0.3817708328125 0.863671875 0.3713541671875 0.8734375 0.3583333328125 0.8734375 0.321875
0 0.65 0.2134583328125 0.680078125 0.2567708328125 0.703515625 0.2619791671875 0.72890625 0.22291666718749997 0.72890625 0.1864583328125 0.6703125 0.1291666671875 0.65 0.134583334375 0.65 0.2134583328125
0 0.834375 0.1708333328125 0.8265625 0.1604166671875 0.754296875 0.1630208328125 0.7328125 0.1864583328125 0.72890625 0.228125 0.709375 0.2697916671875 0.723046875 0.2828125 0.766015625 0.2880208328125 0.812890625 0.24114583281250002 0.828515625 0.2359375 0.834375 0.1708333328125
0 0.75234375 0.0875 0.73671875 0.0614583328125 0.715234375 0.0640625 0.65859375 0.103125 0.664453125 0.1265625 0.726953125 0.1838541671875 0.76796875 0.1447916671875 0.75234375 0.0875
0 0.8494419640625 0.65 0.867578125 0.6369791671875 0.88515625 0.6083333328125 0.88515625 0.5614583328125 0.871484375 0.5588541671875 0.848046875 0.5848958328125 0.793359375 0.5796875 0.7634290546875 0.65 0.8494419640625 0.65
0 1 0.5069444437499999 0.9671875 0.47291666718750003 0.959375 0.43125 0.928125 0.40520833281249996 0.891015625 0.41302083281249996 0.865625 0.478125 0.88125 0.5354166671875 0.898828125 0.5640625 0.933984375 0.5640625 0.945703125 0.5848958328125 0.965234375 0.5901041671875 0.9984375 0.5458333328125 1 0.53125 1 0.5069444437499999
0 0.964397321875 0.65 0.95546875 0.6291666671875 0.959375 0.603125 0.93203125 0.571875 0.898828125 0.5744791671875 0.88515625 0.603125 0.88515625 0.6291666671875 0.9062160328125 0.65 0.964397321875 0.65
0 0.8890625 0.4 0.8734375 0.3739583328125 0.848046875 0.3713541671875 0.832421875 0.3817708328125 0.8109375 0.42083333281249996 0.855859375 0.46510416718750003 0.867578125 0.46510416718750003 0.8890625 0.415625 0.8890625 0.4
0 1 0.331617646875 0.97890625 0.353125 0.959375 0.415625 0.9671875 0.4625 0.988671875 0.49114583281249996 1 0.49265625 1 0.331617646875
0 0.76875 0 0.76796875 0.0041666671875 0.74453125 0.040625 0.75234375 0.0458333328125 0.7484375 0.071875 0.75625 0.10833333281249999 0.76796875 0.1395833328125 0.785546875 0.1578125 0.820703125 0.1578125 0.84609375 0.1291666671875 0.8578125 0.040625 0.842578125 0 0.76875 0
0 0.8838778406250001 0 0.86171875 0.025 0.84609375 0.1291666671875 0.851953125 0.1526041671875 0.941796875 0.1473958328125 0.990625 0.0979166671875 0.975 0.05625 0.97109375 0.0197916671875 0.9583705359374999 0 0.8838778406250001 0
0 0.13965624999999998 1 0.1984375 0.79375 0.1984375 0.76875 0.1359375 0.7354166671875 0.1171875 0.70625 0.0453125 0.76875 0 0.8452777781249999 0 0.88125 0.0015625 0.9145833328125 0.0416015625 1 0.13965624999999998 1
0 0.12421875 0.65 0.1171875 0.68125 0.1265625 0.7104166671875001 0.1828125 0.7520833328125 0.2078125 0.7520833328125 0.2390625 0.71875 0.2546875 0.6645833328124999 0.17994791875 0.65 0.12421875 0.65
0 0.1984375 0.8395833328125001 0.2984375 0.9270833328125001 0.3109375 0.9270833328125001 0.3734375 0.8854166671874999 0.3546875 0.7854166671875 0.3015625 0.73125 0.2515625 0.7229166671875 0.2296875 0.7354166671875 0.2140625 0.76875 0.1984375 0.8395833328125001
0 0.2822916671875 1 0.2953125 0.9270833328125001 0.2390625 0.8729166671874999 0.2015625 0.8604166671875 0.1640625 0.91875 0.14744318125 1 0.2822916671875 1
0 0.4530330875 1 0.4640625 0.96875 0.4484375 0.89375 0.3953125 0.89375 0.3203125 0.9395833328125001 0.2921875 0.9770833328125 0.296484375 1 0.4530330875 1
0 0.38009375 0.65 0.3640625 0.76875 0.3828125 0.8479166671874999 0.4078125 0.8770833328125001 0.4109375 0.8770833328125001 0.4171875 0.85625 0.4703125 0.8520833328125 0.5640625 0.74375 0.5796875 0.69375 0.57763671875 0.65 0.38009375 0.65
0 0.3031994046875 0.65 0.3015625 0.6520833328125 0.2734375 0.6645833328124999 0.2734375 0.70625 0.3390625 0.7479166671875 0.3421875 0.7479166671875 0.3609375 0.71875 0.373828125 0.65 0.3031994046875 0.65
0 0.65 0.786284721875 0.6203125 0.7895833328124999 0.5796875 0.83125 0.5796875 0.8604166671875 0.5421875 0.84375 0.5484375 0.86875 0.5328125 0.88125 0.5140625 0.8604166671875 0.5046875 0.9395833328125001 0.5171875 0.9479166671874999 0.5234375 0.9479166671874999 0.5828125 0.9395833328125001 0.6109375 0.91875 0.6421875 0.9354166671874999 0.65 0.9341145843750001 0.65 0.786284721875
1 1 1 1 0.8604166671875 0.99140625 0.8375 0.99140625 0.7958333328125 0.97578125 0.728125 0.966015625 0.7098958328125 0.9171875 0.6864583328125 0.899609375 0.6838541671875 0.872265625 0.7046875 0.852734375 0.7046875 0.798046875 0.7463541671875 0.762890625 0.7880208328125 0.731640625 0.8036458328125 0.68671875 0.8583333328125 0.6828125 0.9364583328125 0.7011418265625 1 1 1
1 0.65 0.65 0.65 0.8091517859374999 0.676953125 0.8296875 0.704296875 0.8296875 0.735546875 0.7984375 0.766796875 0.7828125 0.798046875 0.7463541671875 0.841015625 0.7151041671875 0.8546875 0.6864583328125 0.85859375 0.65 0.65 0.65