1 0.396484375 0.3296875 0.400390625 0.3005208328125 0.392578125 0.2510416671875 0.375 0.23020833281250003 0.318359375 0.1963541671875 0.27734375 0.1911458328125 0.236328125 0.19375 0.20703125 0.21197916718749998 0.154296875 0.2953125 0.146484375 0.3213541671875 0.14562653125 0.3296875 0.396484375 0.3296875
1 0.5 0 0.300390625 0 0.28515625 0.0609375 0.275390625 0.1807291671875 0.365234375 0.225 0.40625 0.2770833328125 0.435546875 0.2979166671875 0.462890625 0.3005208328125 0.48046875 0.2875 0.5 0.24684959375 0.5 0
1 0.128515625 0 0.126953125 0.0010416671875 0.111328125 0.0348958328125 0.095703125 0.0947916671875 0.09765625 0.1416666671875 0.130859375 0.209375 0.19140625 0.21458333281250003 0.298828125 0.1729166671875 0.31640625 0.1078125 0.32 0 0.128515625 0
1 0 0.3296875 0.036709479687500005 0.3296875 0.064167365625 0.3089092703125 0.111736215625 0.251950721875 0.12881213125 0.188482596875 0.10197846875000001 0.12175971562500001 0.0239167796875 0.0924668234375 0 0.08182991875 0 0.3296875
1 1 0 0.7311001109374999 0 0.938888215625 0.313717128125 1 0.32230012812500003 1 0
1 0.5966171828125 0 0.5827355640625 0.0972374375 0.502690021875 0.21711465312499997 0.5 0.216516465625 0.5 0.3296875 0.9309446203124999 0.3296875 0.9339556999999999 0.32173492187499997 0.731018084375 0 0.5966171828125 0
0 0.2 0.39010416718749996 0.1625 0.3692708328125 0.1421875 0.3692708328125 0.109375 0.3776041671875 0.0625 0.47760416718750004 0.059375 0.5442708328125001 0.10625 0.6234375 0.178125 0.6859375 0.196875 0.6567708328125 0.259375 0.6234375 0.259375 0.5984375 0.2 0.39010416718749996
0 0.26875 0.6401041671875 0.24375 0.6401041671875 0.1875 0.6817708328125001 0.178125 0.7109375 0.1875 0.7526041671875 0.315625 0.7276041671875 0.3 0.6734375 0.26875 0.6401041671875
0 0.275 0.6234375 0.290625 0.6567708328125 0.3125 0.6692708328125001 0.3625 0.6609375 0.415625 0.6067708328125001 0.434375 0.5067708328125 0.371875 0.46510416718750003 0.359375 0.46510416718750003 0.259375 0.5526041671874999 0.275 0.6234375
0 0.23229166562499998 0.3296875 0.20625 0.3817708328125 0.225 0.4734375 0.2625 0.5317708328125 0.3 0.5192708328125 0.35625 0.46510416718750003 0.340625 0.3776041671875 0.300459559375 0.3296875 0.23229166562499998 0.3296875
0 0.5 0.3526041671875 0.4875 0.3526041671875 0.415625 0.3859375 0.359375 0.3817708328125 0.353125 0.41510416718750004 0.38125 0.4526041671875 0.45625 0.4984375 0.5 0.4984375 0.5 0.3526041671875
0 0.3748046859375 1 0.390625 0.9984375 0.40625 0.9442708328125 0.409375 0.8151041671874999 0.38125 0.7692708328125 0.33125 0.7359375 0.315625 0.7359375 0.178125 0.7609375 0.1375 0.8317708328125001 0.125 0.9317708328125001 0.165625 0.9942708328125001 0.17230902812499999 1 0.3748046859375 1
0 0.393982515625 1 0.409375 0.8276041671875 0.371875 0.7651041671875001 0.334375 0.7401041671875 0.3125 0.7401041671875 0.2875 0.7484375 0.296875 0.7901041671875 0.284375 0.8026041671874999 0.284375 0.8484375 0.25 0.8942708328125001 0.234375 0.9692708328125 0.21875 0.9776041671875 0.21875 0.9942708328125001 0.225 0.9776041671875 0.240625 0.9984375 0.2365234375 1 0.393982515625 1
0 0.5 0.5376531859375 0.478125 0.5359375 0.471875 0.5151041671875001 0.46875 0.5151041671875001 0.44375 0.5442708328125001 0.425 0.6234375 0.453125 0.8317708328125001 0.5 0.83670504375 0.5 0.5376531859375
0 0.43125 0.8276041671875 0.440625 0.7734375 0.421875 0.6734375 0.403125 0.6442708328125001 0.4 0.6442708328125001 0.334375 0.6859375 0.334375 0.7276041671875 0.3625 0.7401041671875 0.43125 0.8276041671875
0 0.5 1 0.5 0.8484375 0.43125 0.8692708328125001 0.418000421875 1 0.5 1
0 0 0.9576766296875 0.025 0.9692708328125 0.053125 0.9401041671874999 0.1125 0.9151041671875 0.1375 0.8067708328125001 0.165625 0.7567708328125 0.1625 0.6942708328125 0.08125 0.6192708328125001 0.046875 0.5526041671874999 0 0.5359375 0 0.9576766296875
0 0 0.6984375 0.015625 0.7109375 0.00625 0.7192708328125 0.028125 0.7026041671875 0.028125 0.6567708328125 0.003125 0.6484375 0 0.6484375 0 0.6984375
0 0.9376200359375 1 0.9359375 0.9906193281250001 0.9359375 0.9525068062500001 0.949609375 0.9334505437499999 0.980859375 0.9280058984374999 0.98671875 0.9198389296875 0.975 0.8163906531249999 0.959375 0.772833484375 0.930078125 0.7374432843750001 0.871484375 0.7047754078125 0.8734375 0.69116379375 0.867578125 0.6829968234375 0.840234375 0.67210753125 0.769921875 0.693886115625 0.746484375 0.693886115625 0.695703125 0.7156646999999999 0.6859375 0.7292763156250001 0.6859375 0.7401656078125 0.65078125 0.8327245921875001 0.65078125 0.8599478218750001 0.65859375 0.8762817609375 0.6703125 0.974285390625 0.678125 0.996063975 0.680606603125 1 0.9376200359375 1
0 1 0.44397685937500003 0.992578125 0.45432168749999996 0.990625 0.44615471875 0.9984375 0.440710071875 0.992578125 0.432543103125 0.980859375 0.4216538109375 0.969140625 0.4216538109375 0.949609375 0.39987522656249996 0.914453125 0.388985934375 0.848046875 0.35087341250000004 0.832421875 0.35087341250000004 0.805078125 0.39443058125 0.78359375 0.40804219531249997 0.7796875 0.4189314875 0.7796875 0.4788225953125 0.785546875 0.4869895640625 0.820703125 0.48154491875000005 0.85390625 0.5006011796875 0.85390625 0.5223797640625 0.83828125 0.582270871875 0.8578125 0.6149387484375 0.86171875 0.642161978125 0.84609375 0.6639405625 0.851953125 0.67210753125 0.875390625 0.67210753125 0.894921875 0.6448843015625 0.918359375 0.6394396546875 0.9515625 0.6802745015625 0.96328125 0.7129423781249999 0.96328125 0.7292763156250001 0.992578125 0.7701111609375 1 0.76961855 1 0.44397685937500003
0 0.9515625 0.7510549 0.96328125 0.7129423781249999 0.9515625 0.685719146875 0.922265625 0.6448843015625 0.902734375 0.6394396546875 0.86953125 0.685719146875 0.86953125 0.7074977312499999 0.875390625 0.7156646999999999 0.926171875 0.7374432843750001 0.941796875 0.7537772234375 0.9515625 0.7510549
0 1 1 1 0.930728221875 0.996484375 0.9280058984374999 0.953515625 0.9334505437499999 0.93984375 0.9525068062500001 0.9359375 0.974285390625 0.9401304312499998 1 1 1
0 0.579045065625 0.3296875 0.58828125 0.35359573437499997 0.58828125 0.4134868421875 0.5921875 0.424376134375 0.61953125 0.424376134375 0.652734375 0.41620916562500004 0.707421875 0.36720735 0.7328125 0.33181715 0.73368559375 0.3296875 0.579045065625 0.3296875
0 0.5 0.3296875 0.5 0.44288793125000003 0.516015625 0.4652109796875 0.521875 0.46248865625 0.551171875 0.432543103125 0.578515625 0.41620916562500004 0.58828125 0.397152903125 0.58828125 0.3699296734375 0.584375 0.3427064421875 0.5783312031250001 0.3296875 0.5 0.3296875
0 0.69765625 0.40804219531249997 0.69765625 0.4570440109375 0.70546875 0.511490471875 0.7171875 0.5496029953124999 0.725 0.555047640625 0.754296875 0.5359913796875 0.771875 0.506045825 0.771875 0.46248865625 0.75234375 0.4189314875 0.7484375 0.397152903125 0.734765625 0.3780966421875 0.711328125 0.3835412890625 0.69765625 0.40804219531249997
0 0.7337583515625 0.3296875 0.7328125 0.33181715 0.7328125 0.3427064421875 0.769921875 0.39443058125 0.7875 0.3917082578125 0.797265625 0.388985934375 0.8265625 0.3427064421875 0.8273408671875 0.3296875 0.7337583515625 0.3296875
0 0.5 0.9394396546875001 0.553125 0.86539246875 0.5765625 0.8218353 0.58828125 0.7837227765625 0.58828125 0.7238316703125001 0.543359375 0.6666628859375 0.5 0.62714731875 0.5 0.9394396546875001
0 0.51015625 0.930728221875 0.543359375 0.9552291281249999 0.56875 0.9579514515625001 0.586328125 0.938895190625 0.594140625 0.938895190625 0.615625 0.9089496374999999 0.6234375 0.88172640625 0.6390625 0.8599478218750001 0.68984375 0.7183870234375 0.6859375 0.6966084390624999 0.668359375 0.67210753125 0.605859375 0.6067717781249999 0.594140625 0.6067717781249999 0.578515625 0.633995009375 0.547265625 0.6176610703125001 0.527734375 0.6176610703125001 0.51796875 0.6367173328125 0.523828125 0.650328946875 0.578515625 0.7047754078125 0.5921875 0.7347209625 0.5921875 0.7673888390625 0.5765625 0.8272799453124999 0.51015625 0.930728221875
0 0.5 1 0.54912458125 1 0.55703125 0.974285390625 0.555078125 0.9606737750000001 0.519921875 0.938895190625 0.504296875 0.938895190625 0.5 0.9431731265625001 0.5 1
0 0.771875 0.511490471875 0.76015625 0.538713703125 0.75625 0.582270871875 0.773828125 0.5958824859374999 0.81484375 0.6094941015625001 0.828515625 0.6013271328125 0.83828125 0.582270871875 0.85390625 0.5278244109375001 0.85390625 0.5006011796875 0.836328125 0.4869895640625 0.801171875 0.48154491875000005 0.789453125 0.4869895640625 0.771875 0.511490471875
0 0.7171875 0.5604922875 0.7015625 0.48971188750000005 0.69765625 0.4189314875 0.683984375 0.39443058125 0.644921875 0.4216538109375 0.598046875 0.432543103125 0.55703125 0.48426724062500004 0.5609375 0.5223797640625 0.584375 0.5441583484375 0.6 0.5931601640624999 0.648828125 0.650328946875 0.664453125 0.6612182390625 0.6703125 0.6584959171875 0.69765625 0.6476066250000001 0.68203125 0.6094941015625001 0.68203125 0.5931601640624999 0.7171875 0.5604922875
0 0.828133646875 0.3296875 0.83046875 0.3427064421875 0.90859375 0.37537431875 0.9203125 0.36448502656250004 0.928125 0.3427064421875 0.928125 0.3296875 0.828133646875 0.3296875