1 0.5296875 0 0 0 0 0.36487388125 0.5296875 0.3619554921875 0.5296875 0
1 0.371484375 0.11041666718750001 0.351953125 0.1 0.3421875 0.11822916718750001 0.33828125 0.1598958328125 0.348046875 0.1833333328125 0.363671875 0.19375 0.38125 0.1911458328125 0.39296875 0.1442708328125 0.371484375 0.11041666718750001
1 0.43203125 0.0557291671875 0.379296875 0.0166666671875 0.340234375 0.0270833328125 0.35 0.0921875 0.371484375 0.11041666718750001 0.394921875 0.1520833328125 0.40859375 0.1494791671875 0.42421875 0.1390625 0.43203125 0.0557291671875
1 0.459375 0.1390625 0.476953125 0.13125 0.490625 0.0973958328125 0.48671875 0.050520832812500006 0.461328125 0.0270833328125 0.43203125 0.0557291671875 0.42421875 0.10260416718750001 0.42421875 0.1286458328125 0.433984375 0.1416666671875 0.459375 0.1390625
1 0.33046875 0 0.33046875 0.008854167187500001 0.344140625 0.021875 0.383203125 0.0166666671875 0.40859375 0.0296875 0.42449776874999995 0 0.33046875 0
1 0.5296875 0.0467447921875 0.512109375 0.0479166671875 0.49453125 0.0609375 0.48671875 0.1286458328125 0.51015625 0.1651041671875 0.5140625 0.1859375 0.52578125 0.1859375 0.5296875 0.1755208328125 0.5296875 0.0467447921875
1 0.305078125 0.0010416671875 0.293359375 0.021875 0.273828125 0.0270833328125 0.215234375 0.0270833328125 0.19765625 0.050520832812500006 0.19375 0.0713541671875 0.2015625 0.0921875 0.234765625 0.1364583328125 0.31875 0.1703125 0.334375 0.1494791671875 0.35 0.0921875 0.33828125 0.0348958328125 0.320703125 0.00625 0.305078125 0.0010416671875
1 0 0.3536458328125 0.008203125 0.365625 0.0921875 0.3630208328125 0.1078125 0.2692708328125 0.084375 0.1911458328125 0.055078125 0.1520833328125 0.035546875 0.1416666671875 0 0.1564778640625 0 0.3536458328125
1 0.09609375 0.3317708328125 0.101953125 0.3708333328125 0.178125 0.3682291671875 0.21328125 0.3630208328125 0.19375 0.3473958328125 0.19765625 0.3265625 0.180078125 0.303125 0.137109375 0.2770833328125 0.121484375 0.2770833328125 0.1078125 0.2901041671875 0.09609375 0.3317708328125
1 0.29921875 0.3630208328125 0.308984375 0.3708333328125 0.46328125 0.3682291671875 0.47109375 0.3630208328125 0.46328125 0.3161458328125 0.410546875 0.2822916671875 0.387109375 0.2875 0.359765625 0.3135416671875 0.312890625 0.3239583328125 0.29921875 0.3473958328125 0.29921875 0.3630208328125
1 0.5296875 0.3005208328125 0.521875 0.2848958328125 0.52578125 0.2015625 0.504296875 0.19375 0.4828125 0.2171875 0.4671875 0.2536458328125 0.4671875 0.3421875 0.480859375 0.365625 0.52578125 0.3630208328125 0.5296875 0.35989583281250004 0.5296875 0.3005208328125
1 0.426171875 0.1416666671875 0.398828125 0.1572916671875 0.38515625 0.1963541671875 0.396875 0.22760416718749998 0.396875 0.2640625 0.426171875 0.2875 0.4515625 0.2848958328125 0.4671875 0.2692708328125 0.47890625 0.22239583281250003 0.50234375 0.1911458328125 0.50234375 0.1598958328125 0.480859375 0.13125 0.426171875 0.1416666671875
1 0.33828125 0.3161458328125 0.363671875 0.3083333328125 0.3890625 0.2796875 0.39296875 0.22239583281250003 0.383203125 0.20416666718749998 0.328515625 0.1729166671875 0.31875 0.1807291671875 0.32265625 0.22760416718749998 0.29921875 0.3161458328125 0.33828125 0.3161458328125
1 0.250390625 0.146875 0.191796875 0.0947916671875 0.137109375 0.1729166671875 0.1 0.1911458328125 0.09609375 0.2328125 0.109765625 0.271875 0.152734375 0.2822916671875 0.223046875 0.3291666671875 0.2640625 0.3265625 0.281640625 0.3239583328125 0.3109375 0.2848958328125 0.32265625 0.1963541671875 0.308984375 0.1677083328125 0.250390625 0.146875
1 0.22109375 0.3473958328125 0.22109375 0.3630208328125 0.230859375 0.3708333328125 0.2953125 0.3682291671875 0.29921875 0.3526041671875 0.281640625 0.3239583328125 0.238671875 0.3291666671875 0.22109375 0.3473958328125
1 0.0865234375 0 0.062890625 0.0114583328125 0.05703125 0.0244791671875 0.0609375 0.1546875 0.086328125 0.178125 0.1234375 0.1755208328125 0.148828125 0.1572916671875 0.178125 0.1130208328125 0.1859375 0.0921875 0.1859375 0.0401041671875 0.152734375 0.00625 0.133984375 0 0.0865234375 0
1 0 0.055381943749999996 0.021875 0.1234375 0.0375 0.1286458328125 0.05703125 0.0921875 0.05703125 0.0244791671875 0.043359375 0.00625 0.019921875 0.00625 0 0.0279829546875 0 0.055381943749999996
1 0.5429321296875 0 0.5296875 0.012109375 0.5296875 0.51875 1 0.51875 1 0.003350496875 0.9929894499999999 0 0.5429321296875 0
1 0.54545063125 0 0.5296875 0.024893464062500002 0.5296875 0.51875 1 0.51875 1 0.0034149296874999998 0.992692234375 0 0.54545063125 0
1 0.547204590625 0 0.5339599609375 0.0121093765625 0.5296875 0.031640625 0.5296875 0.51875 1 0.51875 1 0.003417553125 0.9926798515625 0 0.547204590625 0
1 0.6353393484375001 0.51875 0.6984497078125 0.51015625 0.78603515625 0.3988281234375 0.7732177734375 0.2816406234375 0.82021484375 0.2386718765625 0.8244873046875 0.21132812343750002 0.777490234375 0.1136718765625 0.7411743171875 0.08828125 0.7069946296875 0.08828125 0.6706787109375 0.1097656234375 0.674951171875 0.1683593765625 0.6599975578125 0.2171875 0.5617309578125 0.2328125 0.5296875 0.250390625 0.5296875 0.49334032031249997 0.5446411140625 0.50234375 0.550622559375 0.51875 0.6353393484375001 0.51875
1 1 0.51875 1 0.44279575937500004 0.9547973640624999 0.43984375 0.9612060546875 0.4339843765625 0.9206176765624999 0.3890625 0.8778930671874999 0.3890625 0.8437133796874999 0.4125 0.7967163078125 0.40078125 0.75185546875 0.4417968765625 0.71767578125 0.4964843765625 0.7753540046875 0.51796875 0.8095336921874999 0.4984375 0.8063598625000001 0.51875 0.8203979499999999 0.51875 0.8223510734375001 0.50625 0.8437133796874999 0.50234375 0.85439453125 0.5121093765625 0.85439453125 0.51875 1 0.51875
1 0.5296875 1 0.5296875 0.6940064749999999 0.368359375 0.642771665625 0.3625 0.650938634375 0.3546875 0.7979440796875 0.40546875 0.9503941703125001 0.42890625 0.999395984375 0.42901458750000004 1 0.5296875 1
1 0.5296875 0.51875 0.398744709375 0.51875 0.3546875 0.580158234375 0.3546875 0.6128261109375 0.368359375 0.642771665625 0.387890625 0.642771665625 0.446484375 0.6699948953125 0.5296875 0.6893233890625 0.5296875 0.51875
1 0.128125 0.7979440796875 0.12421875 0.8741691250000001 0.1359375 0.8905030625 0.13203125 0.9013923546875 0.1359375 0.9122816468749999 0.196484375 0.9258932625 0.221875 0.9231709390624999 0.2375 0.8850584171874999 0.2375 0.8578351859375001 0.200390625 0.8115556937499999 0.118359375 0.729886003125 0.11640625 0.7434976171875001 0.128125 0.7979440796875
1 0.208203125 0.5447680359375 0.188671875 0.5447680359375 0.157421875 0.5611019734375 0.106640625 0.6101037890625001 0.09296875 0.62916005 0.096875 0.6563832796875 0.118359375 0.729886003125 0.219921875 0.8333342781249999 0.24140625 0.8360566015625001 0.26484375 0.808833371875 0.26875 0.7924994328125 0.26484375 0.7543869109375001 0.2140625 0.5529350046875 0.208203125 0.5447680359375
1 0.08602368906249999 0.51875 0.0890625 0.5420457125 0.118359375 0.5883252046875 0.128125 0.58560288125 0.161328125 0.555657328125 0.21015625 0.536601065625 0.21122351718750002 0.51875 0.08602368906249999 0.51875
1 0 0.9322308296875 0.044140625 0.9150039703124999 0.067578125 0.89867003125 0.079296875 0.89867003125 0.106640625 0.88233609375 0.12421875 0.8578351859375001 0.12421875 0.7870547875 0.1203125 0.781610140625 0.12421875 0.7761654953124999 0.11640625 0.7271636796875001 0.10859375 0.710829740625 0.10078125 0.6618279265625 0.09296875 0.650938634375 0.08515625 0.6019368187499999 0.07734375 0.5910475265625 0.06953125 0.55837965 0.055859375 0.5393233890625 0.028515625 0.5393233890625 0 0.55522175625 0 0.9322308296875
1 1 0.51875 0.7811129 0.51875 0.8276041671875 0.559746484375 0.85234375 0.6069334171875 0.8731770828125001 0.66863940625 0.8966145828125001 0.6849733437500001 0.9330729171875 0.6849733437500001 1 0.6415007515625 1 0.51875
1 1 1 1 0.8040487093750001 0.9799479171875 0.7466793328125 0.94609375 0.6958626359375 0.9200520828125001 0.6886031078125 0.8783854171875 0.706751928125 0.8263020828125001 0.7521239796875 0.7755208328125001 0.8392383171875 0.7651041671875 0.873721075 0.8276041671875 0.893684778125 0.8848958328125001 0.9408717109375001 0.9096354171875 0.9953181718749999 0.910876775 1 1 1
1 0.593179940625 0.51875 0.5645833328125 0.5778953046875 0.5296875 0.609054559375 0.5296875 0.9045740703125 0.55546875 0.9045740703125 0.71953125 0.8882401312500001 0.7533854171875 0.864646665625 0.8015625 0.7974960296875 0.8197916671875 0.7466793328125 0.8276041671875 0.6958626359375 0.8263020828125001 0.63960129375 0.8106770828125001 0.58152506875 0.7911458328125001 0.532523253125 0.781264240625 0.51875 0.593179940625 0.51875