1 0 0.4796875 0.5390625 0.4796875 0.5390625 0 0 0 0 0.4796875
1 0.5390625 0.004971590624999999 0.532421875 0.0041666671875 0.505078125 0.0197916671875 0.47578125 0.058854167187499994 0.4875 0.11614583281249999 0.48359375 0.2046875 0.503125 0.2515625 0.532421875 0.275 0.5390625 0.2727864578125 0.5390625 0.004971590624999999
1 0.5390625 0.2735026046875 0.516796875 0.2697916671875 0.4953125 0.23072916718749997 0.462109375 0.23333333281250002 0.440625 0.2567708328125 0.42109375 0.3192708328125 0.42109375 0.3453125 0.450390625 0.415625 0.477734375 0.43645833281249996 0.524609375 0.44166666718750003 0.5390625 0.41022478125 0.5390625 0.2735026046875
1 0.516608796875 0.4796875 0.52265625 0.45989583281249996 0.516796875 0.44166666718750003 0.489453125 0.44166666718750003 0.45234375 0.41822916718750003 0.43671875 0.4234375 0.42195312500000004 0.4796875 0.516608796875 0.4796875
1 0.383984375 0.12395833281249999 0.3625 0.1213541671875 0.313671875 0.1291666671875 0.284375 0.1578125 0.27265625 0.2046875 0.27265625 0.2515625 0.298046875 0.3166666671875 0.333203125 0.3427083328125 0.376171875 0.353125 0.42109375 0.3244791671875 0.44453125 0.2359375 0.42890625 0.1526041671875 0.383984375 0.12395833281249999
1 0.2765625 0.2567708328125 0.22578125 0.21510416718749997 0.212109375 0.21770833281250002 0.1984375 0.2359375 0.21015625 0.3348958328125 0.251171875 0.3739583328125 0.278515625 0.3791666671875 0.30390625 0.3401041671875 0.30390625 0.3244791671875 0.28828125 0.3036458328125 0.2765625 0.2567708328125
1 0 0 0 0.1620265140625 0.016796875 0.1864583328125 0.063671875 0.1291666671875 0.083203125 0.1291666671875 0.102734375 0.1135416671875 0.11640625 0.0848958328125 0.10078125 0.0432291671875 0.0656575515625 0 0 0
1 0.0890625 0.1421875 0.08125 0.1369791671875 0.063671875 0.1395833328125 0.0265625 0.1838541671875 0.02265625 0.2619791671875 0.059765625 0.2802083328125 0.08125 0.3088541671875 0.094921875 0.353125 0.118359375 0.3583333328125 0.13984375 0.3401041671875 0.1515625 0.2567708328125 0.11640625 0.22552083281250002 0.0890625 0.1421875
1 0.19453125 0.1838541671875 0.13203125 0.0953125 0.114453125 0.103125 0.0890625 0.1473958328125 0.11640625 0.22552083281250002 0.126171875 0.23854166718749997 0.153515625 0.24375 0.19453125 0.2046875 0.19453125 0.1838541671875
1 0.06746651875000001 0 0.0890625 0.0223958328125 0.122265625 0.0770833328125 0.130078125 0.0770833328125 0.1671875 0.0432291671875 0.17890625 0.0015625 0.1784375 0 0.06746651875000001 0
1 0.223828125 0.071875 0.18671875 0.0484375 0.141796875 0.0666666671875 0.128125 0.0953125 0.190625 0.1734375 0.196484375 0.1916666671875 0.22578125 0.1630208328125 0.2453125 0.1265625 0.2453125 0.1109375 0.223828125 0.071875
1 0.175 0 0.175 0.0380208328125 0.239453125 0.0822916671875 0.251171875 0.0770833328125 0.2765625 0.0536458328125 0.28828125 0.0171875 0.28828125 0 0.175 0
1 0.315625 0.0640625 0.28828125 0.0536458328125 0.24140625 0.0901041671875 0.251171875 0.12395833281249999 0.298046875 0.12395833281249999 0.30390625 0.11614583281249999 0.315625 0.0640625
1 0.30390625 0.1369791671875 0.3 0.1265625 0.255078125 0.12395833281249999 0.23359375 0.1421875 0.221875 0.1890625 0.22578125 0.20989583281250002 0.243359375 0.23333333281250002 0.27265625 0.24114583281250002 0.2765625 0.1890625 0.28828125 0.1526041671875 0.30390625 0.1369791671875
1 0.1984375 0.24635416718749997 0.18671875 0.2359375 0.176953125 0.23333333281250002 0.1515625 0.2515625 0.14375 0.3401041671875 0.157421875 0.3583333328125 0.176953125 0.3583333328125 0.200390625 0.3427083328125 0.21015625 0.3192708328125 0.1984375 0.24635416718749997
1 0.19044471093749998 0.4796875 0.1984375 0.45989583281249996 0.17890625 0.3869791671875 0.15546875 0.3557291671875 0.137890625 0.353125 0.114453125 0.3739583328125 0.1046875 0.3869791671875 0.1046875 0.41302083281249996 0.1359375 0.4546875 0.1421875 0.4796875 0.19044471093749998 0.4796875
1 0.285523896875 0.4796875 0.28828125 0.47552083281249996 0.284375 0.3921875 0.278515625 0.3791666671875 0.251171875 0.3739583328125 0.2140625 0.3453125 0.200390625 0.3427083328125 0.17109375 0.3661458328125 0.1984375 0.4546875 0.1984375 0.47552083281249996 0.20099431874999998 0.4796875 0.285523896875 0.4796875
1 0.355133928125 0.4796875 0.35078125 0.4390625 0.344921875 0.42083333281249996 0.32734375 0.41302083281249996 0.317578125 0.41041666718750003 0.2921875 0.44427083281249996 0.28977272656249997 0.4796875 0.355133928125 0.4796875
1 0.387890625 0.353125 0.33125 0.3401041671875 0.301953125 0.3427083328125 0.28828125 0.3765625 0.337109375 0.42083333281249996 0.352734375 0.42083333281249996 0.39375 0.3661458328125 0.387890625 0.353125
1 0.4232077203125 0.4796875 0.43671875 0.42864583281249996 0.423046875 0.40520833281249996 0.39765625 0.3869791671875 0.380078125 0.3895833328125 0.35078125 0.43385416718750003 0.3560697109375 0.4796875 0.4232077203125 0.4796875
1 0.3798177078125 0 0.36640625 0.0536458328125 0.391796875 0.0927083328125 0.430859375 0.1291666671875 0.454296875 0.0875 0.471875 0.0796875 0.47578125 0.058854167187499994 0.450390625 0.0458333328125 0.42151562499999995 0 0.3798177078125 0
1 0.378046875 0 0.3703125 0.0171875 0.36640625 0.0536458328125 0.391796875 0.0927083328125 0.430859375 0.1291666671875 0.4439542484375 0.125275715625 0.45667479999999994 0.1129462265625 0.454296875 0.0875 0.47578125 0.0744791671875 0.47578125 0.058854167187499994 0.450390625 0.0458333328125 0.42151562499999995 0 0.378046875 0
1 0.4416590078125 0 0.458203125 0.025 0.469921875 0.025 0.473828125 0.040625 0.481640625 0.040625 0.53876953125 0 0.4416590078125 0
1 0.28828125 0 0.28828125 0.0536458328125 0.294140625 0.0614583328125 0.317578125 0.0614583328125 0.3390625 0.0276041671875 0.3275607640625 0 0.28828125 0
1 0.35078125 0.1213541671875 0.33125 0.058854167187499994 0.325390625 0.05625 0.3078125 0.0848958328125 0.305859375 0.1291666671875 0.35078125 0.1213541671875
1 0.3859375 0.0953125 0.346875 0.0276041671875 0.33125 0.0380208328125 0.33515625 0.0744791671875 0.356640625 0.11875 0.380078125 0.12395833281249999 0.3859375 0.0953125
1 0.328671875 0 0.344921875 0.025 0.368359375 0.025 0.3782858453125 0 0.328671875 0
1 1 0.4796875 1 0.4790919921875 0.983984375 0.4567689421875 0.956640625 0.43499035781249995 0.9078125 0.41593409687499994 0.894140625 0.4132117734375 0.862890625 0.42954571250000007 0.8382767531249999 0.4796875 1 0.4796875
1 0.5390625 0.19892605937500002 0.542578125 0.1954259296875 0.624609375 0.189981284375 0.628515625 0.1954259296875 0.679296875 0.2008705765625 0.706640625 0.2226491609375 0.718359375 0.2226491609375 0.737890625 0.2389830984375 0.74375 0.2362607765625 0.73203125 0.17636966874999999 0.7359375 0.1709250234375 0.733984375 0.15186876093749999 0.706640625 0.146424115625 0.683203125 0.15186876093749999 0.65390625 0.1164785609375 0.640234375 0.11920088437500001 0.608984375 0.16820269999999998 0.581640625 0.16820269999999998 0.558203125 0.15186876093749999 0.5390625 0.15914478906250001 0.5390625 0.19892605937500002
1 0.5390625 0.32156023125 0.550390625 0.3478760203125 0.569921875 0.364209959375 0.585546875 0.364209959375 0.605078125 0.3478760203125 0.616796875 0.3478760203125 0.640234375 0.364209959375 0.66171875 0.38871086718750003 0.66171875 0.41593409687499994 0.679296875 0.44587965 0.68515625 0.43771268125 0.67734375 0.42137874374999995 0.68515625 0.41593409687499994 0.68515625 0.39415551249999997 0.6734375 0.3669322828125 0.665625 0.32337511406249997 0.665625 0.2798179453125 0.691015625 0.2389830984375 0.7046875 0.23081612968749998 0.7046875 0.2199268375 0.66171875 0.198148253125 0.542578125 0.1954259296875 0.5390625 0.1983660390625 0.5390625 0.32156023125
1 0.6234463156250001 0 0.6265625 0.0130302859375 0.663671875 0.0701990703125 0.679296875 0.08653300781249999 0.694921875 0.0919776546875 0.741796875 0.08653300781249999 0.761328125 0.0810883625 0.7671875 0.0729213921875 0.75546875 0.0130302859375 0.7573384609375 0 0.6234463156250001 0
1 0.63828125 0.056587454687500004 0.6109375 0.0130302859375 0.601171875 0.0103079625 0.581640625 0.026641901562499997 0.5640625 0.0511428078125 0.56015625 0.06747674687500001 0.5640625 0.0729213921875 0.5640625 0.10558926875 0.55625 0.1437017921875 0.589453125 0.16820269999999998 0.608984375 0.16820269999999998 0.64609375 0.10558926875 0.63828125 0.056587454687500004
1 0.73984375 0.2580393609375 0.7125 0.23081612968749998 0.706640625 0.22809380625000003 0.694921875 0.2389830984375 0.66953125 0.2798179453125 0.691015625 0.3097634984375 0.706640625 0.32065279062499996 0.726171875 0.3097634984375 0.74375 0.28526259062500003 0.73984375 0.2580393609375
1 1 0.1953170375 0.99765625 0.1927036078125 0.98984375 0.1491464390625 0.851171875 0.146424115625 0.84140625 0.154591084375 0.8375 0.1654803765625 0.8375 0.312485821875 0.84140625 0.3397090515625 0.855078125 0.364209959375 0.878515625 0.3587653125 0.890234375 0.3478760203125 0.909765625 0.3478760203125 0.952734375 0.3696546046875 1 0.3696546046875 1 0.1953170375
1 0.8371948249999999 0.4796875 0.853125 0.44860197343749997 0.84921875 0.3832662203125 0.85703125 0.372376928125 0.8453125 0.356042990625 0.8375 0.32337511406249997 0.804296875 0.3260974359375 0.790625 0.3397090515625 0.77890625 0.3669322828125 0.775 0.459491265625 0.77890625 0.4649359125 0.77890625 0.4796875 0.8371948249999999 0.4796875
1 0.5390625 0.4796875 0.664144896875 0.4796875 0.6734375 0.44860197343749997 0.6578125 0.41593409687499994 0.65390625 0.3832662203125 0.624609375 0.3533206671875 0.61484375 0.35059834375 0.605078125 0.3478760203125 0.589453125 0.364209959375 0.550390625 0.3696546046875 0.5390625 0.38544407812500003 0.5390625 0.4796875
1 0.759375 0 0.759375 0.034808870312500004 0.77109375 0.083810684375 0.7828125 0.1164785609375 0.812109375 0.15186876093749999 0.858984375 0.14097946875 0.890234375 0.11920088437500001 0.9 0.1001446234375 0.89609375 0.0620321 0.88046875 0.007585639062500001 0.8756311484375001 0 0.759375 0
1 0 1 0.5390625 1 0.5390625 0.4796875 0 0.4796875 0 1
1 0.221875 0.6984375 0.16328125 0.6359375 0.098828125 0.64375 0.04609375 0.6932291671874999 0.055859375 0.815625 0.094921875 0.8260416671874999 0.130078125 0.8520833328125 0.180859375 0.8052083328125 0.208203125 0.8052083328125 0.2296875 0.7921875 0.221875 0.6984375
1 0 0.8708984375 0.016796875 0.8625 0.04609375 0.8286458328125 0.05390625 0.7505208328125 0.03828125 0.6932291671874999 0.00703125 0.6619791671875 0 0.6615715578125 0 0.8708984375
1 0.027734375 0.4796875 0.0265625 0.4848958328125 0.0265625 0.5213541671875 0.071484375 0.5552083328124999 0.114453125 0.6333333328124999 0.137890625 0.6333333328124999 0.180859375 0.6125 0.2140625 0.5682291671875 0.2103732640625 0.4796875 0.027734375 0.4796875
1 0.2108664765625 0.4796875 0.2140625 0.5265625 0.223828125 0.5395833328124999 0.239453125 0.534375 0.28046875 0.4796875 0.2108664765625 0.4796875
1 0.28407451875 0.4796875 0.25703125 0.5109375 0.2453125 0.5421875 0.2609375 0.6046875 0.270703125 0.6177083328124999 0.309765625 0.6229166671875 0.348828125 0.64375 0.38203125 0.6151041671875 0.38984375 0.5942708328124999 0.38984375 0.5421875 0.3859375 0.5213541671875 0.356640625 0.48229166718750005 0.34817708125 0.4796875 0.28407451875 0.4796875
1 0.5390625 0.7673958328125 0.5265625 0.7140625 0.505078125 0.6802083328125 0.471875 0.6619791671875 0.442578125 0.6645833328124999 0.391796875 0.7166666671874999 0.3703125 0.7557291671874999 0.38984375 0.8598958328125 0.3859375 0.8911458328125 0.415234375 0.940625 0.442578125 0.9614583328125 0.477734375 0.9458333328125 0.51875 0.9015625 0.51875 0.8546875 0.5390625 0.8121279765625001 0.5390625 0.7673958328125
1 0.44453125 0.4796875 0.4484375 0.5005208328124999 0.473828125 0.534375 0.505078125 0.5395833328124999 0.52265625 0.5213541671875 0.53828125 0.4848958328125 0.5379557296875 0.4796875 0.44453125 0.4796875
1 0 0.659375 0.008984375 0.659375 0.036328125 0.6854166671874999 0.048046875 0.6854166671874999 0.094921875 0.64375 0.1046875 0.6203125 0.075390625 0.5604166671875 0.024609375 0.5239583328124999 0.01875 0.5109375 0 0.5094669109375001 0 0.659375
1 0 0.9933894234375 0.01484375 0.9796875 0.0265625 0.9432291671874999 0.001171875 0.878125 0 0.87828125 0 0.9933894234375
1 0.102734375 0.8364583328125 0.0734375 0.8234375 0.055859375 0.8208333328125 0.04609375 0.8338541671874999 0.05 0.8546875 0.0265625 0.8651041671874999 0.01875 0.9015625 0.03828125 0.9692708328125 0.075390625 0.9927083328125 0.094921875 0.9875 0.128125 0.9276041671874999 0.13203125 0.8651041671874999 0.102734375 0.8364583328125
1 0.253125 0.8703125 0.22578125 0.8078125 0.184765625 0.8104166671874999 0.1359375 0.8598958328125 0.1359375 0.9171875 0.176953125 0.9822916671874999 0.219921875 0.9822916671874999 0.24921875 0.9171875 0.253125 0.8703125
1 0.37421875 0.7921875 0.35078125 0.7401041671874999 0.313671875 0.7479166671874999 0.2453125 0.7921875 0.2375 0.8130208328125 0.262890625 0.89375 0.286328125 0.909375 0.337109375 0.9145833328125 0.352734375 0.89375 0.372265625 0.8989583328125 0.3859375 0.8807291671874999 0.37421875 0.7921875
1 0.333203125 0.6333333328124999 0.284375 0.6203125 0.266796875 0.6177083328124999 0.253125 0.6359375 0.24140625 0.6828125 0.2296875 0.6932291671874999 0.2296875 0.7348958328125 0.243359375 0.784375 0.344921875 0.7375 0.35078125 0.7244791671874999 0.35078125 0.6515625 0.333203125 0.6333333328124999
1 0.247265625 0.5708333328124999 0.2296875 0.5682291671875 0.216015625 0.565625 0.200390625 0.596875 0.17890625 0.6151041671875 0.17890625 0.6359375 0.208203125 0.675 0.235546875 0.6854166671874999 0.2609375 0.6203125 0.2609375 0.5994791671875 0.247265625 0.5708333328124999
1 0.439169034375 1 0.43671875 0.9640625 0.423046875 0.9458333328125 0.380078125 0.9614583328125 0.337109375 0.925 0.2921875 0.9119791671874999 0.266796875 0.909375 0.2296875 0.9744791671874999 0.2296875 1 0.439169034375 1
1 0.3703125 1 0.3703125 0.9796875 0.34296875 0.9328125 0.28046875 0.9067708328125 0.266796875 0.909375 0.2453125 0.9380208328125 0.2296875 0.9744791671874999 0.2296875 1 0.3703125 1
1 0.5390625 1 0.5390625 0.9211189515625 0.5265625 0.9119791671874999 0.512890625 0.9145833328125 0.46796875 0.9588541671874999 0.46015625 0.9953125 0.461796875 1 0.5390625 1
1 0.4484375 0.6515625 0.40546875 0.5942708328124999 0.391796875 0.5916666671875 0.380078125 0.6229166671875 0.3546875 0.6411458328124999 0.3546875 0.7036458328125 0.360546875 0.7114583328125 0.395703125 0.7114583328125 0.4484375 0.6515625
1 0.46796875 0.5369791671875 0.44453125 0.5161458328124999 0.391796875 0.5135416671875 0.3859375 0.5213541671875 0.39375 0.5838541671875 0.423046875 0.6125 0.446484375 0.6125 0.471875 0.5578125 0.46796875 0.5369791671875
1 0.5390625 0.4916015625 0.512890625 0.5395833328124999 0.485546875 0.55 0.46015625 0.5838541671875 0.45234375 0.6203125 0.46015625 0.6463541671875 0.469921875 0.659375 0.497265625 0.6645833328124999 0.532421875 0.7166666671874999 0.5390625 0.7148958328124999 0.5390625 0.4916015625
1 1 1 1 0.5997334390625 0.9747395828125001 0.5997334390625 0.9252604171875 0.6196971421875 0.7794270828125001 0.7177007718749999 0.7416666671875 0.7503686484375001 0.69609375 0.8030002265625 0.6713541671875001 0.8774103906249999 0.6703071234375 1 1 1
1 0.5390625 0.9551749562499999 0.6557291671875001 0.8864848000000001 0.71171875 0.7884811703125 0.7494791671875 0.7503686484375001 0.825 0.690477540625 0.8848958328125001 0.65236501875 0.9109375 0.6287715515625 0.91484375 0.6124376140625 0.8901041671875 0.58158461875 0.8549479171875 0.5670655625000001 0.6752604171875001 0.5634357984375 0.6479166671875001 0.574325090625 0.5390625 0.6501871593749999 0.5390625 0.9551749562499999