1 0 0 0 0.19522429375 0.008854167187500001 0.1984375 0.058854167187499994 0.1921875 0.18802083281249998 0.0828125 0.2567708328125 0 0 0
1 0.6912946437499999 0.309375 0.6838541671875 0.3015625 0.5463541671875001 0.2109375 0.44635416718750004 0.1140625 0.3713541671875 0.0859375 0.2671875 0.0609375 0.2130208328125 0.0671875 0.0421875 0.2109375 0.0463541671875 0.2828125 0.061532739062499994 0.309375 0.6912946437499999 0.309375
1 0.7 0.309375 0.7 0.0206336796875 0.6005208328125 0.0421875 0.5421875 0.0421875 0.5130208328125 0.0296875 0.4838541671875 0.0578125 0.4671875 0.1140625 0.49635416718750003 0.1765625 0.6713541671875001 0.3078125 0.682465278125 0.309375 0.7 0.309375
1 0.2733796296875 0 0.2546875 0.0265625 0.2796875 0.0765625 0.3921875 0.1078125 0.4838541671875 0.1109375 0.5296875 0.0546875 0.5153901140625 0 0.2733796296875 0
1 1 0 0.8984375 0 0.8984375 0.010546875 0.8802083328125001 0.03203125 0.8776041671874999 0.049609375 0.9791666671874999 0.1296875 1 0.1296875 1 0
1 0 0.309375 0 0.44150041875 0.0740897234375 0.471875 0.0958683078125 0.47578125 0.1339808296875 0.46796875 0.1584817375 0.450390625 0.20748355312500003 0.403515625 0.2292621375 0.391796875 0.245596075 0.368359375 0.294597890625 0.333203125 0.316376475 0.309765625 0.316376475 0.309375 0.245051609375 0.309375 0.231984459375 0.315625 0.21746540312499998 0.309375 0 0.309375
1 0 0.5627655031250001 0.008753970312500001 0.56171875 0.0740897234375 0.51875 0.084979015625 0.51875 0.1557594140625 0.54609375 0.19659426093750001 0.516796875 0.19659426093750001 0.497265625 0.18570496875 0.485546875 0.18570496875 0.469921875 0.17209335312500001 0.44453125 0.13125850781249998 0.469921875 0.1339808296875 0.47578125 0.0958683078125 0.47578125 0 0.44521213125000003 0 0.5627655031250001
1 0.2483183984375 0.37421875 0.1829826453125 0.4328125 0.18026032187500002 0.442578125 0.19659426093750001 0.501171875 0.22653981406249998 0.55390625 0.2700969828125 0.55 0.3789899046875 0.5265625 0.40076848906249996 0.51875 0.4143801046875 0.505078125 0.41982474999999997 0.493359375 0.4143801046875 0.489453125 0.4143801046875 0.458203125 0.398046165625 0.411328125 0.36810061250000004 0.39765625 0.3299880890625 0.38984375 0.302764859375 0.36640625 0.275541628125 0.36640625 0.2483183984375 0.37421875
1 0.7 0.39493399375 0.678445440625 0.378125 0.634888271875 0.38203125 0.6294436250000001 0.378125 0.52599535 0.378125 0.47699353437500003 0.409375 0.42254707343750003 0.41328125 0.41165778125 0.409375 0.4034908125 0.415234375 0.41982474999999997 0.497265625 0.40076848906249996 0.51875 0.35176667500000003 0.534375 0.275541628125 0.54609375 0.26465233593750004 0.55390625 0.28370859843749996 0.583203125 0.29732021249999996 0.59296875 0.3408773828125 0.596875 0.42254707343750003 0.58515625 0.591331103125 0.55 0.634888271875 0.53046875 0.65666685625 0.53046875 0.7 0.5149241124999999 0.7 0.39493399375
1 0.7 0.3955846640625 0.678445440625 0.378125 0.6403329171875 0.38203125 0.6022203953124999 0.39765625 0.5613855484375 0.426953125 0.5532185796875 0.440625 0.55049625625 0.454296875 0.5668301953125 0.481640625 0.6239989796875001 0.53046875 0.65666685625 0.53046875 0.7 0.5149241124999999 0.7 0.3955846640625
1 0.45601732031250003 0.309375 0.4388810125 0.31953125 0.441603334375 0.337109375 0.46065959687499997 0.35078125 0.5314399953125 0.37421875 0.5967757484375 0.378125 0.6022203953124999 0.37421875 0.634888271875 0.37421875 0.651222209375 0.3703125 0.6757231171875 0.352734375 0.6878102312500001 0.309375 0.45601732031250003 0.309375
1 0.319098796875 0.31171875 0.302764859375 0.3234375 0.30004253593749997 0.348828125 0.31093182812500003 0.372265625 0.3408773828125 0.39375 0.41165778125 0.409375 0.46065959687499997 0.41328125 0.49877211875 0.39765625 0.5232730265625001 0.376171875 0.4661042421875 0.3546875 0.4279917203125 0.3234375 0.3626559671875 0.33125 0.3299880890625 0.31171875 0.319098796875 0.31171875
1 0.48266742812499996 1 0.48516050312500003 0.966015625 0.4497703046875 0.94453125 0.4388810125 0.94453125 0.41710242812500004 0.9640625 0.23742910625000002 0.95234375 0.231984459375 0.98359375 0.2292621375 0.989453125 0.23742910625000002 0.9953125 0.35721132031249997 0.99921875 0.362655965625 1 0.48266742812499996 1
1 0.599498071875 1 0.599498071875 0.997265625 0.5232730265625001 0.934765625 0.5232730265625001 0.915234375 0.5396069640625 0.883984375 0.599498071875 0.837109375 0.599498071875 0.825390625 0.564107871875 0.8 0.5368846421875 0.7921875 0.5232730265625001 0.798046875 0.5014944421875 0.821484375 0.4579372734375 0.887890625 0.4497703046875 0.925 0.44704798125 0.934765625 0.5368846421875 0.99140625 0.55684834375 1 0.599498071875 1
1 0.7 1 0.7 0.8253102625000001 0.6838900859375 0.81953125 0.6131096875 0.8234375 0.594053425 0.844921875 0.555940903125 0.868359375 0.528717671875 0.899609375 0.520550703125 0.92109375 0.5178283796875001 0.926953125 0.5396069640625 0.950390625 0.6087539703125 1 0.7 1
1 0.7 0.67506696875 0.56955251875 0.7140625 0.5368846421875 0.74140625 0.53416231875 0.758984375 0.5450516109375 0.790234375 0.6076650406249999 0.8234375 0.651222209375 0.815625 0.6675561484375 0.8 0.7 0.78642188125 0.7 0.67506696875
1 0.3490443515625 0.610546875 0.280986275 0.659375 0.2782639515625 0.688671875 0.302764859375 0.7296875 0.40621313593749997 0.74140625 0.44704798125 0.755078125 0.46338191875 0.786328125 0.47154888906250003 0.846875 0.49060515000000005 0.833203125 0.512383734375 0.801953125 0.5396069640625 0.786328125 0.528717671875 0.762890625 0.53416231875 0.735546875 0.599498071875 0.688671875 0.6158320093749999 0.633984375 0.6022203953124999 0.6203125 0.58588645625 0.61640625 0.47699353437500003 0.596875 0.40076848906249996 0.5890625 0.35721132031249997 0.60078125 0.302764859375 0.60078125 0.302764859375 0.6203125 0.3082095046875 0.61640625 0.319098796875 0.6203125 0.3408773828125 0.6046875 0.3490443515625 0.610546875
1 0.18026032187500002 0.758984375 0.16664870625 0.8546875 0.1693710296875 0.911328125 0.18026032187500002 0.926953125 0.210205875 0.94453125 0.40621313593749997 0.9640625 0.43615868906250005 0.946484375 0.4524926265625 0.915234375 0.4579372734375 0.782421875 0.4524926265625 0.762890625 0.433436365625 0.74921875 0.41710242812500004 0.7453125 0.3299880890625 0.73359375 0.2483183984375 0.73359375 0.210205875 0.74140625 0.18026032187500002 0.758984375
1 0.1873383609375 1 0.18842729062500002 0.99921875 0.2292621375 0.985546875 0.23470678281250001 0.962109375 0.2292621375 0.950390625 0.20476122968750002 0.94453125 0.17481567656250002 0.926953125 0.163926384375 0.887890625 0.14487012187499998 0.87421875 0.12309153749999999 0.8703125 0.0550334625 0.895703125 0.02781023125 0.946484375 0.006031646874999999 0.969921875 0.0035655421875000004 1 0.1873383609375 1
1 0 0.7711103953125 0.0359772 0.75703125 0.06864507656249999 0.7609375 0.084979015625 0.78046875 0.1122022453125 0.76875 0.1530370921875 0.739453125 0.2129281984375 0.684765625 0.2292621375 0.676953125 0.25104072187500004 0.657421875 0.2619300140625 0.633984375 0.25104072187500004 0.618359375 0.17209335312500001 0.56171875 0.14487012187499998 0.54609375 0.07953436875 0.5265625 0.022365585937499998 0.559765625 0 0.5872732984375 0 0.7711103953125
1 1 0.309375 0.749753290625 0.309375 0.7545173546874999 0.323046875 0.749072709375 0.377734375 0.7436280625 0.381640625 0.7436280625 0.440234375 0.75179503125 0.44609375 0.8280200765625001 0.45 0.8497986609374999 0.43828125 0.8824665375 0.43828125 0.9423576453125 0.45390625 0.9586915828125001 0.45 0.9940817828125 0.412890625 1 0.40015258750000005 1 0.309375
1 0.7 1 1 1 1 0.8345109046874999 0.9804701671875 0.82890625 0.9532469375 0.82890625 0.904245121875 0.809375 0.87429956875 0.776171875 0.8688549234374999 0.756640625 0.8851888609374999 0.717578125 0.8661326 0.70390625 0.7953522 0.684375 0.7681289703124999 0.65703125 0.7027932171875 0.67265625 0.7 0.6724892515625001 0.7 1
1 0.7 1 1 1 1 0.8359120687499999 0.9804701671875 0.82890625 0.9532469375 0.82890625 0.904245121875 0.809375 0.8906335078125001 0.799609375 0.8688549234374999 0.760546875 0.8851888609374999 0.717578125 0.8661326 0.70390625 0.7953522 0.684375 0.7681289703124999 0.65703125 0.7027932171875 0.67265625 0.7 0.6724892515625001 0.7 1
1 0.7409057390625 0.88359375 0.7245718015625 0.8953125 0.721849478125 0.916796875 0.727294125 0.924609375 0.7735736156249999 0.9421875 0.7953522 0.9578125 0.8089638156250001 0.948046875 0.8035191703125 0.936328125 0.836187046875 0.912890625 0.8307423999999999 0.897265625 0.8062414921875 0.8796875 0.7844629078125 0.871875 0.7409057390625 0.88359375
1 1 0.7065630234375 0.991359459375 0.70390625 0.9695808749999999 0.70390625 0.9532469375 0.71171875 0.9205790609375001 0.71171875 0.8988004765625 0.715625 0.8851888609374999 0.725390625 0.8770218921874999 0.74296875 0.87429956875 0.776171875 0.8906335078125001 0.799609375 0.9205790609375001 0.8171875 0.9423576453125 0.825 1 0.8325191609375 1 0.7065630234375
1 1 0.4774796546875 0.9859148140624999 0.4734375 0.9641362296875 0.4578125 0.860687953125 0.43828125 0.8307423999999999 0.451953125 0.8089638156250001 0.491015625 0.7409057390625 0.53984375 0.7245718015625 0.54375 0.7 0.5296468093750001 0.7 0.66830466875 0.7027932171875 0.66875 0.757239678125 0.653125 0.765406646875 0.643359375 0.7599620015624999 0.600390625 0.7844629078125 0.57890625 0.8116861390625001 0.57109375 0.8552433078125 0.57890625 1 0.57890625 1 0.4774796546875
1 1 0.5814506625 0.904245121875 0.57890625 0.8715772453125 0.5828125 0.817130784375 0.57109375 0.7681289703124999 0.590625 0.765406646875 0.643359375 0.7817405859375001 0.670703125 0.8116861390625001 0.68828125 0.904245121875 0.71171875 0.9478022906250001 0.71171875 0.9695808749999999 0.70390625 0.991359459375 0.70390625 1 0.7055969234375 1 0.5814506625