1 0.409375 0.26931818125 0.378125 0.275 0.34375 0.25833333281250004 0.309375 0.2125 0.275 0.20416666718749998 0.24375 0.25833333281250004 0.2375 0.42083333281249996 0.275452303125 0.56875 0.38750000625 0.56875 0.409375 0.5666666671875 0.409375 0.26931818125
1 0.409375 0.0704301078125 0.334375 0.08333333281250001 0.3125 0.1458333328125 0.321875 0.23333333281250002 0.384375 0.2916666671875 0.409375 0.2876666671875 0.409375 0.0704301078125
1 0.1950892859375 0 0.134375 0.07083333281250001 0.125 0.15 0.1375 0.17916666718750002 0.290625 0.2 0.309375 0.17916666718750002 0.33125 0.07083333281250001 0.29827586250000004 0 0.1950892859375 0
1 0 0.56875 0.29007161406250004 0.56875 0.3 0.5583333328125 0.2625 0.4375 0.253125 0.2375 0.203125 0.1875 0.134375 0.1666666671875 0.115625 0.23333333281250002 0.053125 0.3458333328125 0 0.410108025 0 0.56875
1 0.409375 0 0.409375 0.36163194375 0.410546875 0.3630208328125 0.465234375 0.4046875 0.484765625 0.4046875 0.512109375 0.42552083281249997 0.5296875 0.42291666718750004 0.578515625 0.3994791671875 0.58828125 0.38125 0.60390625 0.3135416671875 0.60390625 0.271875 0.615625 0.240625 0.61953125 0.1208333328125 0.584375 0.0479166671875 0.551171875 0.0140625 0.519921875 0.0036458328125000003 0.516015625 0 0.409375 0
1 0.875390625 0.5140625 0.914453125 0.5036458328125 0.953515625 0.4671875 0.97109375 0.41770833281249997 0.975 0.365625 0.96328125 0.2666666671875 0.93984375 0.20416666718749998 0.887109375 0.1338541671875 0.816796875 0.0869791671875 0.771875 0.1416666671875 0.7640625 0.1729166671875 0.70546875 0.2614583328125 0.7015625 0.3916666671875 0.71328125 0.44375 0.746484375 0.49322916718750004 0.773828125 0.4984375 0.82265625 0.5270833328125 0.848046875 0.5088541671875 0.875390625 0.5140625
1 0 0.56875 0 1 0.0175937078125 1 0.24817633749999998 0.56875 0 0.56875
1 0.409375 1 0.409375 0.56875 0.25363795625 0.56875 0.00909198125 1 0.409375 1
1 1 0.56875 0.7737537203125 0.56875 0.778125 0.5932291671875001 0.77421875 0.6713541671875001 0.8015625 0.7859375 0.834765625 0.8145833328125001 0.873828125 0.8197916671875 0.89921875 0.7026041671875001 0.920703125 0.6791666671875001 0.963671875 0.684375 0.98125 0.7182291671875001 0.98125 0.7703125 1 0.7747242640625001 1 0.56875
1 1 0.56875 0.77255859375 0.56875 0.778125 0.5984375 0.77421875 0.6765625 0.79765625 0.7807291671875 0.815234375 0.8041666671875 0.866015625 0.825 0.88359375 0.8067708328125001 0.89921875 0.7026041671875001 0.920703125 0.6791666671875001 0.963671875 0.684375 0.98125 0.7182291671875001 0.98125 0.7703125 1 0.7799278843749999 1 0.56875
1 0.95 0.8901041671875 0.965625 0.8692708328125001 0.9578125 0.8171875 0.97734375 0.7755208328125001 0.98125 0.7234375 0.963671875 0.684375 0.924609375 0.6791666671875001 0.89140625 0.7234375 0.8875 0.8223958328125001 0.924609375 0.8927083328125001 0.95 0.8901041671875
1 0.9919791671875 1 0.98515625 0.9317708328125001 0.971484375 0.8979166671875 0.940234375 0.8979166671875 0.91875 0.9161458328125001 0.91875 1 0.9919791671875 1
1 0.907933728125 1 0.91484375 0.9109375 0.881640625 0.8510416671875 0.819140625 0.809375 0.748828125 0.8041666671875 0.705859375 0.8145833328125001 0.67265625 0.8588541671875 0.67265625 1 0.907933728125 1
1 0.5103759765625 1 0.53984375 0.9630208328125001 0.530078125 0.9395833328125001 0.471484375 0.9447916671875 0.4421875 0.9682291671875 0.440485490625 1 0.5103759765625 1
1 0.5727213546875001 1 0.5828125 0.9838541671875 0.573046875 0.95 0.549609375 0.9552083328125001 0.516015625 1 0.5727213546875001 1
1 0.5727213546875001 1 0.5828125 0.9838541671875 0.573046875 0.95 0.549609375 0.9552083328125001 0.516015625 1 0.5727213546875001 1
1 0.409375 0.9293198531249999 0.4421875 0.9421875 0.5125 0.8692708328125001 0.51640625 0.8536458328125001 0.498828125 0.825 0.475390625 0.8145833328125001 0.432421875 0.8354166671875 0.409375 0.8682650859375001 0.409375 0.9293198531249999
1 0.580859375 0.903125 0.5984375 0.9005208328125001 0.6140625 0.8432291671875 0.5984375 0.7755208328125001 0.576953125 0.7677083328125 0.55546875 0.7963541671875 0.5671875 0.8848958328125001 0.580859375 0.903125
1 0.575 0.7703125 0.59453125 0.7442708328125 0.580859375 0.6947916671875001 0.54375 0.7494791671875001 0.557421875 0.7729166671875 0.575 0.7703125
1 0.651171875 0.8354166671875 0.627734375 0.840625 0.60234375 0.9005208328125001 0.60234375 0.9265625 0.61796875 0.9317708328125001 0.655078125 0.9239583328125001 0.66484375 0.9057291671875 0.66484375 0.8588541671875 0.651171875 0.8354166671875
1 0.608203125 0.6270833328125 0.590625 0.6713541671875001 0.5984375 0.8015625 0.608203125 0.8302083328125001 0.6296875 0.8328125 0.65703125 0.7755208328125001 0.65703125 0.6557291671875001 0.631640625 0.621875 0.608203125 0.6270833328125
1 0.79375 0.7703125 0.764453125 0.684375 0.725390625 0.684375 0.7078125 0.6661458328125 0.698046875 0.5854166671875001 0.66484375 0.6244791671875001 0.66484375 0.8015625 0.68046875 0.8067708328125001 0.776171875 0.79375 0.79375 0.7703125
1 0.6255859375 0.56875 0.621875 0.5984375 0.635546875 0.6166666671875001 0.6609375 0.6140625 0.69775390625 0.56875 0.6255859375 0.56875
1 0.409375 1 0.428571428125 1 0.4421875 0.9682291671875 0.428515625 0.934375 0.409375 0.9349421296875 0.409375 1
1 0.483203125 0.809375 0.5046875 0.8119791671875 0.5203125 0.7963541671875 0.5203125 0.7651041671875001 0.471484375 0.6947916671875001 0.448046875 0.6895833328125 0.4421875 0.7442708328125 0.483203125 0.809375
1 0.612109375 0.5802083328125 0.592578125 0.5854166671875001 0.53203125 0.6557291671875001 0.5359375 0.6921875 0.56328125 0.6973958328125 0.61796875 0.6140625 0.612109375 0.5802083328125
1 0.710107421875 0.56875 0.70390625 0.6348958328125 0.717578125 0.6791666671875001 0.74296875 0.6817708328125 0.77421875 0.6453125 0.7623697921874999 0.56875 0.710107421875 0.56875