1 0.091375 0 0.1859375 0.0927083328125 0.2265625 0.0927083328125 0.2578125 0.051041667187499994 0.2921875 0.051041667187499994 0.3234375 0.0260416671875 0.32513586875 0 0.091375 0
1 0.4796875 0 0.3447115390625 0 0.3609375 0.046875 0.4265625 0.1135416671875 0.4765625 0.1177083328125 0.4796875 0.11614583281249999 0.4796875 0
1 0 0 0 0.3447916671875 0.0078125 0.334375 0.0421875 0.3302083328125 0.0578125 0.28854166718749996 0.1171875 0.271875 0.1234375 0.21770833281250002 0.1640625 0.1260416671875 0.1484375 0.071875 0.078359375 0 0 0
1 0.2703125 0.1260416671875 0.2328125 0.1052083328125 0.2125 0.1052083328125 0.1796875 0.1135416671875 0.1328125 0.21354166718749998 0.1296875 0.2802083328125 0.1765625 0.359375 0.2484375 0.421875 0.2671875 0.3927083328125 0.3296875 0.359375 0.3296875 0.334375 0.2703125 0.1260416671875
1 0.3390625 0.3760416671875 0.3140625 0.3760416671875 0.2578125 0.41770833281249997 0.2484375 0.446875 0.2578125 0.48854166718750003 0.3859375 0.4635416671875 0.3703125 0.409375 0.3390625 0.3760416671875
1 0.4796875 0.2260416671875 0.4421875 0.2010416671875 0.4296875 0.2010416671875 0.3296875 0.28854166718749996 0.3453125 0.359375 0.3609375 0.3927083328125 0.3828125 0.40520833281249996 0.4328125 0.396875 0.4796875 0.34908088125000003 0.4796875 0.2260416671875
1 0.2765625 0.1177083328125 0.2953125 0.209375 0.3328125 0.2677083328125 0.3703125 0.2552083328125 0.4265625 0.2010416671875 0.4109375 0.1135416671875 0.3515625 0.0427083328125 0.3328125 0.0427083328125 0.3078125 0.055208332812500004 0.2765625 0.1177083328125
1 0.4796875 0.1214120375 0.4296875 0.1177083328125 0.4234375 0.1510416671875 0.4515625 0.1885416671875 0.4796875 0.20572916718749998 0.4796875 0.1214120375
1 0.4780493953125 0.61875 0.4796875 0.5510416671875 0.4515625 0.5052083328125 0.4015625 0.471875 0.3859375 0.471875 0.2484375 0.496875 0.2078125 0.5677083328125 0.20143229218749997 0.61875 0.4780493953125 0.61875
1 0.474758184375 0.61875 0.4796875 0.5635416671875 0.4421875 0.5010416671875 0.4046875 0.4760416671875 0.3828125 0.4760416671875 0.3578125 0.484375 0.3671875 0.5260416671875 0.3546875 0.5385416671875001 0.3546875 0.584375 0.32890625 0.61875 0.474758184375 0.61875
1 0.4796875 0.3899305546875 0.4734375 0.3802083328125 0.4703125 0.3802083328125 0.4046875 0.421875 0.4046875 0.4635416671875 0.4328125 0.4760416671875 0.4796875 0.5357007578124999 0.4796875 0.3899305546875
1 0 0.61875 0.1902644234375 0.61875 0.2078125 0.5427083328125 0.2359375 0.4927083328125 0.2328125 0.4302083328125 0.1515625 0.3552083328125 0.1171875 0.28854166718749996 0.0703125 0.271875 0.0359375 0.2760416671875 0.0171875 0.296875 0.0140625 0.271875 0 0.266015625 0 0.61875
1 0.0703125 0.434375 0.0859375 0.446875 0.0765625 0.45520833281249995 0.0984375 0.43854166718750004 0.0984375 0.3927083328125 0.0734375 0.384375 0.0640625 0.384375 0.0390625 0.3885416671875 0.0078125 0.421875 0.0015625 0.46770833281249996 0.0234375 0.4927083328125 0.0453125 0.4760416671875 0.0578125 0.484375 0.0703125 0.434375
1 1 0 0.7538453546875 0 0.7359375 0.0361927171875 0.71640625 0.0851945328125 0.71640625 0.1233070546875 0.761328125 0.19136513125000001 0.901953125 0.3601491609375 0.9234375 0.3574268375 0.964453125 0.3165919921875 1 0.2591183078125 1 0
1 0.4796875 0 0.4796875 0.2540874546875 0.511328125 0.2893687609375 0.546484375 0.3165919921875 0.571875 0.31386966875 0.6109375 0.264867853125 0.63046875 0.22131068437499998 0.655859375 0.1859204859375 0.679296875 0.1859204859375 0.70078125 0.16141957812500002 0.7125 0.13964099375 0.71640625 0.074305240625 0.73203125 0.047082009375 0.7359375 0.025303425 0.728125 0.003524840625 0.7276355375 0 0.4796875 0
1 0.4796875 0 0.4796875 0.2526174 0.511328125 0.2893687609375 0.546484375 0.3165919921875 0.56796875 0.31386966875 0.581640625 0.3057027 0.60703125 0.2703125 0.648046875 0.19136513125000001 0.679296875 0.1859204859375 0.70078125 0.16141957812500002 0.7125 0.13964099375 0.71640625 0.074305240625 0.73203125 0.047082009375 0.7359375 0.025303425 0.728125 0.003524840625 0.7276355375 0 0.4796875 0
1 0.8411178203125 0.61875 0.8609375 0.5861019734374999 0.86875 0.5643233890625 0.86875 0.5262108671875 0.851171875 0.4962653125 0.827734375 0.4908206671875 0.81796875 0.4772090515625 0.80234375 0.43365188281249994 0.79453125 0.38465006874999996 0.788671875 0.371038453125 0.780859375 0.371038453125 0.74765625 0.39553936093750003 0.74375 0.4282072375 0.728125 0.4772090515625 0.6968793812499999 0.61875 0.8411178203125 0.61875
1 0.8921875 0.35198219218750004 0.874609375 0.327481284375 0.855078125 0.3165919921875 0.823828125 0.343815221875 0.800390625 0.3547045140625 0.79453125 0.362871484375 0.79453125 0.3900947140625 0.80234375 0.4282072375 0.823828125 0.4853760203125 0.831640625 0.4908206671875 0.86875 0.48809834375000005 0.90390625 0.466319759375 0.91171875 0.43909652968749996 0.91171875 0.4173179453125 0.88828125 0.38465006874999996 0.8921875 0.35198219218750004
1 1 0.2620494484375 0.98984375 0.28120179218749997 0.956640625 0.327481284375 0.917578125 0.36559380625000004 0.894140625 0.3601491609375 0.88828125 0.379205421875 0.905859375 0.40915097500000003 1 0.519372390625 1 0.2620494484375
1 0.4796875 0.61875 0.69200286875 0.61875 0.70078125 0.6024359125000001 0.70078125 0.5861019734374999 0.73203125 0.47176440625 0.74375 0.40098400625 0.702734375 0.39826168281249996 0.68515625 0.3737607765625 0.65 0.264867853125 0.640234375 0.2512562390625 0.620703125 0.2512562390625 0.585546875 0.3057027 0.566015625 0.3220366375 0.550390625 0.3220366375 0.523046875 0.3057027 0.4796875 0.25965655 0.4796875 0.61875
1 0.471875 0.9192708328125001 0.45625 0.8234375 0.421875 0.7651041671875001 0.38125 0.7567708328125 0.371875 0.7567708328125 0.31875 0.7651041671875001 0.309375 0.8484375 0.284375 0.9234375 0.471875 0.9192708328125001
1 0.415625 0.7526041671875 0.43125 0.7192708328124999 0.43125 0.6526041671875 0.33125 0.6276041671875 0.3125 0.6276041671875 0.303125 0.6484375 0.309375 0.7192708328124999 0.328125 0.7526041671875 0.415625 0.7526041671875
1 0.30625 0.8192708328125 0.303125 0.7317708328125 0.290625 0.6942708328125 0.2625 0.6901041671875 0.259375 0.6859375 0.16875 0.7026041671875001 0.103125 0.7526041671875 0.096875 0.8026041671874999 0.109375 0.8984375 0.15625 0.9484375 0.259375 0.9359375 0.290625 0.8942708328125001 0.30625 0.8192708328125
1 0 0.61875 0 0.65625 0.090625 0.7317708328125 0.11875 0.7317708328125 0.15625 0.7026041671875001 0.2 0.6234375 0.19503676406249998 0.61875 0 0.61875
1 0 0.8701041671875 0.0125 0.8734375 0.059375 0.7317708328125 0 0.6723958328124999 0 0.8701041671875
1 0.4796875 0.683285984375 0.459375 0.6734375 0.4375 0.6734375 0.434375 0.7567708328125 0.475 0.8526041671875 0.4796875 0.8518229171874999 0.4796875 0.683285984375
1 0.5047100359375001 0.61875 0.4796875 0.6881458328125001 0.4796875 0.8825932015625 0.5080442265625 1 0.91376201875 1 0.9171875 0.9703125 0.8921875 0.8661458328125 0.8640625 0.7911458328125 0.7671875 0.6911458328125 0.7194720640625001 0.61875 0.5047100359375001 0.61875
1 0.709765625 0.61875 0.8015625 0.7411458328125 0.8640625 0.7703125 0.9203125 0.7536458328125 0.9484375 0.7244791671875 0.9359375 0.6953125 0.9359375 0.6369791671875 0.939887153125 0.61875 0.709765625 0.61875
1 1 0.727828840625 0.9234375 0.7078125 0.8671875 0.7536458328125 0.8703125 0.8453125 0.9015625 0.9578125 0.9515625 0.9828125 1 0.9487268515625 1 0.727828840625