1 0 0.8583333328125 0.003759284375 0.9996856703124999 0.11875 0.9958333328125001 0.134375 0.9666666671874999 0.134375 0.8166666671874999 0.071875 0.6791666671875001 0 0.6125 0 0.7041666671875 0 0.77360855 0 0.8003267421875 0 0.8583333328125
1 0 0.475 0.04231291875 0.4838188171875 0.10708309375 0.4303823578125 0.175 0.2708333328125 0.190625 0.1708333328125 0.10625 0.0958333328125 0.015625 0.0625 0 0.075 0 0.475
1 0.015625 0 0.028125 0.05 0.046875 0.075 0.2090470625 0.1559220953125 0.325 0.1583333328125 0.340625 0.1041666671875 0.359836840625 0.050231707812500005 0.377740221875 0 0.015625 0
1 1 0.6160130703125 0.959375 0.7041666671875 0.909375 0.7416666671875001 0.915625 0.8333333328125001 0.9375 0.875 1 0.9199862875000001 1 0.6160130703125
1 0.484375 1 0.478125 0.9083333328125001 0.446875 0.85 0.31875 0.8416666671874999 0.284375 0.8166666671874999 0.2 0.8166666671874999 0.134375 0.8541666671874999 0.125 1 0.484375 1
1 0 0.5666666671875 0.040625 0.6791666671875001 0.1 0.7916666671875 0.125 0.8291666671875 0.140625 0.8291666671875 0.1875 0.7833333328125 0.190625 0.6708333328125 0.15516473749999998 0.573928125 0.143473190625 0.4617409671875 0.14375 0.4375 0.125 0.40833333281249995 0.121259234375 0.4492757421875 0.015625 0.48333333281249996 0 0.5041666671875 0 0.5666666671875
1 0.8375 0.2375 0.8625 0.1125 0.8375 0.07083333281250001 0.753125 0.07083333281250001 0.659375 0.0875 0.6375 0.1125 0.6 0.275 0.6 0.3291666671875 0.6125 0.3583333328125 0.740625 0.40416666718750005 0.7625 0.3958333328125 0.79375 0.35 0.8375 0.2375
1 0.84375 1 0.890625 0.9416666671874999 0.903125 0.85 0.890625 0.7166666671875 0.79375 0.5875 0.73125 0.5541666671875001 0.565625 0.6916666671875 0.45625 0.8208333328125 0.45 0.8708333328125001 0.496875 1 0.84375 1
1 0.38076923125 0 0.409375 0.029166667187500002 0.515625 0.0416666671875 0.621875 0.08333333281250001 0.809375 0.0625 0.88125 0.0166666671875 0.89375 0 0.38076923125 0
1 0.941611840625 0 1 0.06723485 1 0 0.941611840625 0
1 0.58125 0.6666666671875 0.5875 0.6125 0.5625 0.5083333328124999 0.534375 0.43333333281249997 0.4375 0.3333333328125 0.346875 0.19583333281249998 0.325 0.175 0.2625 0.1708333328125 0.2 0.1916666671875 0.121875 0.40833333281249995 0.18125 0.6541666671875 0.184375 0.7791666671875 0.2 0.8 0.321875 0.8083333328125001 0.365625 0.8333333328125001 0.4375 0.8375 0.58125 0.6666666671875
1 0.60625 0.2791666671875 0.646875 0.0916666671875 0.55625 0.0416666671875 0.4 0.0083333328125 0.3625 0.05 0.33125 0.1416666671875 0.340625 0.20833333281250002 0.471875 0.38333333281250004 0.534375 0.4125 0.590625 0.3958333328125 0.61875 0.36666666718749996 0.60625 0.3375 0.60625 0.2791666671875
1 0.540625 0.4875 0.571875 0.6 0.621875 0.625 0.734375 0.5458333328125 0.753125 0.3916666671875 0.59375 0.35 0.5375 0.3958333328125 0.540625 0.4875
1 1 0.9189102578125 0.9875 0.8958333328125001 0.93125 0.8875 0.9125 0.8958333328125001 0.84375 1 1 1 1 0.9189102578125
1 1 0.0650114171875 0.928125 0.0125 0.890625 0.058333332812500006 0.871875 0.1458333328125 0.75 0.4166666671875 0.73125 0.5 0.740625 0.5458333328125 0.85 0.6875 0.884375 0.7125 0.9375 0.6958333328124999 0.996875 0.6208333328125 1 0.614527025 1 0.0650114171875