1 0.8501953125 0 0.959375 0.1625 1 0.0975 1 0 0.8501953125 0
1 1 0.5166666671875 0.99375 0.6208333328125 1 0.6310897421874999 1 0.5166666671875
1 1 0.23662280781249997 0.965625 0.2125 0.9625 0.2125 0.871875 0.425 0.8875 0.4791666671875 0.940625 0.5333333328125 0.971875 0.5416666671875 1 0.4931372546875 1 0.23662280781249997
1 1 0.1291666671875 0.990625 0.1375 0.975 0.1833333328125 0.996875 0.2166666671875 1 0.2185483875 1 0.1291666671875
1 0.14671052499999998 0 0.159375 0.029166667187500002 0.265625 0.13333333281249998 0.30625 0.13333333281249998 0.3375 0.0916666671875 0.371875 0.0916666671875 0.403125 0.0666666671875 0.407472825 0 0.14671052499999998 0
1 0.86875 0.7208333328125 0.88125 0.7583333328124999 0.946875 0.65 0.94375 0.5583333328125 0.871875 0.48333333281249996 0.865625 0.48333333281249996 0.746875 0.6083333328125 0.740625 0.6333333328124999 0.76875 0.75 0.828125 0.7541666671875 0.815625 0.7416666671875001 0.840625 0.7208333328125 0.846875 0.7583333328124999 0.859375 0.75 0.85 0.725 0.86875 0.7208333328125
1 0.72244318125 0 0.696875 0.0125 0.66875 0.0958333328125 0.68125 0.1583333328125 0.7 0.1833333328125 0.825 0.22916666718749998 0.909375 0.2166666671875 0.925 0.19583333281249998 0.925 0.1583333328125 0.884375 0.07083333281250001 0.833375 0 0.72244318125 0
1 0.421875 0 0.421875 0.0333333328125 0.440625 0.0875 0.50625 0.1541666671875 0.55625 0.1583333328125 0.63125 0.1208333328125 0.659375 0.1 0.678125 0.0416666671875 0.671875 0 0.421875 0
1 0.034375 0 0 0.0083333328125 0 0.42083333281249996 0.025 0.45 0.0375 0.4375 0.025 0.4291666671875 0.028125 0.4 0.04375 0.4 0.034375 0.38333333281250004 0.046875 0.3708333328125 0.06875 0.4 0.0875 0.375 0.121875 0.3708333328125 0.1375 0.3291666671875 0.196875 0.3125 0.203125 0.25833333281250004 0.24375 0.1666666671875 0.228125 0.1125 0.1184375 0 0.034375 0
1 0.3125 0.1458333328125 0.2921875 0.1458333328125 0.259375 0.1541666671875 0.2125 0.2541666671875 0.209375 0.32083333281250004 0.25625 0.4 0.328125 0.4625 0.346875 0.43333333281249997 0.409375 0.4 0.409375 0.375 0.35 0.1666666671875 0.3125 0.1458333328125
1 0.3375 0.5291666671875 0.465625 0.5041666671875 0.45 0.45 0.41875 0.4166666671875 0.39375 0.4166666671875 0.3375 0.4583333328125 0.328125 0.4875 0.3375 0.5291666671875
1 0.409375 0.3291666671875 0.425 0.4 0.440625 0.43333333281249997 0.4625 0.4458333328125 0.5125 0.4375 0.565625 0.38333333281250004 0.584375 0.2833333328125 0.521875 0.2416666671875 0.509375 0.2416666671875 0.409375 0.3291666671875
1 0.3875 0.0958333328125 0.35625 0.1583333328125 0.375 0.25 0.4125 0.3083333328125 0.45 0.2958333328125 0.50625 0.2416666671875 0.490625 0.1541666671875 0.43125 0.08333333281250001 0.4125 0.08333333281250001 0.3875 0.0958333328125
1 0.565625 0.1625 0.509375 0.1583333328125 0.503125 0.1916666671875 0.53125 0.22916666718749998 0.60625 0.275 0.659375 0.275 0.675 0.2 0.65 0.1291666671875 0.6375 0.1291666671875 0.565625 0.1625
1 0.559375 0.5916666671875 0.53125 0.5458333328125 0.48125 0.5125 0.465625 0.5125 0.328125 0.5375 0.2875 0.6083333328125 0.275 0.7083333328125 0.315625 0.7708333328125 0.359375 0.8083333328125001 0.384375 0.8166666671874999 0.45625 0.7833333328125 0.540625 0.775 0.55625 0.7208333328125 0.559375 0.5916666671875
1 0.390625 0.775 0.36875 0.7833333328125 0.36875 0.8041666671875 0.378125 0.7916666671875 0.384375 0.8125 0.54375 0.7791666671875 0.559375 0.6041666671875 0.521875 0.5416666671875 0.484375 0.5166666671875 0.4625 0.5166666671875 0.4375 0.525 0.446875 0.5666666671875 0.434375 0.5791666671875 0.434375 0.625 0.4 0.6708333328125 0.384375 0.7458333328125 0.36875 0.7541666671875 0.36875 0.7708333328125 0.375 0.7541666671875 0.390625 0.775
1 0.621875 0.2916666671875 0.61875 0.2916666671875 0.59375 0.32083333281250004 0.575 0.4 0.603125 0.6083333328125 0.721875 0.6208333328125 0.7875 0.5416666671875 0.790625 0.475 0.775 0.425 0.68125 0.3166666671875 0.628125 0.3125 0.621875 0.2916666671875
1 0.484375 0.5041666671875 0.5125 0.5166666671875 0.58125 0.6041666671875 0.590625 0.55 0.571875 0.45 0.553125 0.42083333281249996 0.55 0.42083333281249996 0.484375 0.4625 0.484375 0.5041666671875
1 0.709375 0.9 0.653125 0.8875 0.65 0.8875 0.615625 0.925 0.615625 0.9958333328125001 0.746875 0.9958333328125001 0.709375 0.9
1 0.753125 0.7208333328125 0.73125 0.6416666671875 0.65625 0.625 0.65 0.625 0.58125 0.6458333328125 0.565625 0.8 0.625 0.8833333328125 0.70625 0.8791666671874999 0.653125 0.8708333328125001 0.65 0.8 0.690625 0.7958333328125 0.70625 0.75 0.753125 0.7458333328125 0.753125 0.7208333328125
1 0.815625 0.8166666671874999 0.790625 0.8583333328125 0.74375 0.8625 0.725 0.8833333328125 0.728125 0.9208333328125 0.765625 0.9958333328125001 0.790625 0.9916666671875 0.865625 0.9125 0.859375 0.8375 0.8375 0.8166666671874999 0.815625 0.8166666671874999
1 0.978125 0.9458333328125 0.896875 0.9083333328125001 0.878125 0.9083333328125001 0.815625 0.9666666671874999 0.803125 0.9958333328125001 0.990625 0.9916666671875 0.978125 0.9458333328125
1 0.9125 0.30416666718749996 0.915625 0.25833333281250004 0.903125 0.2416666671875 0.853125 0.23333333281250002 0.821875 0.25 0.79375 0.22916666718749998 0.734375 0.2208333328125 0.728125 0.2208333328125 0.715625 0.22916666718749998 0.725 0.3083333328125 0.74375 0.2875 0.759375 0.3 0.753125 0.325 0.790625 0.3083333328125 0.790625 0.3375 0.83125 0.3791666671875 0.86875 0.38333333281250004 0.9125 0.30416666718749996
1 0 0.6833333328125 0.0625 0.6708333328125 0.103125 0.7125 0.175 0.7458333328125 0.203125 0.7166666671875 0.2625 0.6916666671875 0.2875 0.5833333328125 0.315625 0.5333333328125 0.3125 0.47083333281249995 0.23125 0.3958333328125 0.196875 0.3291666671875 0.15 0.3125 0.115625 0.3166666671875 0.096875 0.3375 0.09375 0.3125 0.04375 0.2916666671875 0.0375 0.2916666671875 0.034375 0.3083333328125 0.009375 0.2958333328125 0 0.3125 0 0.6833333328125
1 0.178125 0.4791666671875 0.178125 0.43333333281249997 0.153125 0.425 0.14375 0.425 0.11875 0.4291666671875 0.0875 0.4625 0.08125 0.5083333328124999 0.103125 0.5333333328125 0.125 0.5166666671875 0.1375 0.525 0.15 0.475 0.165625 0.4875 0.15625 0.49583333281249997 0.178125 0.4791666671875
1 0 0.8041666671875 0.025 0.8125 0.103125 0.8958333328125001 0.1 0.725 0.059375 0.675 0.05 0.675 0.021875 0.6916666671875 0.01875 0.7333333328125 0 0.7166666671875 0 0.8041666671875