1 1 0.8666666671875 0.90625 0.85 0.734375 0.8791666671874999 0.66875 0.9291666671875 0.6015625 1 1 1 1 0.8666666671875
1 0.0596434625 0.8253024453125001 0.14107960625 0.8285714671875001 0.178125 0.7916666671875 0.2875 0.8 0.371875 0.7666666671875 0.4375 0.7125 0.5125 0.5875 0.5375 0.4583333328125 0.5375 0.3958333328125 0.5 0.32083333281250004 0.334375 0.19583333281249998 0.275 0.17916666718750002 0.23125 0.22916666718749998 0.196875 0.4375 0.146875 0.575 0.090625 0.6791666671875001 0.079757203125 0.693887775 0.078776021875 0.7036948421875 0.0596434625 0.7259241828125 0.041001434375 0.793266025 0.0596434625 0.8253024453125001
1 0 0.81121795 0.05625 0.7333333328125 0.1375 0.5833333328125 0.19375 0.4125 0.221875 0.22916666718749998 0.21875 0.1916666671875 0.175 0.1583333328125 0.0625 0.1166666671875 0 0.1131944453125 0 0.81121795
1 0.74375 0 0.74375 0.029166667187500002 0.715625 0.07083333281250001 0.725 0.1166666671875 0.709375 0.1583333328125 0.70625 0.2541666671875 0.765625 0.375 0.925 0.36666666718749996 1 0.40833333281249995 1 0.25 0.978125 0.2 1 0.15 1 0.0166666671875 0.9625 0 0.89375 0 0.878125 0.0208333328125 0.840625 0.0208333328125 0.81875 0 0.74375 0
1 0.78125 0.5583333328125 0.746875 0.5125 0.7125 0.5041666671875 0.68125 0.5583333328125 0.675 0.7208333328125 0.715625 0.8791666671874999 0.846875 0.8666666671875 0.95625 0.8291666671875 0.98125 0.625 0.953125 0.55 0.815625 0.575 0.78125 0.5583333328125
1 0.9625 0.375 0.86875 0.36666666718749996 0.771875 0.38333333281250004 0.75 0.4458333328125 0.759375 0.5333333328125 0.821875 0.5916666671875 0.9 0.5791666671875 0.95625 0.55 0.984375 0.4791666671875 0.9875 0.40416666718750005 0.9625 0.375
1 1 0.3791666671875 0.98125 0.3458333328125 0.98125 0.275 0.959375 0.2625 0.928125 0.2958333328125 0.928125 0.3125 0.9625 0.3291666671875 0.9625 0.3458333328125 0.921875 0.35 0.9 0.4166666671875 0.915625 0.43333333281249997 0.91875 0.4791666671875 0.9375 0.5166666671875 0.915625 0.5583333328125 0.9125 0.5958333328125 0.94375 0.6625 0.940625 0.7958333328125 0.9625 0.8416666671874999 1 0.8541666671874999 1 0.3791666671875
1 0.190625 0 0.175 0.054166667187499996 0.15625 0.075 0.1625 0.1041666671875 0.240625 0.1166666671875 0.346875 0.17916666718750002 0.503125 0.3166666671875 0.565625 0.3958333328125 0.640625 0.30416666718749996 0.690625 0.2666666671875 0.753125 0.054166667187499996 0.753125 0 0.49375 0 0.4625 0.029166667187500002 0.403125 0.029166667187500002 0.375 0 0.190625 0
1 0 0.11221590781249999 0.25625 0.10833333281249999 0.225 0.0875 0.15 0.0916666671875 0 0.048809525 0 0.11221590781249999
1 0 0.0737745078125 0.025 0.0875 0.259375 0.1416666671875 0.3 0.13333333281249998 0.29375 0.0958333328125 0.215625 0 0.121875 0.0166666671875 0 0.003125 0 0.0737745078125
1 0.70625 0.2 0.69375 0.1916666671875 0.671875 0.2541666671875 0.571875 0.3708333328125 0.5625 0.45 0.575 0.4791666671875 0.728125 0.5 0.746875 0.4791666671875 0.76875 0.3708333328125 0.7125 0.25 0.70625 0.2
1 0.32142857187499996 1 0.31875 0.925 0.30625 0.8791666671874999 0.271875 0.8375 0.18125 0.7916666671875 0.140625 0.7208333328125 0.10625 0.7041666671875 0.071875 0.7333333328125 0 0.8349747453124999 0 1 0.32142857187499996 1
1 0.08125 0.6875 0.05625 0.7291666671875 0.05 0.8125 0.140625 0.8166666671874999 0.16875 0.8 0.159375 0.7041666671875 0.1375 0.6791666671875001 0.109375 0.675 0.08125 0.6875
1 0.6024739593749999 1 0.7375 0.8583333328125 0.7 0.7375 0.690625 0.5375 0.640625 0.4875 0.571875 0.46666666718750005 0.553125 0.5333333328125 0.490625 0.6458333328125 0.321875 0.85 0.309375 0.9 0.315625 0.9916666671875 0.32375 1 0.6024739593749999 1