1 0.35 0.49738451093749997 0.31979166718749996 0.50625 0.3489583328125 0.55 0.35 0.55004595625 0.35 0.49738451093749997
1 0 0.65 0.14895833281249998 0.65 0.14895833281249998 0.646875 0.115625 0.578125 0.078125 0.546875 0.0822916671875 0.528125 0.0447916671875 0.50625 0 0.5249131953124999 0 0.65
1 0.24895833281250002 0.465625 0.1364583328125 0.46875 0.11145833281249999 0.496875 0.115625 0.559375 0.1697916671875 0.646875 0.2822916671875 0.640625 0.3239583328125 0.578125 0.3239583328125 0.553125 0.2947916671875 0.496875 0.24895833281250002 0.465625
1 0.35 0 0.29340277656249997 0 0.27395833281250004 0.04375 0.35 0.1137428984375 0.35 0
1 0.081458334375 0 0.078125 0.0125 0.053125 0.009375 0.0364583328125 0.053125 0 0.0576822921875 0 0.06546874999999999 0.007291667187500001 0.06875 0 0.072395834375 0 0.081510415625 0.007291667187500001 0.090625 0 0.0919921875 0 0.197209821875 0.0322916671875 0.19375 0.015625 0.1875 0.0239583328125 0.178125 0.053125 0.190625 0.0739583328125 0.175 0.08645833281250001 0.184375 0.11145833281249999 0.171875 0.153125 0.14375 0.165625 0.078125 0.165625 0.065625 0.140625 0.059375 0.153125 0.04375 0.12395833281249999 0.009375 0.128125 0.028125 0.10729166718750001 0.034375 0.08645833281250001 0.021875 0.0973958328125 0 0.081458334375 0
1 0 0.367578125 0.053125 0.334375 0.053125 0.2875 0.065625 0.28125 0.065625 0.275 0.0322916671875 0.2625 0.0364583328125 0.25 0.007291667187500001 0.225 0.015625 0.2125 0 0.2125 0 0.367578125
1 0.078125 0.23125 0.103125 0.24375 0.0947916671875 0.271875 0.10729166718750001 0.2875 0.1697916671875 0.328125 0.1822916671875 0.371875 0.1614583328125 0.38125 0.1864583328125 0.396875 0.22395833281250002 0.39375 0.265625 0.353125 0.265625 0.35 0.24895833281250002 0.25 0.1739583328125 0.165625 0.1364583328125 0.159375 0.090625 0.19375 0.078125 0.23125
1 0 0.4197415859375 0.06979166718749999 0.478125 0.140625 0.446875 0.1614583328125 0.41875 0.1614583328125 0.415625 0.0947916671875 0.38125 0.06979166718749999 0.334375 0 0.368599759375 0 0.4197415859375
1 0.1822916671875 0.35625 0.1614583328125 0.31875 0.12395833281249999 0.3 0.0822916671875 0.3 0.053125 0.33125 0.09895833281250001 0.409375 0.12395833281249999 0.4 0.1447916671875 0.415625 0.1614583328125 0.4125 0.1822916671875 0.384375 0.1822916671875 0.35625
1 0.35 0.1250919125 0.2822916671875 0.059375 0.2364583328125 0.053125 0.19479166718750002 0.065625 0.178125 0.09375 0.178125 0.159375 0.265625 0.240625 0.35 0.22694256875000002 0.35 0.1250919125
1 0.35 0.246875 0.3114583328125 0.246875 0.27395833281250004 0.2625 0.2697916671875 0.3125 0.2947916671875 0.35625 0.35 0.36610863125000004 0.35 0.246875
1 0.35 0.3741832390625 0.2822916671875 0.371875 0.25729166718749996 0.41875 0.27395833281250004 0.465625 0.3239583328125 0.490625 0.35 0.484765625 0.35 0.3741832390625
1 0.5979056671875 0 0.5956783124999999 0.003515625 0.590233665625 0.030859375 0.56845508125 0.073828125 0.565732759375 0.09921875 0.56845508125 0.108984375 0.6147345734374999 0.134375 0.696404265625 0.16171875 0.7726293109375 0.17734375 0.7971302171875 0.159765625 0.82979809375 0.093359375 0.82979809375 0.077734375 0.8570213250000001 0.015234375 0.8570213250000001 0 0.5979056671875 0
1 0.7429703171875 0.65 0.68279265 0.581640625 0.5003970046874999 0.4234375 0.4786184203125 0.41953125 0.4568398359375 0.42734375 0.35 0.47640104218749996 0.35 0.5769769359375 0.38333711406250004 0.636328125 0.38333711406250004 0.65 0.7429703171875 0.65
1 1 0.65 1 0.507763671875 0.90057849375 0.593359375 0.8733552625 0.632421875 0.8747964921874999 0.65 1 0.65
1 1 0.0265246828125 0.9359686937500001 0.05625 0.8951338468750001 0.085546875 0.8787999093749999 0.105078125 0.8815222328125 0.1265625 0.9060231390624999 0.191015625 1 0.279415328125 1 0.0265246828125
1 1 0.2832494765625 0.90057849375 0.187109375 0.8733552625 0.116796875 0.84885435625 0.0953125 0.82979809375 0.101171875 0.808019509375 0.132421875 0.808019509375 0.148046875 0.77807395625 0.17734375 0.7508507265625 0.17734375 0.67462568125 0.1578125 0.6365131578125001 0.1421875 0.60384528125 0.13828125 0.5248979125 0.202734375 0.5140086203124999 0.222265625 0.5167309437500001 0.23203125 0.5248979125 0.253515625 0.55212114375 0.284765625 0.6637363890625 0.36484375 0.71818285 0.3921875 0.7263498187499999 0.405859375 0.7617400187500001 0.42734375 0.799852540625 0.43125 0.8325204171875 0.4234375 0.930524046875 0.415625 1 0.365779621875 1 0.2832494765625
1 0.4023933765625 0 0.3969487296875 0.0015625 0.3615585296875 0.019140625 0.35 0.0357259125 0.35 0.0792399109375 0.3615585296875 0.120703125 0.38333711406250004 0.159765625 0.3969487296875 0.16953125 0.4786184203125 0.1578125 0.538509528125 0.134375 0.5630104359375 0.112890625 0.56845508125 0.058203125 0.55212114375 0.023046875 0.5330648828125 0.009375 0.50039700625 0 0.4023933765625 0
1 0.35 0.42808024062500005 0.3915040828125 0.44296875 0.41328266718749995 0.44296875 0.4786184203125 0.415625 0.49495235937499993 0.415625 0.530342559375 0.437109375 0.582066696875 0.48203125 0.6201792203125001 0.49765625 0.6419578046875 0.49765625 0.6719033578125 0.480078125 0.7100158796875 0.421484375 0.7100158796875 0.405859375 0.68279265 0.378515625 0.6474024500000001 0.3609375 0.5412318515625 0.276953125 0.5140086203124999 0.237890625 0.5140086203124999 0.210546875 0.530342559375 0.194921875 0.5357872046875001 0.179296875 0.511286296875 0.16953125 0.43506125156250003 0.16953125 0.41328266718749995 0.1734375 0.39422640625 0.187109375 0.37789246875 0.210546875 0.37789246875 0.222265625 0.35 0.279441034375 0.35 0.42808024062500005
1 0.35 0.7966264203125 0.2911458328125 0.7765625 0.21614583281250002 0.8484375 0.14114583281249998 0.8921875 0.1328125 0.9578125 0.2182291671875 1 0.346875 1 0.35 0.9954861109375 0.35 0.7966264203125
1 0.35 0.65 0.0533168859375 0.65 0.0703125 0.6984375 0.1453125 0.7109375 0.31197916718749996 0.6890625 0.35 0.6544363843750001 0.35 0.65
1 0 0.8171875 0.0244791671875 0.8171875 0.0536458328125 0.7484375 0.0536458328125 0.7328125 0.0244791671875 0.7046875 0 0.7046875 0 0.8171875
1 0.1286458328125 0.7421875 0.0494791671875 0.7671875 0.0369791671875 0.8296875 0.0744791671875 0.8453125 0.11614583281249999 0.8859375 0.1619791671875 0.8796875 0.2078125 0.8453125 0.2078125 0.8203125 0.1953125 0.7453125 0.1286458328125 0.7421875
1 0 0.894089675 0.0494791671875 0.9328125 0.0953125 0.9546875 0.1286458328125 0.9515625 0.1286458328125 0.9296875 0.1286458328125 0.9078125 0.0869791671875 0.8609375 0.0078125 0.8265625 0 0.827734375 0 0.894089675
1 0 1 0.019965278125 1 0.0286458328125 0.9921875 0.0286458328125 0.9765625 0 0.97119140625 0 1
1 0.965034721875 1 0.9578125 0.959375 0.9328125 0.9375 0.7703125 0.9 0.7161458328125001 0.9 0.6869791671875 0.9125 0.655678353125 1 0.965034721875 1
1 0.35 0.65 0.35 0.8571455796875 0.3786458328125 0.88125 0.4328125 0.8875 0.5369791671875 0.8625 0.6119791671874999 0.834375 0.7119791671875 0.7375 0.8447377875000001 0.65 0.35 0.65
1 0.8244791671874999 0.65 0.6619791671874999 0.771875 0.6328125 0.834375 0.6494791671875 0.890625 0.6786458328125 0.91875 0.7078125 0.90625 0.7661458328124999 0.90625 0.9536458328125 0.946875 1 0.862858071875 1 0.66671875 0.9953125 0.6625 0.9586458328125002 0.65 0.8244791671874999 0.65
1 0.667534721875 1 0.6953125 0.89375 0.6494791671875 0.8375 0.5578125 0.840625 0.4453125 0.871875 0.4203125 0.921875 0.47528935156249996 1 0.667534721875 1