1 0.878125 0.6291666671875 0.828125 0.6291666671875 0.728125 0.65 0.66875 0.8125 0.665625 0.9166666671874999 0.74375 0.9791666671874999 0.775 0.9833333328125 0.821875 0.9541666671875 0.915625 0.8666666671875 0.896875 0.65 0.878125 0.6291666671875
1 0.442404821875 1 0.59375 0.9125 0.65 0.8666666671875 0.7125 0.6375 0.59375 0.3166666671875 0.54375 0.0916666671875 0.503125 0.058333332812500006 0.35 0.0416666671875 0.290625 0.075 0.196875 0.19583333281249998 0.1625 0.2125 0.11875 0.3583333328125 0 0.6160130703125 0 0.9199862875000001 0.00848355 0.9260925828125 0.03975711875 1 0.078849115625 0.9964257828124999 0.153123971875 0.9990308750000001 0.24303539062500001 0.9912159 0.297764246875 1 0.36226610625 1 0.442404821875 1
1 0.225 0.425 0.228125 0.425 0.228125 0.4375 0.23125 0.4375 0.23125 0.4458333328125 0.234375 0.4458333328125 0.234375 0.45416666718750004 0.24375 0.4625 0.24375 0.46666666718750005 0.25 0.46666666718750005 0.253125 0.475 0.2625 0.475 0.2625 0.4791666671875 0.271875 0.4791666671875 0.271875 0.475 0.29375 0.47083333281249995 0.309375 0.4458333328125 0.315625 0.4458333328125 0.321875 0.43333333281249997 0.325 0.43333333281249997 0.325 0.425 0.33125 0.42083333281249996 0.33125 0.40833333281249995 0.334375 0.40833333281249995 0.334375 0.36666666718749996 0.33125 0.36666666718749996 0.328125 0.3541666671875 0.325 0.3541666671875 0.321875 0.3416666671875 0.303125 0.3333333328125 0.303125 0.3291666671875 0.29375 0.3291666671875 0.29375 0.325 0.271875 0.325 0.271875 0.32083333281250004 0.265625 0.32083333281250004 0.265625 0.325 0.24375 0.3291666671875 0.24375 0.3333333328125 0.2375 0.3333333328125 0.234375 0.3416666671875 0.23125 0.3416666671875 0.228125 0.3625 0.225 0.3625 0.225 0.425
1 0.6015625 0 0.534375 0.07083333281250001 0.54375 0.1875 0.575 0.2875 0.684375 0.5583333328125 0.73125 0.6125 0.89375 0.6333333328124999 1 0.5083333328124999 1 0 0.6015625 0
1 1 0.9208333328125 0.9875 0.9041666671874999 0.909375 0.8791666671874999 0.83125 0.9291666671875 0.78125 1 1 1 1 0.9208333328125
1 1 0.9291666671875 0.996875 0.5 0.909375 0.6166666671875001 0.903125 0.725 0.909375 0.875 1 0.9291666671875
1 0.778125 1 0.728125 0.975 0.678125 0.925 0.634375 0.925 0.54375 0.9875 0.478125 1 0.778125 1
1 0.75 1 0.671875 0.8916666671875 0.650220746875 0.9072409046875001 0.64206695 0.9097486578125 0.618232809375 0.9264666546875 0.61196071875 0.9289742828125 0.566174096875 0.9615743828125 0.55625 1 0.75 1
1 0 0 0 0.06723485 0.003125 0.07083333281250001 0.165625 0.175 0.19375 0.175 0.303125 0.0625 0.321875 0.0125 0.32142857187499996 0 0 0
1 0.03125 1 0.028125 0.9708333328125001 0 0.9189102578125 0 1 0.03125 1
1 0 0.614527025 0.1125 0.3875 0.1625 0.225 0.15625 0.17916666718750002 0 0.0650114171875 0 0.614527025
1 0.32375 0 0.35625 0.0333333328125 0.4875 0.0625 0.546875 0.058333332812500006 0.6024739593749999 0 0.32375 0