1 0.4387609640625 0.359375 0.5385416671875001 0.3046875 0.5677083328125 0.2796875 0.559375 0.2578125 0.6010416671875001 0.2296875 0.609375 0.2359375 0.634375 0.2015625 0.634375 0.0921875 0.634375 0.0765625 0.609375 0.0640625 0.6010416671875001 0.0796875 0.5927083328125 0.0640625 0.5677083328125 0.0640625 0.446875 0.0109375 0.4135416671875 0.0078125 0.3302083328125 0.0390625 0.321875 0.0328125 0.3177083328125 0.0515625 0.2677083328125 0.0796875 0.2677083328125 0.1265625 0.196875 0.1671875 0.21354166718749998 0.2984375 0.2510416671875 0.3046875 0.259375 0.3296875 0.30809295 0.359375 0.4387609640625 0.359375
1 0.6890625 0.0847265625 0.6677083328125 0.0703125 0.6427083328125 0.0578125 0.6302083328125 0.0671875 0.609375 0.0515625 0.5802083328125 0.0640625 0.571875 0.0546875 0.5885416671875 0.0484375 0.5302083328125 0.0421875 0.546875 0.0671875 0.521875 0.1265625 0.5302083328125 0.1453125 0.5635416671875 0.1515625 0.5510416671875 0.1671875 0.5635416671875 0.1734375 0.5427083328125 0.1828125 0.5927083328125 0.1890625 0.609375 0.2328125 0.634375 0.2296875 0.6385416671875 0.2453125 0.6552083328125 0.2453125 0.6427083328125 0.2203125 0.6635416671875001 0.2078125 0.684375 0.2140625 0.6802083328124999 0.2328125 0.6890625 0.22237723125 0.6890625 0.0847265625
1 0 0 0 0.115569196875 0.009375 0.1140625 0.055208332812500004 0.0265625 0.055208332812500004 0.0078125 0.047023809374999996 0 0 0
1 0.10282738124999999 0 0.0927083328125 0.0015625 0.046875 0.0546875 0.0385416671875 0.1078125 0.071875 0.1078125 0.0802083328125 0.0359375 0.096875 0.0953125 0.1052083328125 0.0703125 0.134375 0.0703125 0.146875 0.0796875 0.1427083328125 0.1203125 0.184375 0.1453125 0.2802083328125 0.0359375 0.2802083328125 0.0265625 0.2542361109375 0 0.10282738124999999 0
1 0.6890625 0.359375 0.6890625 0.3338671875 0.6510416671875 0.2796875 0.596875 0.2921875 0.5677083328125 0.3265625 0.496875 0.3390625 0.46182598124999996 0.359375 0.6890625 0.359375
1 0 0.283333334375 0.017708332812499998 0.2921875 0.084375 0.2234375 0.084375 0.2015625 0.071875 0.1265625 0.0010416671875 0.1203125 0 0.12059659062500001 0 0.283333334375
1 0.6899305546875001 0 0.6927083328125 0.021875 0.7677083328125 0.065625 0.8427083328125 0.1375 0.934375 0.10625 1 0.060107421875 1 0.05859375 0.996875 0.05625 0.9579326921875 0 0.6899305546875001 0
1 0.7552083328125 0.359375 0.8677083328125 0.340625 0.8885416671874999 0.325 0.896875 0.33125 0.921875 0.303125 0.921875 0.278125 0.8635416671874999 0.225 0.696875 0.203125 0.6890625 0.20442708281250002 0.6890625 0.3584635421875 0.6927083328125 0.359375 0.7552083328125 0.359375
1 0.6890625 0.1714599609375 0.746875 0.16875 0.759375 0.09375 0.759375 0.06875 0.7135416671875 0.034375 0.6890625 0.03103693125 0.6890625 0.1714599609375
1 0.6890625 0.9439018484374999 0.6245519515625 0.88359375 0.5918840750000001 0.8875 0.5047697375 0.92265625 0.491158121875 0.940234375 0.48843579843749996 0.9578125 0.485713475 0.975390625 0.499325090625 0.98515625 0.5918840750000001 0.98515625 0.6191073046875 0.99296875 0.6681091203125 0.99296875 0.6890625 0.9899621578125 0.6890625 0.9439018484374999
1 0.40404378437500005 0.662890625 0.3849875234375 0.67265625 0.3822652 0.678515625 0.4176554 0.70390625 0.43943398437500003 0.67265625 0.499325090625 0.6609375 0.507492059375 0.655078125 0.5020474140625 0.639453125 0.5238259984375 0.592578125 0.5619385203125 0.545703125 0.5918840750000001 0.5359375 0.5946063968749999 0.530078125 0.499325090625 0.49296875 0.42854469218749996 0.4890625 0.4312670140625 0.537890625 0.4094884296875 0.596484375 0.4094884296875 0.651171875 0.40404378437500005 0.662890625
1 0.6890625 0.590032959375 0.6762760890624999 0.580859375 0.6463305359375 0.5359375 0.5809947828124999 0.5359375 0.5619385203125 0.545703125 0.5102143828125 0.621875 0.507492059375 0.655078125 0.526548321875 0.65703125 0.5973287203125001 0.6375 0.613662659375 0.6375 0.621829628125 0.631640625 0.6272742734375 0.604296875 0.6408858890625 0.590625 0.6844430578125 0.5984375 0.6890625 0.6006469734375 0.6890625 0.590032959375
1 0.6890625 0.5994117156250001 0.657219828125 0.590625 0.6327189203125 0.592578125 0.6191073046875 0.621875 0.61638498125 0.635546875 0.6844430578125 0.6765625 0.6890625 0.6765625 0.6890625 0.5994117156250001
1 0.4401599359375 1 0.44215630624999996 0.987109375 0.352319646875 0.9421875 0.33598570781250003 0.93828125 0.31965176875 0.9421875 0.2473357 1 0.4401599359375 1
1 0.6890625 0.7463714609375 0.681720734375 0.733203125 0.68716538125 0.678515625 0.63544124375 0.6453125 0.6027733671875 0.6375 0.43943398437500003 0.6765625 0.4312670140625 0.701953125 0.40404378437500005 0.717578125 0.4013214609375 0.72734375 0.3985991375 0.756640625 0.4094884296875 0.787890625 0.4094884296875 0.834765625 0.42582236875 0.854296875 0.4312670140625 0.885546875 0.44215630624999996 0.908984375 0.46121256875 0.92265625 0.47754650625000006 0.93046875 0.49388044531249997 0.93046875 0.5156590296875 0.91484375 0.60005104375 0.881640625 0.5891617515625 0.866015625 0.578272459375 0.811328125 0.6027733671875 0.7859375 0.6681091203125 0.76640625 0.6890625 0.7547139484375001 0.6890625 0.7463714609375
1 0.6890625 0.7609104703125 0.673553765625 0.7625 0.6027733671875 0.7859375 0.5809947828124999 0.809375 0.578272459375 0.826953125 0.5946063968749999 0.873828125 0.6082180125 0.88359375 0.629996596875 0.88359375 0.657219828125 0.9109375 0.6890625 0.9052261359374999 0.6890625 0.7609104703125
1 0.6890625 0.359375 0.3087624765625 0.359375 0.341430353125 0.37578125 0.3849875234375 0.371875 0.38770984531249997 0.397265625 0.37137590781249996 0.405078125 0.3659312609375 0.424609375 0.38770984531249997 0.440234375 0.3795428765625 0.4421875 0.37409823124999997 0.434375 0.3632089390625 0.434375 0.360486615625 0.440234375 0.376820553125 0.467578125 0.395876815625 0.4734375 0.42310004531249995 0.465625 0.4448786296875 0.465625 0.45849024531250004 0.451953125 0.45304559843750003 0.444140625 0.4666572140625 0.4421875 0.4748241828125 0.432421875 0.4721018609375 0.42265625 0.526548321875 0.40703125 0.5592161984375 0.42265625 0.6191073046875 0.41875 0.638163565625 0.401171875 0.638163565625 0.393359375 0.673553765625 0.36796875 0.6890625 0.3617872453125 0.6890625 0.359375
1 0.3991436015625 0.359375 0.3985991375 0.362109375 0.4312670140625 0.401171875 0.45032327656250004 0.41484375 0.47754650625000006 0.42265625 0.54832690625 0.39921875 0.5728278125 0.373828125 0.5728278125 0.359375 0.3991436015625 0.359375
1 0.14814541718750002 0.541796875 0.123644509375 0.575 0.123644509375 0.5828125 0.15631238593750002 0.57890625 0.186257940625 0.600390625 0.20803652499999997 0.635546875 0.202591878125 0.658984375 0.2189258171875 0.674609375 0.2134811703125 0.698046875 0.22709278593749999 0.70390625 0.3087624765625 0.68046875 0.39043216875 0.66875 0.40404378437500005 0.658984375 0.4094884296875 0.643359375 0.40404378437500005 0.616015625 0.42582236875 0.549609375 0.42582236875 0.514453125 0.4149330765625 0.483203125 0.4067661078125 0.47734375 0.37409823124999997 0.47734375 0.35504196875 0.463671875 0.346875 0.43828125 0.297873184375 0.43828125 0.167201678125 0.46171875 0.1535900640625 0.475390625 0.14814541718750002 0.541796875
1 0 0.359375 0 0.46171875 0.0310855265625 0.46171875 0.0528641109375 0.45390625 0.0746426953125 0.45390625 0.1889802625 0.43046875 0.23253743125 0.41484375 0.2570383390625 0.389453125 0.2570383390625 0.373828125 0.2434267234375 0.36015625 0.20531420156250002 0.36015625 0.204225271875 0.359375 0 0.359375
1 0 0.6265356437499999 0.0610310796875 0.565234375 0.0882543109375 0.522265625 0.071920371875 0.502734375 0.020196234375 0.465625 0 0.46852294843750003 0 0.6265356437499999
1 0.11275521718749999 0.590625 0.0909766328125 0.61015625 0.0882543109375 0.705859375 0.09369895624999999 0.729296875 0.11275521718749999 0.75078125 0.1399784484375 0.7546875 0.1917025859375 0.725390625 0.2134811703125 0.698046875 0.2134811703125 0.666796875 0.202591878125 0.655078125 0.20803652499999997 0.639453125 0.186257940625 0.600390625 0.1617570328125 0.5828125 0.1345338015625 0.5828125 0.11275521718749999 0.590625
1 0.187286371875 1 0.2434267234375 0.97734375 0.2760946 0.95 0.32509641562499997 0.93828125 0.346875 0.92265625 0.38770984531249997 0.908984375 0.38770984531249997 0.885546875 0.3659312609375 0.850390625 0.2570383390625 0.729296875 0.23253743125 0.71171875 0.21620349375 0.71171875 0.1998695546875 0.71953125 0.1780909703125 0.7390625 0.12908915625 0.7625 0.115477540625 0.772265625 0.0964212796875 0.8015625 0.0882543109375 0.799609375 0.09369895624999999 0.787890625 0.08553198749999999 0.7859375 0.0528641109375 0.80546875 0.0474194640625 0.8015625 0.04197481875 0.80546875 0.0392524953125 0.811328125 0.0610310796875 0.823046875 0.0664757265625 0.846484375 0.0828096640625 0.862109375 0.07736501875 0.920703125 0.101865925 0.934375 0.123644509375 0.934375 0.1318114796875 0.940234375 0.14270077187500002 0.994921875 0.146633015625 1 0.187286371875 1
1 0 1 0.1447878859375 1 0.1318114796875 0.944140625 0.1181998640625 0.934375 0.0909766328125 0.934375 0.07736501875 0.924609375 0.071920371875 0.912890625 0.0828096640625 0.897265625 0.0828096640625 0.869921875 0.0610310796875 0.846484375 0.0610310796875 0.838671875 0.028363203125000003 0.807421875 0.0038622953125 0.78984375 0 0.78984375 0 1
1 0.6890625 0.8811875 0.7859375 0.921875 0.8380208328125001 0.92578125 0.8666666671875 0.912109375 0.8979166671875 0.869140625 0.9135416671875 0.775390625 0.8484375 0.73046875 0.7390625 0.71484375 0.6890625 0.76418585625 0.6890625 0.8811875
1 0.6890625 0.8792295265625001 0.8015625 0.92578125 0.8432291671875 0.92578125 0.8979166671875 0.869140625 0.9135416671875 0.771484375 0.8328125 0.7265625 0.7442708328125 0.71484375 0.7 0.740234375 0.6890625 0.75343070625 0.6890625 0.8792295265625001
1 0.8588541671875 0.53515625 0.7963541671875001 0.58984375 0.8328125 0.68359375 0.8692708328125001 0.6796875 0.9291666671875 0.634765625 0.9291666671875 0.615234375 0.8822916671875 0.576171875 0.8588541671875 0.53515625
1 1 0.5120787375 0.9994791671875 0.51171875 0.9265625 0.515625 0.9291666671875 0.548828125 1 0.601953125 1 0.5120787375
1 0.6890625 0.715885415625 0.7026041671875001 0.72265625 0.7703125 0.7109375 0.8145833328125001 0.685546875 0.8145833328125001 0.634765625 0.7963541671875001 0.60546875 0.7286458328125 0.6015625 0.6890625 0.628125 0.6890625 0.715885415625
1 0.7911458328125 0.50390625 0.7234375 0.55859375 0.7338541671875001 0.59765625 0.7807291671875001 0.59765625 0.85625 0.525390625 0.8666666671875 0.498046875 0.8432291671875 0.48828125 0.7911458328125 0.50390625
1 0.8744791671875 0.51171875 0.8640625 0.52734375 0.8666666671875 0.560546875 0.9161458328125001 0.60546875 0.9473958328125001 0.6171875 0.9916666671875 0.607421875 0.9005208328125001 0.5078125 0.8744791671875 0.51171875