1 0.4796875 0.359375 0.4796875 0.2066761359375 0.4640625 0.1119791671875 0.4203125 0.061979167187499996 0.3609375 0.07864583281250001 0.1953125 0.2036458328125 0.1578125 0.2786458328125 0.1578125 0.3411458328125 0.1613407265625 0.359375 0.4796875 0.359375
1 0 0 0 0.1335416671875 0.0046875 0.1494791671875 0.0546875 0.18697916718750002 0.1296875 0.2786458328125 0.1921875 0.1994791671875 0.3484375 0.061979167187499996 0.453802084375 0 0 0
1 0 0.359375 0.121428571875 0.359375 0.1328125 0.3328125 0.1234375 0.2536458328125 0.0234375 0.1369791671875 0.0015625 0.0744791671875 0 0.075520834375 0 0.359375
1 0.4796875 0.359375 1 0.359375 1 0 0.4796875 0 0.4796875 0.359375
0 0 0.359375 0 0.538824728125 0.080078125 0.5411458328125 0.146484375 0.5802083328125001 0.177734375 0.5802083328125001 0.1953125 0.5645833328125001 0.27734375 0.4447916671875 0.30078125 0.4265625 0.33042279375 0.359375 0 0.359375
0 0.4796875 1 0.4796875 0.771820175 0.423828125 0.7130208328125001 0.396484375 0.7130208328125001 0.267578125 0.8380208328125001 0.236328125 0.8901041671875 0.1953125 0.934375 0.1779411765625 1 0.4796875 1
0 0 0.7546875 0.021484375 0.7546875 0.04296875 0.7729166671875001 0.060546875 0.7755208328125 0.140625 0.6739583328125001 0.140625 0.590625 0.123046875 0.5619791671875 0.068359375 0.5255208328125 0 0.5296638265625 0 0.7546875
1 1 0.359375 0.65 0.359375 0.65 0.36976236406249996 0.702734375 0.4051525640625 0.70859375 0.424208825 0.7046875 0.49498922343749996 0.696875 0.5222124546875 0.696875 0.55488033125 0.68125 0.6528839609375 0.68515625 0.6746625453125 0.812109375 0.786277790625 0.85703125 0.8107786984375001 0.878515625 0.802611728125 0.88828125 0.7890001140625 0.90390625 0.734553653125 0.9234375 0.690996484375 0.93125 0.663773253125 0.93125 0.64199466875 0.946875 0.6093267921875001 0.9625 0.5439910390625 0.99375 0.46776599374999994 1 0.44660965468749997 1 0.359375
1 0.65 0.359375 0.65 0.36976236406249996 0.698828125 0.394263271875 0.70859375 0.4133195328125 0.70859375 0.4732106390625 0.696875 0.533101746875 0.70078125 0.549435684375 0.68515625 0.6202160843750001 0.68515625 0.6692178999999999 0.691015625 0.6828295140625 0.76328125 0.7399982984375 0.769140625 0.742720621875 0.775 0.734553653125 0.77109375 0.7291090062500001 0.775 0.707330421875 0.7828125 0.690996484375 0.790625 0.3643177171875 0.7899157718750001 0.359375 0.65 0.359375
1 0.4796875 0.80450055 0.589453125 0.802611728125 0.632421875 0.78083314375 0.6578125 0.750887590625 0.66953125 0.7182197140625 0.68125 0.6528839609375 0.7046875 0.46776599374999994 0.7046875 0.418764178125 0.698828125 0.4051525640625 0.663671875 0.38337397968750003 0.640234375 0.38337397968750003 0.63046875 0.4350981171875 0.597265625 0.48137760937500007 0.546484375 0.48137760937500007 0.480078125 0.459599025 0.4796875 0.459599025 0.4796875 0.80450055
1 0.4796875 0.359375 0.4796875 0.45771239062499997 0.5328125 0.4732106390625 0.597265625 0.47593296249999995 0.61484375 0.46232134687500004 0.634375 0.4133195328125 0.63828125 0.375207009375 0.6420674640625 0.359375 0.4796875 0.359375
1 1 0.6682067515625001 0.941015625 0.6447169921875 0.89609375 0.7835554671875 0.878515625 0.8135010203124999 0.843359375 0.8189456671875 0.827734375 0.802611728125 0.796484375 0.7917224359375 0.7828125 0.8107786984375001 0.7671875 0.8706698046875001 0.775 0.9251162656249999 0.784765625 0.9496171734375001 0.92734375 0.9523394968750001 1 0.952853559375 1 0.6682067515625001
1 1 0.6682067515625001 0.941015625 0.6447169921875 0.93125 0.663773253125 0.93125 0.6801071921874999 0.9 0.772666175 0.878515625 0.8135010203124999 0.847265625 0.8189456671875 0.831640625 0.802611728125 0.808203125 0.7971670828125 0.800390625 0.786277790625 0.7828125 0.8053340515624999 0.7671875 0.865225159375 0.775 0.9251162656249999 0.784765625 0.9496171734375001 0.93125 0.9523394968750001 1 0.9528465109375001 1 0.6682067515625001
1 1 0.834977125 0.999609375 0.8352796046875 0.968359375 0.873392128125 0.93515625 0.9305609125000001 0.93515625 0.9414502046875001 0.944921875 0.9496171734375001 0.978125 0.9523394968750001 1 0.95278138125 1 0.834977125
1 0.4796875 0.9524940546875001 0.765234375 0.95506181875 0.77109375 0.94689485 0.77109375 0.9251162656249999 0.76328125 0.8978930359374999 0.741796875 0.8788367734375001 0.691015625 0.8516135437500001 0.640234375 0.8516135437500001 0.636328125 0.8570581890625 0.569921875 0.8625028359375001 0.542578125 0.873392128125 0.495703125 0.8788367734375001 0.4796875 0.9011598218749999 0.4796875 0.9524940546875001