1 0.68371710625 0 0.684375 0.0166666671875 0.7 0.05 0.784375 0.0875 0.871875 0.058333332812500006 0.9375 0.0125 0.941796875 0 0.68371710625 0
1 0.60733695625 0 0.628125 0.07083333281250001 0.671875 0.0416666671875 0.673713234375 0 0.60733695625 0
1 0.8625 0.7416666671875001 0.85 0.6916666671875 0.75625 0.5291666671875 0.71875 0.5083333328124999 0.721875 0.4916666671875 0.703125 0.48333333281249996 0.684375 0.44166666718750003 0.69375 0.4291666671875 0.625 0.3375 0.60625 0.3375 0.58125 0.35 0.465625 0.5166666671875 0.465625 0.6166666671875001 0.571875 0.7291666671875 0.5875 0.7166666671875 0.59375 0.675 0.615625 0.6625 0.696875 0.675 0.765625 0.7458333328125 0.8625 0.7416666671875001
1 0.775 0.5041666671875 0.828125 0.40833333281249995 0.86875 0.3791666671875 0.85625 0.3166666671875 0.83125 0.2833333328125 0.8375 0.275 0.80625 0.2416666671875 0.771875 0.2416666671875 0.76875 0.2416666671875 0.7 0.275 0.66875 0.3125 0.65 0.3083333328125 0.628125 0.3458333328125 0.659375 0.42083333281249996 0.675 0.4125 0.696875 0.47083333281249995 0.74375 0.4916666671875 0.753125 0.5166666671875 0.775 0.5041666671875
1 0.61875 0.0958333328125 0.5875 0.1416666671875 0.590625 0.2541666671875 0.61875 0.2791666671875 0.68125 0.275 0.76875 0.2208333328125 0.7625 0.10833333281249999 0.7 0.0666666671875 0.675 0.0666666671875 0.61875 0.0958333328125
1 0.996875 0.47083333281249995 0.984375 0.46666666718750005 0.978125 0.48333333281249996 0.959375 0.4583333328125 0.971875 0.4458333328125 0.925 0.4 0.8875 0.3916666671875 0.8625 0.3916666671875 0.809375 0.4458333328125 0.778125 0.5333333328125 0.790625 0.5833333328125 0.871875 0.7125 0.93125 0.6708333328125 0.990625 0.5875 0.99375 0.5708333328124999 0.978125 0.5541666671875001 0.996875 0.5375 0.996875 0.47083333281249995
1 0.978125 0.4375 0.971875 0.42083333281249996 0.95625 0.4375 0.925 0.40416666718750005 0.884375 0.3916666671875 0.865625 0.3916666671875 0.80625 0.45 0.78125 0.5041666671875 0.78125 0.5666666671875 0.865625 0.7041666671875 0.8875 0.7125 0.996875 0.5875 0.98125 0.5541666671875001 0.996875 0.5375 0.996875 0.4291666671875 0.978125 0.4375
1 0.903125 0.9958333328125001 0.996875 0.9958333328125001 0.996875 0.8958333328125001 0.9 0.7958333328125 0.896875 0.7958333328125 0.878125 0.8416666671874999 0.86875 0.9625 0.903125 0.9958333328125001
1 0.990625 0.5916666671875 0.89375 0.7208333328125 0.9125 0.7958333328125 0.99375 0.8875 0.996875 0.5916666671875 0.990625 0.5916666671875
1 0.996875 0.1875 0.965625 0.1833333328125 0.971875 0.1458333328125 0.996875 0.15 0.996875 0.058333332812500006 0.934375 0.029166667187500002 0.925 0.029166667187500002 0.778125 0.1041666671875 0.775 0.2166666671875 0.871875 0.25 0.9 0.225 0.946875 0.225 0.953125 0.1916666671875 0.978125 0.2125 0.9875 0.1916666671875 0.996875 0.2 0.996875 0.1875
1 0.953125 0.275 0.909375 0.2416666671875 0.90625 0.2416666671875 0.8375 0.25833333281250004 0.834375 0.30416666718749996 0.853125 0.3291666671875 0.859375 0.38333333281250004 0.925 0.3875 0.996875 0.3375 0.996875 0.2958333328125 0.965625 0.2833333328125 0.978125 0.275 0.953125 0.275
1 0 0 0 0.0975 0.0609375 0 0 0
1 0.069097221875 0 0.059375 0.0166666671875 0.05625 0.0333333328125 0.08125 0.0791666671875 0.165625 0.1166666671875 0.25 0.025 0.25859375 0 0.069097221875 0
1 0 0.6310897421874999 0.034375 0.6875 0.059375 0.6958333328124999 0.065625 0.7333333328125 0.196875 0.75 0.2375 0.6791666671875001 0.284375 0.6791666671875001 0.3125 0.6291666671875 0.33125 0.625 0.325 0.6166666671875001 0.35625 0.5333333328125 0.353125 0.5 0.3 0.3791666671875 0.3 0.3541666671875 0.284375 0.3458333328125 0.3 0.3375 0.2875 0.3125 0.271875 0.3125 0.1625 0.3125 0.128125 0.3375 0.134375 0.3458333328125 0.10625 0.3875 0.084375 0.3791666671875 0.059375 0.40833333281249995 0 0.5166666671875 0 0.6310897421874999
1 0.13125 0.3375 0.175 0.3541666671875 0.18125 0.40416666718750005 0.190625 0.38333333281250004 0.196875 0.3958333328125 0.2125 0.38333333281250004 0.21875 0.4166666671875 0.2375 0.425 0.296875 0.4 0.321875 0.4166666671875 0.315625 0.3583333328125 0.309375 0.375 0.3 0.36666666718749996 0.3125 0.3375 0.296875 0.3166666671875 0.30625 0.30416666718749996 0.29375 0.2791666671875 0.265625 0.2375 0.2 0.225 0.1875 0.225 0.18125 0.25 0.165625 0.2375 0.13125 0.2666666671875 0.15 0.2625 0.15625 0.2833333328125 0.14375 0.30416666718749996 0.11875 0.2916666671875 0.11875 0.3083333328125 0.134375 0.3125 0.13125 0.3375
1 0.4 0.9375 0.35625 0.8916666671875 0.3375 0.8916666671875 0.25 0.9375 0.240625 0.9958333328125001 0.378125 0.9958333328125001 0.4 0.9375
1 0.309375 0.9 0.3625 0.8541666671874999 0.384375 0.7125 0.3375 0.6666666671875 0.328125 0.6666666671875 0.21875 0.7625 0.24375 0.8041666671875 0.284375 0.8 0.29375 0.8125 0.29375 0.8416666671874999 0.26875 0.85 0.328125 0.8666666671875 0.25625 0.875 0.25625 0.9083333328125001 0.309375 0.9
1 0.353125 0.5541666671875001 0.340625 0.6166666671875001 0.346875 0.6583333328125 0.39375 0.6916666671875 0.45625 0.6333333328124999 0.459375 0.6 0.453125 0.5291666671875 0.396875 0.5166666671875 0.390625 0.5166666671875 0.353125 0.5541666671875001
1 0.45625 0.3375 0.409375 0.3375 0.403125 0.325 0.396875 0.325 0.384375 0.3583333328125 0.371875 0.3541666671875 0.346875 0.38333333281250004 0.334375 0.375 0.334375 0.43333333281249997 0.378125 0.5083333328124999 0.44375 0.5083333328124999 0.4875 0.46666666718750005 0.503125 0.4125 0.45625 0.3375
1 0.49375 0.20833333281250002 0.503125 0.22916666718749998 0.51875 0.20416666718749998 0.515625 0.1666666671875 0.475 0.125 0.471875 0.125 0.371875 0.1416666671875 0.2875 0.2166666671875 0.28125 0.2541666671875 0.315625 0.3 0.353125 0.3125 0.365625 0.2875 0.39375 0.2958333328125 0.409375 0.2833333328125 0.45 0.2208333328125 0.49375 0.20833333281250002
1 0.509375 0.4291666671875 0.6 0.32083333281250004 0.56875 0.25 0.540625 0.22916666718749998 0.5375 0.22916666718749998 0.503125 0.2958333328125 0.45625 0.32083333281250004 0.509375 0.4291666671875
1 0.478125 0.20833333281250002 0.440625 0.22916666718749998 0.421875 0.2666666671875 0.421875 0.3083333328125 0.453125 0.3375 0.53125 0.2916666671875 0.521875 0.2666666671875 0.5375 0.24583333281250003 0.534375 0.22916666718749998 0.50625 0.20833333281250002 0.478125 0.20833333281250002
1 0.709375 0.6958333328124999 0.684375 0.6791666671875001 0.66875 0.6791666671875001 0.596875 0.7166666671875 0.559375 0.7583333328124999 0.5375 0.8166666671874999 0.525 0.9291666671875 0.58125 0.9958333328125001 0.621875 0.9958333328125001 0.68125 0.9583333328125001 0.73125 0.875 0.75 0.7625 0.709375 0.6958333328124999
1 0.64375 0.9958333328125001 0.8625 0.9875 0.871875 0.9375 0.859375 0.8833333328125 0.88125 0.8708333328125001 0.875 0.8458333328125001 0.884375 0.8375 0.86875 0.7958333328125 0.8125 0.7541666671875 0.796875 0.7541666671875 0.76875 0.7583333328124999 0.7625 0.775 0.8375 0.775 0.84375 0.7958333328125 0.8125 0.8041666671875 0.8 0.7916666671875 0.79375 0.8583333328125 0.74375 0.8625 0.71875 0.9125 0.64375 0.9958333328125001
1 0 0.4931372546875 0.025 0.45 0.0375 0.3791666671875 0.071875 0.35 0.084375 0.2958333328125 0 0.23662280781249997 0 0.4931372546875
1 0 0.2185483875 0.09375 0.275 0.146875 0.2208333328125 0.159375 0.1625 0.140625 0.125 0.103125 0.0958333328125 0.04375 0.0958333328125 0.0375 0.0958333328125 0 0.1291666671875 0 0.2185483875
1 0.2671875 0 0.25 0.0375 0.18125 0.10833333281249999 0.175 0.1541666671875 0.1875 0.19583333281249998 0.215625 0.2125 0.28125 0.2125 0.3625 0.125 0.34222973125 0 0.2671875 0
1 0.36875 0 0.36875 0.0791666671875 0.384375 0.1166666671875 0.434375 0.1208333328125 0.478125 0.0958333328125 0.49375 0.0083333328125 0.491346153125 0 0.36875 0
1 0.54375 0 0.496875 0.0166666671875 0.49375 0.10833333281249999 0.540625 0.13333333281249998 0.5875 0.1166666671875 0.6125 0.0666666671875 0.5974999999999999 0 0.54375 0
1 0.453125 0.6458333328125 0.41875 0.6708333328125 0.396875 0.7125 0.3625 0.8791666671874999 0.409375 0.9416666671874999 0.49375 0.9416666671874999 0.51875 0.8833333328125 0.546875 0.7416666671875001 0.528125 0.6958333328124999 0.48125 0.6458333328125 0.453125 0.6458333328125
1 0.478125 0.9458333328125 0.459375 0.9416666671874999 0.44375 0.9416666671874999 0.409375 0.95 0.384375 0.9958333328125001 0.503125 0.9958333328125001 0.478125 0.9458333328125
1 0.084375 0.9541666671875 0.06875 0.9958333328125001 0.23125 0.9916666671875 0.24375 0.9458333328125 0.2375 0.875 0.1625 0.8625 0.140625 0.8625 0.071875 0.9291666671875 0.084375 0.9541666671875