1 0 0 0 0.6014243203125 0.0609375 0.5947916671875 0.1015625 0.5614583328125 0.1515625 0.33645833281250004 0.2703125 0.015625 0.2660511359375 0 0 0
1 0.51875 0.61875 0.51875 0.098835784375 0.4515625 0.0197916671875 0.2890625 0.040625 0.2421875 0.0947916671875 0.1328125 0.365625 0.1015625 0.465625 0.0921875 0.5822916671875 0.1267693015625 0.61875 0.51875 0.61875
1 0 0.61875 0.1275227859375 0.61875 0.1046875 0.5947916671875 0.0453125 0.590625 0 0.6006944453124999 0 0.61875
1 1 0 0.821590909375 0 0.834375 0.0375 0.88125 0.1041666671875 0.884375 0.1 1 0.019951923437499998 1 0
1 1 0.03048245625 0.96875 0.0458333328125 0.90625 0.10833333281249999 0.89375 0.1708333328125 0.925 0.24583333281250003 0.99375 0.325 1 0.32789855 1 0.03048245625
1 0.8319642859374999 0.61875 0.88125 0.475 0.928125 0.4125 0.921875 0.3875 0.765625 0.3791666671875 0.690625 0.4125 0.671875 0.48333333281249996 0.690625 0.5333333328125 0.6875 0.5833333328125 0.7111111109375 0.61875 0.8319642859374999 0.61875
1 0.5875 0.5083333328124999 0.63125 0.5208333328125 0.646875 0.5208333328125 0.66875 0.475 0.675 0.40833333281249995 0.64375 0.3458333328125 0.625 0.3375 0.553125 0.4291666671875 0.553125 0.46666666718750005 0.5875 0.5083333328124999
1 0.51875 0.61875 0.641840278125 0.61875 0.653125 0.5375 0.553125 0.49583333281249997 0.525 0.55 0.51875 0.6 0.51875 0.61875
1 0.771875 0.3416666671875 0.81875 0.36666666718749996 0.825 0.36666666718749996 0.89375 0.36666666718749996 0.9125 0.30416666718749996 0.9125 0.2666666671875 0.875 0.1583333328125 0.859375 0.1458333328125 0.828125 0.1458333328125 0.8 0.1708333328125 0.7625 0.2625 0.771875 0.3416666671875
1 0.609375 0.2 0.646875 0.2791666671875 0.653125 0.2791666671875 0.765625 0.22916666718749998 0.75 0.1375 0.7 0.0791666671875 0.6625 0.0916666671875 0.63125 0.125 0.609375 0.2
1 0.646875 0.3416666671875 0.684375 0.3958333328125 0.703125 0.3958333328125 0.7625 0.36666666718749996 0.76875 0.35 0.7625 0.275 0.746875 0.2541666671875 0.678125 0.2708333328125 0.64375 0.3125 0.646875 0.3416666671875
1 0.64375 0.3375 0.6875 0.3958333328125 0.696875 0.3958333328125 0.765625 0.3541666671875 0.759375 0.2708333328125 0.74375 0.2541666671875 0.69375 0.2625 0.64375 0.3125 0.64375 0.3375
1 1 0.61875 1 0.5033333328125 0.990625 0.48333333281249996 0.94375 0.4458333328125 0.8875 0.49583333281249997 0.8444791671875 0.61875 1 0.61875
1 0.98359375 0.61875 0.990625 0.6125 0.978125 0.5958333328125 0.9375 0.6 0.934375 0.5791666671875 0.8875 0.5583333328125 0.871875 0.5583333328125 0.84375 0.6125 0.846875 0.61875 0.98359375 0.61875
1 1 0.3493518515625 0.93125 0.32083333281250004 0.928125 0.3458333328125 0.95 0.3583333328125 0.94375 0.4125 0.953125 0.4458333328125 1 0.4875 1 0.3493518515625
1 0.436242675 1 0.46279296875 0.9886718765625 0.4841552734375 0.9417968765625 0.5097900390625 0.8089843765625 0.5097900390625 0.7621093765625 0.4841552734375 0.7464843765625 0.3837524421875 0.75234375 0.3453002921875 0.7640625 0.3324829109375 0.7796875 0.2940307609375 0.77578125 0.283349609375 0.7894531234375 0.2790771484375 0.8167968765625 0.32607421875 0.8597656234375 0.3132568359375 0.9105468765625 0.3367553703125 0.97890625 0.3880249015625 0.9828125 0.4256225578125 1 0.436242675 1
1 0.51875 0.889274553125 0.5161987296875 0.8890625 0.505517578125 0.8988281234375 0.5097900390625 0.9222656234375 0.51875 0.926816715625 0.51875 0.889274553125
1 0.017474365625 0.61875 0.0141845703125 0.6488281234375 0.035546875 0.6761718765625 0.0312744140625 0.7035156234375 0.0398193359375 0.7230468765625 0.0846801765625 0.7484375 0.1914916984375 0.7484375 0.2128540046875 0.76015625 0.2854858390625 0.76015625 0.3111206046875 0.77578125 0.3282104484375 0.77578125 0.3453002921875 0.76015625 0.3922973640625 0.74453125 0.4649291984375 0.73671875 0.454248046875 0.7152343765625 0.46011081249999997 0.61875 0.017474365625 0.61875
1 0.016255071875 0.61875 0.0141845703125 0.6214843765625 0.0141845703125 0.6488281234375 0.035546875 0.6761718765625 0.044091796875 0.7269531234375 0.0889526359375 0.7484375 0.1914916984375 0.7484375 0.2128540046875 0.76015625 0.2854858390625 0.76015625 0.2983032234375 0.771875 0.3282104484375 0.77578125 0.3431640625 0.7503906234375 0.3218017578125 0.7269531234375 0.3303466796875 0.6605468765625 0.318917846875 0.61875 0.016255071875 0.61875
1 0.3190388984375 1 0.32607421875 0.9925781234375 0.3132568359375 0.9144531234375 0.2897583015625 0.90078125 0.22353515625 0.8871093765625 0.1188598640625 0.8890625 0.029138182812500003 0.9046875 0 0.9229152953125 0 0.9664843765625001 0.031226942187500002 1 0.3190388984375 1
1 0.51875 1 0.6967451734375001 1 0.690625 0.8635123640625 0.700390625 0.8499007484375 0.727734375 0.8499007484375 0.74921875 0.8417337796875 0.7375 0.7981766109375 0.71015625 0.7709533796875 0.673046875 0.773675703125 0.622265625 0.800898934375 0.571484375 0.7954542874999999 0.559765625 0.800898934375 0.51875 0.8341366000000001 0.51875 1
1 0.51875 1 0.6967451734375001 1 0.690625 0.8635123640625 0.700390625 0.8499007484375 0.735546875 0.844456103125 0.739453125 0.8499007484375 0.74921875 0.8417337796875 0.7375 0.7981766109375 0.71015625 0.7709533796875 0.657421875 0.77912035 0.622265625 0.800898934375 0.571484375 0.7954542874999999 0.559765625 0.800898934375 0.51875 0.8341366000000001 0.51875 1
1 1 1 1 0.8861877140625 0.977734375 0.888013271875 0.966015625 0.8989025640625 0.942578125 0.9043472093750001 0.925 0.9234034703124999 0.925 1 1 1
1 0.922913615625 1 0.925 0.9941838703125001 0.925 0.9070695328125 0.9015625 0.8471784249999998 0.778515625 0.844456103125 0.755078125 0.8553453953125001 0.708203125 0.8499007484375 0.69453125 0.8580677171875 0.690625 0.8961802406249999 0.6984375 0.96151599375 0.6984375 1 0.922913615625 1
1 1 0.7745831437499999 0.99140625 0.7546194421875 0.97578125 0.738285503125 0.852734375 0.7355631812500001 0.833203125 0.7410078265625 0.8078125 0.765508734375 0.8 0.781842671875 0.8 0.809065903125 0.821484375 0.844456103125 0.891796875 0.83901145625 0.903515625 0.844456103125 0.925 0.9016248859375 0.934765625 0.90979185625 0.966015625 0.8553453953125001 0.985546875 0.844456103125 1 0.8243109125 1 0.7745831437499999