1 0.135625 0 0.115625 0.0166666671875 0.11875 0.0333333328125 0.096875 0.0166666671875 0.0875 0.054166667187499996 0.071875 0.0375 0.065625 0.05 0.078125 0.0875 0.071875 0.125 0.134375 0.1458333328125 0.171875 0.1833333328125 0.190625 0.17916666718750002 0.259375 0.1041666671875 0.2625 0.0125 0.259090909375 0 0.135625 0
1 0.22757352968750003 0.45 0.18125 0.3333333328125 0.1375 0.3166666671875 0.121875 0.3166666671875 0.046875 0.3375 0.025 0.3875 0.016727940625 0.45 0.22757352968750003 0.45
1 0.4890625 0.2479166671875 0.4875 0.2416666671875 0.428125 0.1666666671875 0.278125 0.15 0.259375 0.15 0.203125 0.2 0.190625 0.3083333328125 0.246875 0.425 0.2517361109375 0.45 0.475641025 0.45 0.4890625 0.36276041718749996 0.4890625 0.2479166671875
1 0.26796875 0 0.265625 0.1125 0.296875 0.1416666671875 0.421875 0.1458333328125 0.45625 0.0791666671875 0.459375 0.029166667187500002 0.45208333281249996 0 0.26796875 0
1 0.4890625 0.08333333281250001 0.46875 0.08333333281250001 0.4375 0.15 0.4890625 0.23322368437500002 0.4890625 0.13333333281249998 0.4875 0.13333333281249998 0.484375 0.10833333281249999 0.4890625 0.1058333328125 0.4890625 0.08333333281250001
1 0.1375 0.175 0.090625 0.1541666671875 0.084375 0.1541666671875 0.06875 0.1583333328125 0.053125 0.1916666671875 0.05625 0.3 0.15625 0.3 0.175 0.2708333328125 0.171875 0.2166666671875 0.1375 0.175
1 0.6049540203125 0.45 0.61171875 0.44057112031249995 0.61953125 0.4242371828125 0.617578125 0.40518092031249997 0.625390625 0.4106255671875 0.648828125 0.38884698281249996 0.711328125 0.377957690625 0.740625 0.3480121375 0.740625 0.2500085078125 0.7328125 0.21734063125 0.711328125 0.18195043125000002 0.695703125 0.1710611390625 0.656640625 0.1710611390625 0.637109375 0.18195043125000002 0.617578125 0.18195043125000002 0.562890625 0.203729015625 0.547265625 0.203729015625 0.51015625 0.22822992343749998 0.50625 0.282676384375 0.51015625 0.2881210296875 0.5140625 0.3806800140625 0.535546875 0.42151485937500005 0.5631964 0.45 0.6049540203125 0.45
1 0.4890625 0 0.4890625 0.0707522234375 0.566796875 0.073057509375 0.5765625 0.0540012484375 0.5828451625 0 0.4890625 0
1 1 0.45 1 0 0.65859375 0 0.65859375 0.0322226640625 0.67421875 0.0703351859375 0.740625 0.1901174 0.7484375 0.2500085078125 0.7953125 0.3806800140625 0.7953125 0.39156930624999997 0.828515625 0.4487380890625 0.833645971875 0.45 1 0.45
1 0.65859375 0 0.65859375 0.037667309375 0.6625 0.0485566015625 0.74453125 0.195562046875 0.754296875 0.19828436875 0.836328125 0.12205932343749999 0.865625 0.081224478125 0.86171875 0.04311195625 0.84883100625 0 0.65859375 0
1 0.8606608078125 0.45 0.887109375 0.4269595046875 0.9359375 0.3480121375 0.95546875 0.30445496875 0.95546875 0.2772317375 0.928125 0.168338815625 0.894921875 0.116614678125 0.867578125 0.09483609374999999 0.766015625 0.1873950765625 0.74453125 0.21734063125 0.74453125 0.239119215625 0.7875 0.369790721875 0.8258639875 0.45 0.8606608078125 0.45
1 0 1 0.36630434843750004 1 0.3953125 0.95625 0.45390625 0.8 0.45390625 0.7635416671874999 0.424609375 0.7036458328125 0.381640625 0.6671875 0.334765625 0.6567708328125 0.108203125 0.5213541671875 0.033984375 0.5161458328124999 0.00859375 0.534375 0 0.5572916671875 0 1
1 0.4890625 0.45 0.166865809375 0.45 0.178515625 0.5109375 0.229296875 0.5057291671875 0.260546875 0.47447916718750005 0.299609375 0.4848958328125 0.403125 0.64375 0.416796875 0.6463541671875 0.448046875 0.5942708328124999 0.4890625 0.60070465625 0.4890625 0.45
1 0.303515625 0.6307291671875 0.35625 0.6541666671874999 0.3796875 0.64375 0.38359375 0.6020833328124999 0.299609375 0.4848958328125 0.252734375 0.4796875 0.2390625 0.49791666718750005 0.25078125 0.5604166671875 0.303515625 0.6307291671875
1 0.9704202593750001 1 0.98671875 0.9427083328125001 0.9828125 0.8645833328125001 0.902734375 0.8046875 0.824609375 0.8098958328125001 0.79140625 0.8541666671874999 0.77578125 0.9114583328125001 0.7875 0.9947916671874999 0.7921875 1 0.9704202593750001 1
1 0.72109375 0.6875 0.81875 0.7864583328125001 0.855859375 0.7890625 0.8734375 0.7708333328125001 0.928125 0.640625 0.93203125 0.5885416671875 0.918359375 0.5598958328125 0.875390625 0.5286458328125 0.781640625 0.5130208328125 0.73671875 0.578125 0.72109375 0.6875
1 0.746484375 0.7265625 0.81875 0.7864583328125001 0.86953125 0.7760416671874999 0.93203125 0.625 0.93203125 0.5833333328125 0.875390625 0.5286458328125 0.777734375 0.5130208328125 0.7328125 0.59375 0.72109375 0.6822916671874999 0.746484375 0.7265625
1 0.777476415625 1 0.77578125 0.8802083328125001 0.758203125 0.8776041671874999 0.695703125 0.9244791671874999 0.6421241546875 1 0.777476415625 1
1 0.54140625 0.5677083328125 0.59609375 0.6302083328125 0.68984375 0.59375 0.6859375 0.5572916671875 0.641015625 0.4973958328125 0.621484375 0.4973958328125 0.582421875 0.5442708328125 0.54140625 0.5677083328125
1 0.6078125 0.6979166671874999 0.67421875 0.796875 0.69765625 0.7864583328125001 0.72890625 0.7239583328125001 0.7171875 0.65625 0.691796875 0.6119791671875 0.641015625 0.6119791671875 0.61171875 0.6302083328125 0.6078125 0.6979166671874999
1 0.51015625 0.6354166671875 0.56484375 0.703125 0.60390625 0.6927083328125001 0.60390625 0.6458333328125 0.531640625 0.5703125 0.504296875 0.5598958328125 0.49453125 0.5833333328125 0.51015625 0.6354166671875
1 0.597165178125 0.45 0.5140625 0.5260416671875 0.51796875 0.5520833328125 0.53359375 0.5625 0.566796875 0.5598958328125 0.61171875 0.5104166671875 0.6234375 0.4791666671875 0.6170036765625 0.45 0.597165178125 0.45
1 0.4890625 1 0.5453125 1 0.519921875 0.9348958328125001 0.4890625 0.9303240734374999 0.4890625 1