1 0 0.509375 0.267291665625 0.509375 0.2833333328125 0.4984375 0.2916666671875 0.4765625 0.24583333281250003 0.3484375 0.2166666671875 0.3359375 0.1625 0.3359375 0 0.3734375 0 0.509375
1 0.6390625 0.509375 0.6390625 0.2508442546875 0.5791666671875 0.3015625 0.44166666718750003 0.4671875 0.4641666671875 0.509375 0.6390625 0.509375
1 0.6390625 0 0.058437499999999996 0 0.0625 0.0609375 0.08333333281250001 0.0828125 0.2208333328125 0.1734375 0.32083333281250004 0.2703125 0.3958333328125 0.2984375 0.5 0.3234375 0.5541666671875001 0.3171875 0.6390625 0.2457507625 0.6390625 0
1 0 0.3782986109375 0.1666666671875 0.3421875 0.225 0.3421875 0.2541666671875 0.3546875 0.2833333328125 0.3265625 0.3 0.2703125 0.2708333328125 0.2078125 0.0958333328125 0.0765625 0.029166667187500002 0.0671875 0 0.07713068125 0 0.3782986109375
1 0.2375 0.3296875 0.2791666671875 0.4890625 0.43333333281249997 0.4703125 0.5125 0.3578125 0.4875 0.3078125 0.375 0.2765625 0.2833333328125 0.2734375 0.2375 0.3296875
1 1 0.1203125 0.9916666671875 0.12109375 0.9265625 0.166015625 0.9213541671875 0.212890625 0.9708333328125001 0.2578125 1 0.26167279374999997 1 0.1203125
1 0.6390625 0.4504638671875 0.6947916671875001 0.46875 0.7572916671875001 0.48046875 0.9083333328125001 0.4765625 0.9526041671875 0.443359375 0.9473958328125001 0.400390625 0.9604166671875 0.359375 0.9630208328125001 0.287109375 0.9526041671875 0.251953125 0.8953125 0.193359375 0.8119791671875 0.134765625 0.79375 0.11328125 0.7416666671875001 0.09375 0.7208333328125 0.09375 0.6390625 0.16427734375 0.6390625 0.4504638671875
1 0.9369791671875 0.154296875 0.9760416671875 0.125 0.9786458328125001 0.115234375 0.9291666671875 0.06640625 0.8328125 0.107421875 0.8640625 0.150390625 0.903125 0.18359375 0.9213541671875 0.177734375 0.9369791671875 0.154296875
1 0.6758680546875 0 0.7078125 0.044921875 0.7885416671875001 0.1015625 0.8145833328125001 0.109375 0.85625 0.09765625 0.91875 0.0625 0.8848958328125001 0.005859375 0.885797275 0 0.6758680546875 0
1 0.6390625 0 0.6390625 0.151790978125 0.7026041671875001 0.111328125 0.715625 0.078125 0.7182291671875001 0.064453125 0.6869791671875001 0.013671875 0.6767252609375001 0 0.6390625 0
1 0.6390625 0.687890625 0.625 0.69140625 0.5911458328125 0.712890625 0.5442708328125 0.767578125 0.5338541671875 0.837890625 0.6390625 0.8920419734374999 0.6390625 0.687890625
1 0 1 0.6390625 1 0.6390625 0.9595424109374999 0.6276041671875 0.904296875 0.5989583328125 0.875 0.5572916671875 0.8515625 0.5208333328125 0.84375 0.4166666671875 0.84375 0.3854166671875 0.85546875 0.28125 0.79296875 0.234375 0.7734375 0.1770833328125 0.76171875 0.1197916671875 0.76171875 0 0.793598790625 0 1
1 0 0.78515625 0.010416667187500001 0.78515625 0.109375 0.7578125 0.1380208328125 0.720703125 0.1432291671875 0.697265625 0.1614583328125 0.68359375 0.1640625 0.654296875 0.1484375 0.607421875 0.08333333281250001 0.578125 0.010416667187500001 0.5625 0 0.56827445625 0 0.78515625
1 0.051536459374999996 0.509375 0.0546875 0.556640625 0.1354166671875 0.59375 0.1614583328125 0.59375 0.1979166671875 0.578125 0.2708333328125 0.53125 0.296875 0.5234375 0.2994791671875 0.509765625 0.29910714375 0.509375 0.051536459374999996 0.509375
1 0.5703125 0.736328125 0.625 0.66796875 0.6197916671875 0.65234375 0.5807291671875 0.646484375 0.5546875 0.607421875 0.515625 0.58203125 0.4947916671875 0.578125 0.4322916671875 0.5234375 0.3333333328125 0.5234375 0.3046875 0.537109375 0.2838541671875 0.568359375 0.21614583281250002 0.619140625 0.1796875 0.666015625 0.1588541671875 0.724609375 0.1875 0.7578125 0.2604166671875 0.77734375 0.3645833328125 0.8359375 0.3802083328125 0.8359375 0.4010416671875 0.82421875 0.4479166671875 0.81640625 0.5 0.7890625 0.5703125 0.736328125
1 0.6390625 1 0.7473967781249999 1 0.750663565625 0.98046875 0.7533858890625 0.958984375 0.72888498125 0.94140625 0.6390625 0.9444749625 0.6390625 1
1 0.6390625 0.509375 0.6390625 0.7842944921875 0.6553822593749999 0.755859375 0.6798831671875 0.7421875 0.7179956890625 0.7421875 0.750663565625 0.74609375 0.8051100265625 0.76953125 0.8187216421875 0.763671875 0.8187216421875 0.751953125 0.8051100265625 0.7421875 0.77244215 0.734375 0.7479412437499999 0.712890625 0.7533858890625 0.681640625 0.7806091203125 0.619140625 0.7207180125 0.595703125 0.7152733671875 0.576171875 0.726162659375 0.552734375 0.7561082125 0.515625 0.7887760890625 0.51953125 0.8268886109375 0.53515625 0.8758904265625 0.5390625 0.8786127499999999 0.533203125 0.85370349375 0.509375 0.6390625 0.509375
1 1 0.8343266 0.9439485031249999 0.779296875 0.8704457796874999 0.7578125 0.8432225499999999 0.75390625 0.8241662890624999 0.767578125 0.7751644734375 0.818359375 0.7588305359375 0.849609375 0.7588305359375 0.869140625 0.7669975046874999 0.875 0.9684494109375 0.92578125 1 0.92901495 1 0.8343266
1 0.6390625 0.8676237890625 0.6853278125 0.875 0.750663565625 0.87109375 0.769719828125 0.822265625 0.79966538125 0.7890625 0.8023877046875001 0.779296875 0.7561082125 0.75 0.6962171046875 0.7421875 0.668993875 0.74609375 0.6499376140625001 0.763671875 0.6390625 0.7844780828125 0.6390625 0.8676237890625
1 1 0.5714809843750001 0.9902279953124999 0.5703125 0.97389405625 0.5625 0.9031136562500001 0.55078125 0.88677971875 0.54296875 0.837777903125 0.5390625 0.8214439656250001 0.54296875 0.80783235 0.556640625 0.7751644734375 0.650390625 0.7533858890625 0.689453125 0.7533858890625 0.716796875 0.77244215 0.73046875 0.8051100265625 0.73828125 0.81599931875 0.74609375 0.865001134375 0.75390625 0.8758904265625 0.76171875 0.924892240625 0.76953125 0.9412261796875001 0.77734375 0.9902279953124999 0.78515625 0.995672640625 0.78125 1 0.7843546546875 1 0.5714809843750001