1 0 0 0 0.45 0.42855113593749994 0.45 0.465625 0.3140625 0.34938108749999996 0 0 0
1 0.01875 0 0.01875 0.0015625 0 0.0051339296875 0 0.1432291671875 0.003125 0.1432291671875 0.00625 0.1515625 0.015625 0.1515625 0.015625 0.15572916718750002 0.025 0.15572916718750002 0.025 0.1515625 0.046875 0.1473958328125 0.0625 0.1223958328125 0.06875 0.1223958328125 0.075 0.1098958328125 0.078125 0.1098958328125 0.078125 0.1015625 0.084375 0.0973958328125 0.084375 0.0848958328125 0.0875 0.0848958328125 0.0875 0.0432291671875 0.084375 0.0432291671875 0.08125 0.0307291671875 0.078125 0.0307291671875 0.075 0.0182291671875 0.05625 0.0098958328125 0.05625 0.0057291671875 0.046875 0.0057291671875 0.046875 0.0015625 0.025 0.0015625 0.025 0 0.01875 0
0 0.9883475171875 0.45 0.97421875 0.4155370921875 0.97421875 0.3937585078125 0.964453125 0.38014689218750003 0.944921875 0.3747022453125 0.93125 0.36109063125 0.9078125 0.3066441703125 0.8765625 0.20864054062499998 0.884375 0.1705280171875 0.89609375 0.159638725 0.890234375 0.1405824640625 0.858984375 0.1569164015625 0.694921875 0.303921846875 0.665625 0.355645984375 0.61875 0.4155370921875 0.61875 0.4318710296875 0.6265539546875 0.45 0.9883475171875 0.45
0 1 0.33944403749999996 0.9546875 0.37197992343749997 0.96640625 0.3883138609375 0.9848464968750001 0.45 0.998099771875 0.45 1 0.4460271109375 1 0.33944403749999996
0 0.559375 0.39996210312499997 0.585546875 0.38559153749999997 0.597265625 0.38559153749999997 0.612890625 0.407370121875 0.620703125 0.407370121875 0.640234375 0.391036184375 0.665625 0.3502013390625 0.66953125 0.32297810781249997 0.6421875 0.2467530625 0.608984375 0.195028925 0.569921875 0.22225215468749998 0.559375 0.2338249234375 0.559375 0.39996210312499997
0 0.559375 0 0.559375 0.1264999609375 0.562109375 0.129693171875 0.573828125 0.1405824640625 0.603125 0.13786014062500002 0.620703125 0.129693171875 0.69296875 0.0180779265625 0.69296875 0 0.559375 0
0 0.675390625 0.20047357031250002 0.69296875 0.1977512484375 0.706640625 0.189584278125 0.737890625 0.15147175625 0.776953125 0.16236104843750002 0.808203125 0.1351378171875 0.82578125 0.11063691093750001 0.83359375 0.088858325 0.8296875 0.0725243875 0.780859375 0.015355603125 0.757421875 0.015355603125 0.741796875 0.02080025 0.718359375 0.042578834375 0.691015625 0.042578834375 0.671484375 0.053468126562499996 0.6421875 0.094302971875 0.634375 0.11608155625000001 0.61875 0.13241549531250002 0.659765625 0.189584278125 0.675390625 0.20047357031250002
0 0.714453125 0.042578834375 0.691015625 0.042578834375 0.667578125 0.058912771875000006 0.6421875 0.094302971875 0.634375 0.11608155625000001 0.61875 0.13241549531250002 0.655859375 0.189584278125 0.675390625 0.20047357031250002 0.69296875 0.1977512484375 0.714453125 0.1841396328125 0.73984375 0.1487494328125 0.70859375 0.1051922640625 0.7046875 0.0779690328125 0.714453125 0.042578834375
0 0.68515625 0.2413084171875 0.68125 0.3066441703125 0.6890625 0.312088815625 0.804296875 0.20591821718749997 0.8140625 0.19230660156249998 0.8140625 0.181417309375 0.784765625 0.16236104843750002 0.737890625 0.1569164015625 0.702734375 0.189584278125 0.6890625 0.20864054062499998 0.68515625 0.2413084171875
0 0.5212239578125 1 0.528125 0.9447916671875 0.525 0.8614583328125001 0.478125 0.7614583328125001 0.4875 0.7447916671874999 0.41875 0.6864583328125 0.4125 0.678125 0.325 0.703125 0.221875 0.7614583328125001 0.190625 0.8489583328125001 0.1981770828125 1 0.5212239578125 1
0 0 0.8493371218749999 0.053125 0.9072916671875 0.071875 0.9114583328125001 0.109375 0.8739583328125 0.171875 0.853125 0.165625 0.815625 0.178125 0.778125 0.171875 0.765625 0.15625 0.7822916671875 0.146875 0.7447916671874999 0.125 0.7614583328125001 0.128125 0.7447916671874999 0.103125 0.7239583328125001 0.128125 0.715625 0 0.6993551578125 0 0.8493371218749999
0 0.165625 0.6614583328125001 0.15 0.6489583328124999 0.15625 0.6364583328125 0.1375 0.5739583328125 0.146875 0.5447916671875 0.11875 0.5197916671875 0.096875 0.5197916671875 0.075 0.5239583328124999 0.040625 0.5614583328125 0.00625 0.6239583328125 0.00625 0.6739583328125001 0.1375 0.6822916671874999 0.165625 0.6614583328125001
0 0.45062499999999994 0.45 0.44375 0.4614583328125 0.415625 0.553125 0.4125 0.6197916671875 0.425 0.6614583328125001 0.478125 0.715625 0.525 0.690625 0.559375 0.6883333328125 0.559375 0.45426136406250006 0.553515625 0.45 0.45062499999999994 0.45
0 0.205098684375 0.45 0.15 0.5197916671875 0.14375 0.590625 0.159375 0.603125 0.209375 0.7489583328125 0.3625 0.678125 0.390625 0.6447916671875 0.4 0.603125 0.3875 0.5239583328124999 0.326484375 0.45 0.205098684375 0.45
0 0.559375 0.6947916671875 0.5375 0.6947916671875 0.4875 0.7239583328125001 0.48125 0.7572916671875 0.5125 0.8697916671874999 0.534375 0.8989583328125 0.559375 0.8989583328125 0.559375 0.6947916671875
0 0.1883112984375 1 0.190625 0.9197916671874999 0.175 0.8864583328125001 0.159375 0.8822916671875 0.153125 0.8822916671875 0.10625 0.903125 0.071875 0.9447916671875 0.06875 0.9989583328125 0.06941964375000001 1 0.1883112984375 1
0 0.042578125 0.45 0.065625 0.5114583328125 0.14375 0.515625 0.190234375 0.45 0.042578125 0.45
0 1 1 1 0.45 0.671118165625 0.45 0.670263671875 0.4511718765625 0.66171875 0.4824218765625 0.6745361328125 0.6074218765625 0.6467651359375 0.64453125 0.5869506828125 0.6484375 0.57626953125 0.6582031234375 0.5890869140625 0.7363281234375 0.601904296875 0.7558593765625 0.559375 0.7518369 0.559375 0.880090528125 0.57626953125 0.8886718765625 0.64462890625 0.9941406234375 0.645269775 1 1 1
0 1 0.6613182046875 0.9885620109375001 0.66015625 0.9906982421875 0.6777343765625 0.9800170890625001 0.69140625 0.9116577140625001 0.69921875 0.8945678703125001 0.7265625 0.7364868171875 0.734375 0.6382202140625 0.75390625 0.559375 0.7509026234375 0.559375 0.8712926750000001 0.5634521484375 0.8730468765625 0.64462890625 0.9980468765625 0.64493408125 1 1 1 1 0.8316567906250001 0.9415649421874999 0.79296875 0.909521484375 0.7558593765625 0.9116577140625001 0.7421875 0.9287475578125001 0.7578125 0.9501098640624999 0.7578125 0.9543823234375001 0.75 0.9629272453125001 0.7578125 0.9757446296874999 0.75 1 0.75 1 0.6613182046875
0 0.559375 0.7344055703125 0.5805419921875 0.7285156234375 0.567724609375 0.6503906234375 0.5784057609375 0.640625 0.6424926765625 0.640625 0.6574462890625 0.6230468765625 0.653173828125 0.5371093765625 0.6403564453125 0.4941406234375 0.6040405265625 0.4765625 0.559375 0.478604353125 0.559375 0.7344055703125
0 1 0.45 0.7919101281250001 0.45 0.7856201171875 0.4707031234375 0.789892578125 0.5566406234375 0.8091186515625001 0.578125 0.8368896484375 0.5683593765625 0.81552734375 0.5566406234375 0.8283447265625 0.5488281234375 0.81552734375 0.5449218765625 0.8283447265625 0.5371093765625 0.8283447265625 0.5175781234375 0.8027099609375 0.4785156234375 0.8176635734375001 0.47265625 0.824072265625 0.4824218765625 0.81552734375 0.4902343765625 0.8283447265625 0.4941406234375 0.8539794921875 0.5839843765625 0.8689331046875001 0.60546875 0.9244750984374999 0.625 0.9629272453125001 0.65234375 1 0.6530969750000001 1 0.45
0 1 0.45 0.792181396875 0.45 0.7856201171875 0.4667968765625 0.789892578125 0.5410156234375 0.8091186515625001 0.578125 0.8368896484375 0.5683593765625 0.8197998046875 0.5605468765625 0.8283447265625 0.5527343765625 0.8197998046875 0.5410156234375 0.8326171875 0.5371093765625 0.81552734375 0.4980468765625 0.8262084953125001 0.4921875 0.858251953125 0.5957031234375 0.8689331046875001 0.60546875 0.9244750984374999 0.625 0.9501098640624999 0.6484375 1 0.6511206671875 1 0.45
0 0.6678426109375 0.45 0.6574462890625 0.4785156234375 0.6574462890625 0.5332031234375 0.6659912109375 0.5917968765625 0.67880859375 0.6035156234375 0.78134765625 0.5488281234375 0.7855050890624999 0.45 0.6678426109375 0.45