1 0.24353553906249997 0 0.2192708328125 0.0140625 0.22760416718749998 0.0453125 0.28177083281250004 0.0984375 0.3359375 0.1140625 0.5484375 0.0234375 0.5484375 0.0203125 0.5341831140625 0 0.24353553906249997 0
1 0.1526041671875 0.2390625 0.2776041671875 0.1203125 0.2776041671875 0.1140625 0.2026041671875 0.0421875 0.1109375 0.0390625 0.0026041671875 0.1046875 0.0401041671875 0.1171875 0.0359375 0.1359375 0.0109375 0.1265625 0.0026041671875 0.1390625 0.0401041671875 0.1453125 0.0192708328125 0.1703125 0.0067708328125 0.1578125 0.0109375 0.2171875 0.1276041671875 0.2453125 0.1526041671875 0.2390625
1 0.34427083281250004 0.5796875 0.34427083281250004 0.5671875 0.3109375 0.5359375 0.2567708328125 0.5203125 0.2451854671875 0.5796875 0.34427083281250004 0.5796875
1 0.43177083281249995 0.5765625 0.5192708328125 0.4765625 0.5192708328125 0.4640625 0.47760416718750004 0.4015625 0.3776041671875 0.4203125 0.3234375 0.4734375 0.3151041671875 0.5234375 0.32760416718749996 0.5453125 0.3609375 0.5609375 0.43177083281249995 0.5765625
1 0.55 0.5796875 0.55 0.4851748515625 0.5192708328125 0.4796875 0.46510416718750003 0.5359375 0.4526041671875 0.5734375 0.4623263890625 0.5796875 0.55 0.5796875
1 0.55 0.3132161453125 0.4859375 0.3265625 0.4859375 0.3796875 0.5317708328124999 0.4546875 0.55 0.468359375 0.55 0.3132161453125
1 0 0.5796875 0.23764204531250002 0.5796875 0.2484375 0.5203125 0.2484375 0.5046875 0.21510416718749997 0.4546875 0.1692708328125 0.4265625 0.0401041671875 0.4296875 0 0.441256009375 0 0.5796875
1 0 0.5796875 0.0984375 0.5796875 0.1359375 0.5515625 0.1817708328125 0.5515625 0.1942708328125 0.5390625 0.2359375 0.5484375 0.2442708328125 0.5234375 0.2442708328125 0.5015625 0.2192708328125 0.4640625 0.15677083281249998 0.4265625 0 0.44055989531249995 0 0.5796875
1 0.4401041671875 0.3921875 0.4692708328125 0.3671875 0.4692708328125 0.3640625 0.4484375 0.3578125 0.44427083281249996 0.3046875 0.3359375 0.2109375 0.2859375 0.1953125 0.2192708328125 0.1984375 0.14010416718750002 0.2640625 0.1526041671875 0.3828125 0.3609375 0.4109375 0.4401041671875 0.3921875
1 0.2984375 0.5015625 0.3401041671875 0.4359375 0.3401041671875 0.4328125 0.3109375 0.4140625 0.2109375 0.3953125 0.15677083281249998 0.4046875 0.2442708328125 0.4734375 0.2567708328125 0.5015625 0.2984375 0.5015625
1 0 0.41635346249999994 0.11510416718750001 0.4046875 0.1359375 0.3359375 0.1359375 0.3296875 0.11927083281249999 0.2546875 0.0401041671875 0.2328125 0.0151041671875 0.2328125 0.0109375 0.2796875 0 0.28341619375 0 0.41635346249999994
1 0.5317708328124999 0.2703125 0.5401041671875 0.2578125 0.5401041671875 0.2515625 0.5317708328124999 0.1921875 0.5109375 0.1640625 0.5276041671875 0.1328125 0.5192708328125 0.0828125 0.5026041671875 0.0703125 0.45677083281249997 0.0734375 0.3776041671875 0.1171875 0.3817708328125 0.1546875 0.4234375 0.1953125 0.4526041671875 0.1953125 0.4359375 0.2328125 0.4609375 0.2265625 0.4734375 0.2421875 0.4526041671875 0.2609375 0.5317708328124999 0.2703125
1 0.55 0.43363597968749995 0.5645833328125 0.43984375 0.6036458328125 0.430078125 0.6505208328125 0.371484375 0.6114583328125 0.33828125 0.55 0.30864955312500003 0.55 0.43363597968749995
1 0.715625 0.1625 0.6791666671875001 0.178125 0.6765625 0.230859375 0.7130208328125 0.367578125 0.746875 0.40859375 0.7833333328125001 0.4125 0.8223958328125001 0.387109375 0.8223958328125001 0.359765625 0.7703125 0.199609375 0.715625 0.1625
1 0.715625 0.4828125 0.6895833328125 0.4984375 0.6869791671875001 0.527734375 0.7182291671875001 0.574609375 0.7625 0.57265625 0.7755208328125001 0.535546875 0.7494791671875001 0.492578125 0.715625 0.4828125
1 0.8979166671875 0.5796875 0.8822916671875 0.57265625 0.8385416671874999 0.5796875 0.8979166671875 0.5796875
1 0.871875 0.43984375 0.8458333328125001 0.459375 0.8432291671875 0.488671875 0.8614583328125001 0.50625 0.903125 0.51015625 0.9213541671875 0.496484375 0.9265625 0.457421875 0.9135416671875 0.44375 0.871875 0.43984375
1 1 0.24170673125 0.9682291671875 0.258203125 0.9239583328125001 0.36171875 0.95 0.38125 1 0.3582661296875 1 0.24170673125
1 0.55 0 0.55 0.0795641453125 0.5854166671875001 0.11171875 0.6583333328125 0.1078125 0.7260416671875001 0.08046875 0.8119791671875 0.008203125 0.8089962125 0 0.55 0
1 0.55 0.23022836406249997 0.5541666671875001 0.23671875 0.5958333328125 0.240625 0.6765625 0.215234375 0.66875 0.178125 0.60625 0.18984375 0.5645833328125 0.13515625 0.55 0.140625 0.55 0.23022836406249997
1 0.21753472187499998 0.5796875 0.2619791671875 0.6046875 0.3953125 0.6171875 0.47447916718750005 0.5921875 0.47864583281249995 0.5796875 0.21753472187499998 0.5796875
1 1 1 1 0.8055773921875 0.9797839156249999 0.796875 0.9498383625000001 0.775390625 0.944393715625 0.763671875 0.909003515625 0.7421875 0.8763356390624999 0.73828125 0.83550079375 0.767578125 0.8082775640625 0.806640625 0.8082775640625 0.837890625 0.7783320093749999 0.88671875 0.7756096875 0.919921875 0.7973882718749999 0.966796875 0.8191668562500001 0.994140625 0.8260271109375001 1 1 1
1 0.8206792578125001 1 0.7973882718749999 0.978515625 0.7756096875 0.931640625 0.7756096875 0.884765625 0.8028329171875 0.837890625 0.8028329171875 0.810546875 0.674883734375 0.76953125 0.65310515 0.76953125 0.647660503125 0.77734375 0.6463619890625 1 0.8206792578125001 1
1 0.8210884953124999 1 0.8191668562500001 0.998046875 0.6694390875 0.890625 0.6503828265625 0.896484375 0.647660503125 0.9296875 0.6470517859375 1 0.8210884953124999 1