1 0.690625 0.7208333328125 0.734375 0.7625 0.7875 0.7625 0.8625 0.7291666671875 0.890625 0.5041666671875 0.8875 0.42083333281249996 0.840625 0.32083333281250004 0.85 0.30416666718749996 0.78125 0.24583333281250003 0.775 0.2375 0.6875 0.2625 0.584375 0.32083333281250004 0.553125 0.40833333281249995 0.5625 0.5958333328125 0.596875 0.6666666671875 0.6 0.7041666671875 0.65 0.7125 0.69375 0.6958333328124999 0.7 0.7125 0.690625 0.7208333328125
1 0.51875 0.3416666671875 0.509375 0.30416666718749996 0.4875 0.32083333281250004 0.490625 0.30416666718749996 0.465625 0.2833333328125 0.490625 0.275 0.359375 0.25833333281250004 0.35625 0.2541666671875 0.34375 0.3 0.346875 0.3916666671875 0.415625 0.46666666718750005 0.434375 0.47083333281249995 0.471875 0.43333333281249997 0.534375 0.4125 0.528125 0.375 0.540625 0.3375 0.534375 0.325 0.51875 0.3416666671875
1 0.509375 0.1041666671875 0.48125 0.0791666671875 0.459375 0.0791666671875 0.4375 0.08333333281250001 0.403125 0.1208333328125 0.36875 0.1833333328125 0.36875 0.23333333281250002 0.5 0.2416666671875 0.528125 0.2208333328125 0.5125 0.20833333281250002 0.51875 0.19583333281249998 0.5 0.13333333281249998 0.509375 0.1041666671875
1 0.941796875 1 0.971875 0.9125 0.996875 0.8791666671874999 0.996875 0.7916666671875 0.865625 0.775 0.8625 0.7708333328125 0.8 0.8083333328125001 0.775 0.7958333328125 0.74375 0.8166666671874999 0.68125 0.9375 0.68371710625 1 0.941796875 1
1 0.484375 0.6041666671875 0.46875 0.6041666671875 0.425 0.6208333328125 0.36875 0.7625 0.365625 0.8125 0.375 0.825 0.503125 0.825 0.54375 0.8625 0.590625 0.7458333328125 0.58125 0.675 0.559375 0.625 0.484375 0.6041666671875
1 0.673713234375 1 0.675 0.9708333328125001 0.653125 0.9416666671874999 0.634375 0.9416666671874999 0.6 0.975 0.60733695625 1 0.673713234375 1
1 0.596875 0.7625 0.578125 0.8125 0.5875 0.9208333328125 0.603125 0.9416666671874999 0.671875 0.9333333328125001 0.725 0.8083333328125001 0.696875 0.7625 0.63125 0.7375 0.628125 0.7333333328125 0.596875 0.7625
1 0.93125 0.4583333328125 0.90625 0.46666666718750005 0.896875 0.4875 0.875 0.6416666671875 0.875 0.7291666671875 0.90625 0.7583333328124999 0.996875 0.7791666671875 0.996875 0.48333333281249996 0.96875 0.4916666671875 0.934375 0.4625 0.93125 0.4583333328125
1 0.81875 0 0.80625 0.0208333328125 0.778125 0.1125 0.775 0.17916666718750002 0.7875 0.2208333328125 0.840625 0.275 0.8875 0.25 0.95 0.24583333281250003 0.984375 0.19583333281249998 0.965625 0.08333333281250001 0.9375 0.025 0.903125 0 0.859375 0 0.8390625 0 0.81875 0
1 0.575 0 0.5125 0.0791666671875 0.50625 0.15 0.521875 0.1625 0.571875 0.3083333328125 0.725 0.2375 0.753125 0.20416666718749998 0.7625 0.1625 0.75 0.08333333281250001 0.68125 0 0.663541665625 0 0.575 0
1 0.0609375 1 0.1 0.9375 0.13125 0.8 0.15 0.7833333328125 0.165625 0.7916666671875 0.109375 0.75 0.071875 0.75 0 0.7193333328125 0 1 0.0609375 1
1 0.25859375 1 0.284375 0.925 0.265625 0.9291666671875 0.25 0.9083333328125001 0.275 0.9 0.26875 0.8833333328125 0.24375 0.8875 0.234375 0.875 0.24375 0.8666666671875 0.209375 0.8583333328125 0.20625 0.8541666671874999 0.18125 0.875 0.11875 0.8833333328125 0.103125 0.9416666671874999 0.069097221875 1 0.25859375 1
1 0 0 0 0.40520833281249996 0.040625 0.3916666671875 0.059375 0.3541666671875 0.09375 0.3458333328125 0.075 0.3375 0.140625 0.2791666671875 0.16875 0.225 0.1375 0.1125 0.046875 0 0.030833334375 0 0 0
1 0.346875 0.4375 0.328125 0.4375 0.178125 0.45416666718750004 0.11875 0.5291666671875 0.10625 0.5791666671875 0.13125 0.7416666671875001 0.284375 0.8708333328125001 0.3375 0.825 0.359375 0.7125 0.415625 0.5958333328125 0.403125 0.4875 0.346875 0.4375
1 0.1625 0.2541666671875 0.146875 0.3166666671875 0.15 0.36666666718749996 0.184375 0.43333333281249997 0.309375 0.4291666671875 0.340625 0.4 0.3375 0.25 0.2125 0.23333333281250002 0.196875 0.23333333281250002 0.1625 0.2541666671875
1 0.06875 0 0.06875 0.0125 0.140625 0.0875 0.196875 0.2125 0.31875 0.22916666718749998 0.3375 0.225 0.3875 0.1458333328125 0.384375 0.13333333281249998 0.425 0.0875 0.38125 0.0458333328125 0.40625 0.025 0.396875 0.0083333328125 0.340625 0 0.324632353125 0 0.06875 0
1 0 0.6987318828125 0.065625 0.7291666671875 0.11875 0.7208333328125 0.1 0.65 0.103125 0.5458333328125 0 0.5175245078125 0 0.6987318828125
1 0 0.5041666671875 0.009375 0.5 0.021875 0.5166666671875 0.109375 0.5333333328125 0.16875 0.4375 0.1375 0.3708333328125 0.1125 0.3708333328125 0.10625 0.3875 0.121875 0.3958333328125 0.11875 0.42083333281249996 0.103125 0.42083333281249996 0.08125 0.38333333281250004 0 0.4258928578125 0 0.5041666671875
1 0.9 0.2541666671875 0.85 0.2833333328125 0.84375 0.3166666671875 0.875 0.4291666671875 0.896875 0.4583333328125 0.940625 0.4583333328125 0.953125 0.44166666718750003 0.959375 0.3791666671875 0.946875 0.2791666671875 0.921875 0.2541666671875 0.9 0.2541666671875
1 0.9625 0.475 0.996875 0.475 0.996875 0.4535256421875 0.996875 0.19583333281249998 0.959375 0.2791666671875 0.95625 0.36666666718749996 0.9625 0.475
1 0.34222973125 1 0.3375 0.9708333328125001 0.315625 0.9416666671874999 0.3125 0.9416666671874999 0.284375 0.9625 0.2671875 1 0.34222973125 1
1 0.46875 0.4625 0.434375 0.5041666671875 0.43125 0.5583333328125 0.45 0.5875 0.55 0.5875 0.553125 0.4791666671875 0.5375 0.4458333328125 0.521875 0.44166666718750003 0.515625 0.44166666718750003 0.46875 0.4625
1 0.54375 0 0.403125 0.0041666671875 0.428125 0.07083333281250001 0.50625 0.075 0.559375 0 0.54375 0
1 0.491346153125 1 0.478125 0.9541666671875 0.490625 0.9416666671874999 0.49375 0.9 0.465625 0.8791666671874999 0.4625 0.8791666671874999 0.39375 0.8875 0.38125 0.9541666671875 0.36875 0.95 0.36875 1 0.491346153125 1
1 0.5974999999999999 1 0.59375 0.9833333328125 0.590625 0.9833333328125 0.54375 1 0.5974999999999999 1