1 0.484375 0.6 0.42604166718750003 0.496875 0.3385416671875 0.465625 0.1510416671875 0.475 0.0802083328125 0.509375 0.0427083328125 0.5125 0.034375 0.5625 0.0486607140625 0.6 0.484375 0.6
1 0.2802083328125 0.328125 0.2760416671875 0.346875 0.3135416671875 0.384375 0.334375 0.446875 0.371875 0.440625 0.409375 0.453125 0.421875 0.446875 0.40520833281249996 0.43125 0.4427083328125 0.421875 0.42604166718750003 0.4 0.4427083328125 0.403125 0.4635416671875 0.378125 0.471875 0.403125 0.48854166718750003 0.271875 0.4927083328125 0.26875 0.446875 0.25625 0.3552083328125 0.259375 0.2802083328125 0.328125
1 0.6 0.30130208281250004 0.5635416671875 0.28125 0.5135416671875 0.28125 0.5052083328125 0.4125 0.5260416671875 0.440625 0.5385416671875001 0.425 0.5510416671875 0.43125 0.6 0.41656250000000006 0.6 0.30130208281250004
1 0 0.5027064734375 0.0010416671875 0.503125 0.071875 0.49375 0.121875 0.471875 0.1427083328125 0.396875 0.1427083328125 0.38125 0.1260416671875 0.3375 0 0.28745404375 0 0.5027064734375
1 0.6 0.6 0.6 0.4190257359375 0.596875 0.41875 0.584375 0.434375 0.43854166718750004 0.484375 0.4920280609375 0.6 0.6 0.6
1 0.6 0 0.4204861109375 0 0.46770833281249996 0.053125 0.521875 0.08125 0.6 0.0595486109375 0.6 0
1 0 0.26519097187499996 0.034375 0.271875 0.1510416671875 0.328125 0.259375 0.315625 0.309375 0.259375 0.309375 0.240625 0.2927083328125 0.090625 0.21770833281250002 0.03125 0.1677083328125 0.01875 0.0052083328125 0.04375 0 0.049924395312499995 0 0.26519097187499996
1 0.4302083328125 0.059375 0.3802083328125 0.0625 0.3135416671875 0.096875 0.3177083328125 0.221875 0.346875 0.253125 0.496875 0.25 0.5135416671875 0.125 0.5135416671875 0.109375 0.4927083328125 0.075 0.4302083328125 0.059375
1 0.6 0.07984375 0.534375 0.109375 0.5177083328125 0.23125 0.521875 0.25 0.6 0.2993421046875 0.6 0.07984375
1 0.21770833281250002 0 0.21354166718749998 0.021875 0.309375 0.08125 0.3760416671875 0.05 0.3760416671875 0.025 0.359375 0.01875 0.35104166718749996 0.034375 0.3260416671875 0.03125 0.3260416671875 0.015625 0.35282738125 0 0.21770833281250002 0
1 0.2427083328125 0.346875 0.1885416671875 0.34375 0.159375 0.3625 0.159375 0.4625 0.2677083328125 0.465625 0.3010416671875 0.45 0.30520833281250004 0.434375 0.30520833281250004 0.428125 0.284375 0.38125 0.2427083328125 0.346875
1 1 0.046875 0.9489583328125001 0.046875 0.9229166671875 0.0625 0.8916666671875 0.125 0.9046875 0.18359375 0.9515625 0.2421875 0.9958333328125001 0.26953125 1 0.270679209375 1 0.046875
1 1 0.6 1 0.514911684375 0.9697916671875 0.484375 0.8734375 0.46484375 0.7979166671875 0.470703125 0.7484375 0.494140625 0.7145833328125 0.53125 0.7145833328125 0.6 1 0.6
1 0.6 0.38030133906249997 0.63125 0.369140625 0.678125 0.33984375 0.7171875 0.28125 0.7197916671875 0.248046875 0.7015625 0.21875 0.6494791671875 0.185546875 0.6 0.1764588640625 0.6 0.38030133906249997
1 0.6 0.4529079875 0.6130208328125 0.474609375 0.6208333328125 0.50390625 0.6442708328125 0.515625 0.725 0.513671875 0.8473958328125001 0.466796875 0.8578125 0.45703125 0.8578125 0.431640625 0.8447916671875 0.380859375 0.8083333328125001 0.353515625 0.7692708328125 0.333984375 0.709375 0.322265625 0.69375 0.322265625 0.646875 0.3515625 0.6 0.36843750000000003 0.6 0.4529079875
1 0.6 0.16584561874999998 0.61491526875 0.1676240875 0.6783833312499999 0.132252375 0.7044215625 0.070047 0.6832654796875 0.0139401 0.6832654796875 0.0066218375 0.6246795656249999 0.0358949828125 0.6 0.051175192187499996 0.6 0.16584561874999998
1 0 1 0.1662037046875 1 0.18125 0.974609375 0.18125 0.955078125 0.165625 0.931640625 0.165625 0.853515625 0.1291666671875 0.783203125 0.1109375 0.765625 0.0223958328125 0.7421875 0 0.7484263390625 0 1
1 0.3279513890625 1 0.3869791671875 0.9921875 0.43645833281249996 0.947265625 0.43125 0.900390625 0.3661458328125 0.85546875 0.1994791671875 0.83984375 0.1708333328125 0.861328125 0.1682291671875 0.89453125 0.1708333328125 0.931640625 0.20208333281250002 0.951171875 0.20729166718749997 0.966796875 0.24114583281250002 0.9921875 0.2723958328125 0.9921875 0.28975694375 1 0.3279513890625 1
1 0 0.6 0 0.7406605109375001 0.0197916671875 0.728515625 0.0302083328125 0.681640625 0.0822916671875 0.619140625 0.0822916671875 0.6 0 0.6
1 0.23072916718749997 0.64453125 0.2203125 0.63671875 0.1838541671875 0.640625 0.1421875 0.62109375 0.1057291671875 0.6171875 0.0979166671875 0.630859375 0.0614583328125 0.650390625 0.040625 0.677734375 0.0380208328125 0.71875 0.0796875 0.74609375 0.1526041671875 0.75390625 0.2125 0.728515625 0.2697916671875 0.658203125 0.2515625 0.64453125 0.23072916718749997 0.64453125
1 0.46770833281249996 0.693359375 0.44166666718750003 0.623046875 0.4078125 0.62109375 0.2776041671875 0.65625 0.21510416718749997 0.73046875 0.134375 0.759765625 0.1369791671875 0.7890625 0.1552083328125 0.822265625 0.1734375 0.83203125 0.3036458328125 0.84375 0.3505208328125 0.85546875 0.3713541671875 0.8515625 0.46770833281249996 0.748046875 0.46770833281249996 0.693359375
1 0.49375 0.884765625 0.525 0.841796875 0.42864583281249996 0.80078125 0.3791666671875 0.849609375 0.3817708328125 0.859375 0.42083333281249996 0.888671875 0.43645833281249996 0.912109375 0.4546875 0.91796875 0.49375 0.884765625
1 0.6 0.62998046875 0.5848958328125 0.6328125 0.5432291671875 0.60546875 0.5015625 0.6015625 0.45729166718750003 0.638671875 0.47291666718750003 0.740234375 0.4390625 0.796875 0.5015625 0.83203125 0.5432291671875 0.84375 0.5692708328125 0.8359375 0.6 0.8143775203124999 0.6 0.62998046875
1 1 1 1 0.6 0.9183716609375001 0.6 0.9201840125 0.9992714484375 0.9219138203125 1 1 1
1 0.6 0.6 0.6 1 0.9356316046875 1 0.9356316046875 0.6743415296874999 0.9610647406249999 0.6 0.6 0.6