1 0.56875 0 0.2888061515625 0 0.3036376953125 0.0105468765625 0.2950927734375 0.018359376562499998 0.2972290046875 0.0515625 0.2459594734375 0.03984375 0.2331420890625 0.07109375 0.1754638671875 0.0808593765625 0.2010986328125 0.1082031234375 0.1946899421875 0.11796875 0.17119140625 0.1042968765625 0.1690551765625 0.090625 0.13701171875 0.0964843765625 0.13701171875 0.1511718765625 0.1946899421875 0.18046875 0.1989624015625 0.17265625 0.20537109375 0.1941406234375 0.1220581046875 0.2 0.119921875 0.2214843765625 0.1348754890625 0.21953125 0.1498291015625 0.2488281234375 0.1776000984375 0.27421875 0.2160522453125 0.28984375 0.23955078125 0.3269531234375 0.2630493171875 0.340625 0.3271362296875 0.340625 0.3378173828125 0.3347656234375 0.3314086921875 0.32890625 0.3527709953125 0.32890625 0.3655883796875 0.309375 0.3954956046875 0.31328125 0.4382202140625 0.3015625 0.4937622078125 0.31328125 0.5450317390625 0.3640625 0.56875 0.3640625 0.56875 0
1 0.56875 0.0159316953125 0.5642578125 0.014453123437500002 0.5151245109375 0.01640625 0.4745361328125 0.0457031234375 0.470263671875 0.1355468765625 0.4852172859375 0.15703125 0.5108520515625 0.16875 0.5621215828125 0.17265625 0.56875 0.176119259375 0.56875 0.0159316953125
1 0 0 0 0.36875 0.0626708953125 0.36875 0.06865234375 0.3660156234375 0.0622436515625 0.35625 0.0558349609375 0.3621093765625 0.0515625 0.3269531234375 0.0964233390625 0.32109375 0.0857421875 0.3347656234375 0.094287109375 0.3621093765625 0.077197265625 0.3621093765625 0.0786499015625 0.36875 0.20537109375 0.36875 0.20537109375 0.2957031234375 0.1818725578125 0.278125 0.1562377921875 0.278125 0.1541015625 0.2644531234375 0.119921875 0.2410156234375 0.1348754890625 0.215625 0.1647827140625 0.215625 0.179736328125 0.2019531234375 0.17119140625 0.1707031234375 0.1605102546875 0.18046875 0.1583740234375 0.1628906234375 0.13701171875 0.1472656234375 0.13701171875 0.0339843765625 0.1562377921875 0.028125 0.1605102546875 0.04375 0.1754638671875 0.0378906234375 0.1669189453125 0.0261718765625 0.1695212625 0 0 0
1 0.043696145312500004 0 0.043017578125 0.0105468765625 0.00029296875 0.0417968765625 0.00029296875 0.05351562343750001 0.0216552734375 0.0691406234375 0.00029296875 0.0925781234375 0 0.09409598125 0 0.3240689609375 0.006701660937499999 0.32890625 0.10069580156249999 0.31328125 0.1241943359375 0.2878906234375 0.1156494140625 0.2332031234375 0.1241943359375 0.2214843765625 0.1861450203125 0.2 0.1925537109375 0.1902343765625 0.13701171875 0.1472656234375 0.1498291015625 0.0222656234375 0.1669189453125 0.0066406234375 0.1669189453125 0 0.043696145312500004 0
0 1 0.36875 1 0.15509301250000002 0.994921875 0.1425703265625 0.95 0.139848003125 0.866015625 0.1480149734375 0.842578125 0.16434891093749998 0.825 0.1942944640625 0.82890625 0.2432962796875 0.8484375 0.270519509375 0.8484375 0.319521325 0.86015625 0.36307849375 0.86015625 0.36875 1 0.36875
0 0.85625 0.36875 0.85625 0.36307849375 0.84453125 0.314076678125 0.84453125 0.270519509375 0.82890625 0.24874092499999997 0.825 0.20518375625 0.815234375 0.19157214218750002 0.787890625 0.18068285 0.7625 0.15618194218749998 0.737109375 0.175238203125 0.68046875 0.24874092499999997 0.65703125 0.29229809375000004 0.65703125 0.319521325 0.6671223953125 0.36875 0.85625 0.36875
0 0.9342122390625001 0.36875 0.934375 0.3685231390625 0.93828125 0.3521892015625 0.92265625 0.27596415625000004 0.903125 0.24874092499999997 0.885546875 0.246018603125 0.84453125 0.27596415625000004 0.84453125 0.30863203281249996 0.85625 0.36307849375 0.8590670078125001 0.36875 0.9342122390625001 0.36875
0 0.56875 0.36875 0.666964721875 0.36875 0.65703125 0.319521325 0.65703125 0.29229809375000004 0.67265625 0.2596302171875 0.729296875 0.18068285 0.75859375 0.1507372953125 0.75078125 0.139848003125 0.616015625 0.13712568125 0.60625 0.1507372953125 0.5984375 0.183405171875 0.60234375 0.210628403125 0.5984375 0.226962340625 0.575 0.2596302171875 0.56875 0.2828607078125 0.56875 0.36875
1 0 1 0.15965401875000002 1 0.165234375 0.9947916671874999 0.196484375 0.984375 0.2296875 0.9505208328125001 0.26484375 0.8776041671874999 0.2609375 0.7578125 0.24921875 0.7265625 0.24921875 0.6848958328125001 0.23359375 0.6171875 0.223828125 0.5989583328125001 0.175 0.5755208328125001 0.157421875 0.5729166671874999 0.130078125 0.59375 0.110546875 0.59375 0.055859375 0.6354166671874999 0.020703125 0.6770833328125001 0 0.6874348953125 0 1
1 0.56875 0.503177084375 0.559765625 0.4947916671875 0.520703125 0.484375 0.493359375 0.4895833328125 0.46796875 0.4713541671875 0.419140625 0.5 0.391796875 0.5052083328125 0.35859375 0.5546875 0.346875 0.6067708328125001 0.35078125 0.7369791671874999 0.409375 0.8255208328125001 0.4171875 0.8567708328125001 0.462109375 0.9114583328125001 0.532421875 0.8645833328125001 0.56875 0.8161458328125001 0.56875 0.503177084375
1 0 0.6841796875 0.024609375 0.671875 0.055859375 0.6354166671874999 0.098828125 0.6041666671874999 0.1125 0.5755208328125001 0.11640625 0.5390625 0.096875 0.5338541671875 0.10078125 0.5130208328125 0.1203125 0.4921875 0.10859375 0.4348958328125 0.083203125 0.4479166671875 0.055859375 0.3958333328125 0.0421875 0.3932291671875 0.020703125 0.3958333328125 0.001171875 0.4114583328125 0 0.412567934375 0 0.6841796875
0 0.6390625015625 0.36875 0.621875 0.37447916718749996 0.61015625 0.4369791671875 0.62578125 0.4682291671875 0.6296875 0.5567708328125 0.653125 0.5984375 0.6765625 0.7234375 0.705859375 0.7625 0.741015625 0.7572916671875 0.807421875 0.7104166671875 0.9578125 0.5411458328125 0.928515625 0.434375 0.823046875 0.4291666671875 0.780078125 0.40833333281249995 0.764453125 0.38229166718749996 0.721484375 0.4135416671875 0.6782924109375 0.36875 0.6390625015625 0.36875
0 0.6212890625 0.36875 0.60625 0.43177083281249995 0.62578125 0.4682291671875 0.6296875 0.5567708328125 0.694140625 0.7520833328125001 0.729296875 0.7625 0.807421875 0.7104166671875 0.95390625 0.5515625 0.9578125 0.5255208328125 0.936328125 0.43958333281249995 0.823046875 0.4291666671875 0.780078125 0.40833333281249995 0.764453125 0.3770833328125 0.7390625 0.3953125 0.737109375 0.4135416671875 0.721484375 0.4135416671875 0.67872869375 0.36875 0.6212890625 0.36875
0 0.56875 1 0.9332899296875 1 0.90703125 0.9369791671875 0.88359375 0.8380208328125001 0.840625 0.7807291671875001 0.780078125 0.778125 0.694140625 0.8197916671875 0.612109375 0.9083333328125001 0.56875 0.9418788578124999 0.56875 1
0 1 1 1 0.8252348859375 0.948046875 0.8510416671875 0.94609375 0.9005208328125001 0.9721202765625 1 1 1
0 1 0.6122316921875 0.98515625 0.5984375 0.951953125 0.6114583328125001 0.8953125 0.7026041671875 0.9109375 0.7651041671875 0.963671875 0.8145833328125001 1 0.7903645828125 1 0.6122316921875
0 0.56875 0.9061197921874999 0.576953125 0.8979166671875 0.66875 0.7598958328125001 0.66875 0.7130208328125001 0.62578125 0.6348958328125001 0.6296875 0.5932291671875 0.56875 0.5435763890625 0.56875 0.9061197921874999
0 0.56875 0.9061197921874999 0.576953125 0.8979166671875 0.66875 0.7598958328125001 0.66484375 0.7026041671875 0.62578125 0.6348958328125001 0.6296875 0.5932291671875 0.56875 0.5406556375 0.56875 0.9061197921874999
0 0.56875 0.6569901312499999 0.590625 0.6401041671875 0.590625 0.5984375 0.56875 0.5729166671874999 0.56875 0.6569901312499999
0 0.790625 0.36875 0.77421875 0.3796875 0.787890625 0.40833333281249995 0.869921875 0.434375 0.928515625 0.434375 0.94609375 0.41614583281249995 0.9689453125 0.36875 0.790625 0.36875