1 0 0 0 0.45 0.27119140625 0.45 0.2733276359375 0.4265625 0.2562377921875 0.4265625 0.262646484375 0.4363281234375 0.2562377921875 0.4421875 0.2476928703125 0.434375 0.2476928703125 0.44609375 0.2241943359375 0.4363281234375 0.228466796875 0.4285156234375 0.2177856453125 0.41875 0.20283203125 0.4246093765625 0.20283203125 0.3582031234375 0.1643798828125 0.2996093765625 0.1665161140625 0.28984375 0.177197265625 0.2917968765625 0.1793334953125 0.27421875 0.1857421875 0.3074218765625 0.2156494140625 0.3074218765625 0.211376953125 0.3269531234375 0.23701171875 0.3542968765625 0.219921875 0.3660156234375 0.2156494140625 0.3933593765625 0.2263305671875 0.39921875 0.2476928703125 0.38359375 0.245556640625 0.3933593765625 0.2605102546875 0.403125 0.2776000984375 0.38359375 0.28828125 0.3972656234375 0.2848884140625 0.45 0.3694580078125 0.45 0.4015014640625 0.43828125 0.4117553703125 0.45 0.486950684375 0.45 0.4890625 0.4487127984375 0.4890625 0.41681919531249995 0.4655883796875 0.43828125 0.4549072265625 0.4128906234375 0.4591796875 0.3699218765625 0.4698608390625 0.36015625 0.4890625 0.36517219375 0.4890625 0.166774553125 0.4591796875 0.1394531234375 0.4549072265625 0.1042968765625 0.4719970703125 0.0847656234375 0.4719970703125 0.06132812343750001 0.425 0.014453123437500002 0.425 0 0 0
1 0 0 0 0.45 0.145153809375 0.45 0.1558349609375 0.4480468765625 0.1558349609375 0.4285156234375 0.11951904218750001 0.42265625 0.125927734375 0.4128906234375 0.1152465828125 0.3953125 0.0960205078125 0.4050781234375 0.108837890625 0.4207031234375 0.08533935468750001 0.4265625 0.0618408203125 0.4050781234375 0.083203125 0.4089843765625 0.0703857421875 0.3816406234375 0.083203125 0.3738281234375 0.06824951093750001 0.3640625 0.03193359375 0.3660156234375 0.0490234375 0.3777343765625 0.0490234375 0.4011718765625 0.0383422859375 0.403125 0.0362060546875 0.3816406234375 0.01484375 0.3582031234375 0.03193359375 0.3621093765625 0.0276611328125 0.3425781234375 0.0725219734375 0.29765625 0.11951904218750001 0.29765625 0.1451538078125 0.2859375 0.1558349609375 0.2957031234375 0.2071044921875 0.2253906234375 0.2071044921875 0.2019531234375 0.2498291015625 0.1707031234375 0.2605102546875 0.14921875 0.2840087890625 0.1394531234375 0.3096435546875 0.057421876562499995 0.287477021875 0 0 0
1 0 0 0 0.3384395296875 0.0426147453125 0.3171875 0.0810668953125 0.27421875 0.1067016609375 0.28203125 0.1323364265625 0.27421875 0.1408813484375 0.28203125 0.1665161140625 0.27421875 0.1985595703125 0.2292968765625 0.20283203125 0.1941406234375 0.2840087890625 0.1277343765625 0.30537109375 0.0691406234375 0.296826171875 0.0222656234375 0.2702592328125 0 0 0
1 0 0.33631285312500003 0.0084350578125 0.33671875 0.0255249015625 0.32890625 0.0703857421875 0.2917968765625 0.0789306640625 0.2722656234375 0.06611328125 0.2449218765625 0.0255249015625 0.21171875 0 0.20442592187500003 0 0.33631285312500003
1 0 0.2678895625 0.0340698234375 0.26640625 0.0532958984375 0.2371093765625 0.0255249015625 0.21171875 0 0.2017171546875 0 0.2678895625
1 0.4890625 0 0.30624201875 0 0.3096435546875 0.0808593765625 0.2925537109375 0.1277343765625 0.3267333984375 0.1511718765625 0.348095703125 0.2019531234375 0.3630493171875 0.20390625 0.37373046875 0.1941406234375 0.37373046875 0.1824218765625 0.3865478515625 0.1785156234375 0.3780029296875 0.1628906234375 0.3929565421875 0.14921875 0.4185913078125 0.17265625 0.4228637703125 0.14921875 0.4591796875 0.1394531234375 0.450634765625 0.1160156234375 0.4869506828125 0.1140625 0.4890625 0.1118007 0.4890625 0
0 0.4890625 0 0.4890625 0.1890224359375 0.509765625 0.1911458328125 0.546875 0.1208333328125 0.54296875 0.021875 0.5265625 0 0.4890625 0
0 0.4890625 0.339027778125 0.515625 0.3083333328125 0.515625 0.21458333281250003 0.494140625 0.1963541671875 0.4890625 0.1963541671875 0.4890625 0.339027778125
0 0.564453125 0.3942708328125 0.69140625 0.40208333281249997 0.748046875 0.4046875 0.76171875 0.3916666671875 0.76171875 0.1572916671875 0.728515625 0.1130208328125 0.685546875 0.10260416718750001 0.615234375 0.1078125 0.552734375 0.1494791671875 0.51953125 0.209375 0.53125 0.3604166671875 0.564453125 0.3942708328125
0 0.8827380953125001 0.45 0.90234375 0.41770833281249997 0.90625 0.38125 0.884765625 0.3526041671875 0.8515625 0.3760416671875 0.854644096875 0.45 0.8827380953125001 0.45
0 1 0.3525373921875 0.939453125 0.3421875 0.92578125 0.38125 0.9609375 0.4125 1 0.410416665625 1 0.3525373921875
0 0.89453125 0.2614583328125 0.9609375 0.3447916671875 0.99609375 0.3395833328125 0.9921875 0.2666666671875 0.962890625 0.24322916718749998 0.904296875 0.23802083281250003 0.89453125 0.2614583328125
0 0.8515625 0.2822916671875 0.91015625 0.3760416671875 0.92578125 0.365625 0.93359375 0.31875 0.884765625 0.2536458328125 0.861328125 0.2484375 0.8515625 0.2822916671875
0 0.8515625 0.2822916671875 0.91015625 0.3760416671875 0.92578125 0.365625 0.93359375 0.31875 0.884765625 0.2536458328125 0.861328125 0.2484375 0.8515625 0.2822916671875
0 1 0.13290719687500002 0.958984375 0.1130208328125 0.935546875 0.1234375 0.91796875 0.1520833328125 0.921875 0.1677083328125 0.9921875 0.240625 1 0.23756127500000002 1 0.13290719687500002
0 0.8203125 0.1416666671875 0.8359375 0.1989583328125 0.853515625 0.2015625 0.8671875 0.1833333328125 0.87890625 0.0947916671875 0.857421875 0.0661458328125 0.8359375 0.0739583328125 0.8203125 0.1416666671875
0 0.8516447375 0 0.83984375 0.0427083328125 0.859375 0.06875 0.876953125 0.0713541671875 0.890625 0.0479166671875 0.85811011875 0 0.8516447375 0
0 0.779296875 0.22239583281250003 0.81640625 0.23020833281250003 0.83203125 0.225 0.83203125 0.1989583328125 0.806640625 0.1390625 0.783203125 0.1338541671875 0.76953125 0.1572916671875 0.76953125 0.20416666718749998 0.779296875 0.22239583281250003
0 0.77734375 0 0.77734375 0.0739583328125 0.8046875 0.13125 0.826171875 0.1286458328125 0.8359375 0.1 0.8419375 0 0.77734375 0
0 0.6640625 0 0.640625 0.06875 0.658203125 0.0921875 0.75390625 0.1052083328125 0.76953125 0.1 0.76953125 0 0.6640625 0
0 0.9581886578125001 0 0.9140625 0.0635416671875 0.9140625 0.0947916671875 0.9296875 0.11041666718750001 0.951171875 0.1078125 0.9921875 0.0427083328125 0.9876116078125001 0 0.9581886578125001 0
0 0.84609375 0.45 0.8515625 0.3916666671875 0.822265625 0.3526041671875 0.802734375 0.3526041671875 0.77734375 0.40729166718750004 0.8025111609375 0.45 0.84609375 0.45
0 0.84609375 0.45 0.8515625 0.3916666671875 0.822265625 0.3526041671875 0.802734375 0.3526041671875 0.77734375 0.40729166718750004 0.8025111609375 0.45 0.84609375 0.45
0 0.4890625 0.45 0.7037860578125 0.45 0.70703125 0.44375 0.701171875 0.4203125 0.681640625 0.40989583281249997 0.4890625 0.419965278125 0.4890625 0.45
0 0 1 0.1623697921875 1 0.1578125 0.9635416671874999 0.0921875 0.9135416671875 0.0015625 0.896875 0 0.8989583328125 0 1
0 0.2453125 0.7802083328125 0.2078125 0.734375 0.2015625 0.734375 0.1359375 0.7635416671874999 0.0609375 0.834375 0.1046875 0.9135416671875 0.1421875 0.9427083328125001 0.1703125 0.9427083328125001 0.2703125 0.859375 0.2453125 0.7802083328125
0 0.4890625 0.724851190625 0.4765625 0.684375 0.3984375 0.559375 0.3390625 0.5677083328125 0.3046875 0.5302083328125 0.2984375 0.5302083328125 0.2640625 0.5385416671875001 0.2546875 0.559375 0.2671875 0.6177083328124999 0.2484375 0.7510416671875 0.2765625 0.8010416671874999 0.2765625 0.834375 0.3703125 0.846875 0.4890625 0.7619156499999999 0.4890625 0.724851190625
0 0.4012152765625 1 0.4109375 0.9927083328125 0.4140625 0.959375 0.3921875 0.871875 0.3078125 0.8552083328125001 0.2890625 0.8552083328125001 0.2015625 0.9427083328125001 0.2205193015625 1 0.4012152765625 1
0 0 0.45 0 0.5375 0.0109375 0.5302083328125 0.0140625 0.459375 0.00984375 0.45 0 0.45
0 0.1703125 0.584375 0.1515625 0.5677083328125 0.1484375 0.571875 0.1453125 0.6135416671875 0.1640625 0.6135416671875 0.1703125 0.584375
0 0.1359375 0.5927083328125 0.1203125 0.5927083328125 0.1046875 0.5927083328125 0.0890625 0.6052083328125 0.0953125 0.634375 0.1390625 0.621875 0.1359375 0.5927083328125
0 0.4890625 0.45 0.35516826875 0.45 0.3640625 0.48854166718750003 0.4546875 0.621875 0.4859375 0.6052083328125 0.4890625 0.6002083328125 0.4890625 0.45
0 0.74375 0.5833333328125 0.6875 0.5333333328125 0.678125 0.5333333328125 0.6 0.6083333328125 0.58125 0.65 0.61875 0.7208333328125001 0.646875 0.7458333328125001 0.678125 0.8208333328125 0.69375 0.8291666671875 0.75625 0.7291666671874999 0.74375 0.6916666671874999 0.74375 0.5833333328125
0 0.8428308828125001 0.45 0.859375 0.5125 0.89375 0.5666666671875 0.940625 0.5458333328125 0.978125 0.4916666671875 0.9875 0.45 0.8428308828125001 0.45
0 0.6796875 1 0.7 0.9958333328125001 0.71875 0.9708333328125001 0.70625 0.9 0.675 0.8583333328125 0.66875 0.8583333328125 0.665625 0.8875 0.596875 0.9208333328125 0.55 0.9666666671874999 0.565625 1 0.6796875 1
0 0.4890625 0.8746408046875 0.578125 0.8541666671874999 0.634375 0.8083333328125001 0.55625 0.6916666671874999 0.5625 0.675 0.55 0.6625 0.54375 0.6625 0.496875 0.7416666671875 0.4890625 0.7833333328125001 0.4890625 0.8537037046875 0.490625 0.8541666671874999 0.4890625 0.8557291671874999 0.4890625 0.8746408046875