1 0 0 0 0.4796875 0.209375 0.4796875 0.209375 0.0381551109375 0.1530228359375 0 0 0
1 0 0 0 0.4796875 0.209375 0.4796875 0.209375 0.037926865625 0.1509733296875 0 0 0
1 0 0 0 0.4796875 0.209375 0.4796875 0.209375 0.0355712890625 0.1524609375 0 0 0
1 0 0.0863525390625 0.0425781234375 0.0863525390625 0.0542968765625 0.0948974609375 0.0660156234375 0.0778076171875 0.050390623437500004 0.0692626953125 0.0464843765625 0.0778076171875 0.030859376562500002 0.07353515625 0.025 0.06285400468749999 0.0464843765625 0.0564453125 0.050390623437500004 0.064990234375 0.071875 0.0414916984375 0 0.0379717015625 0 0.0863525390625
1 0 0.31279296875 0.0191406234375 0.31279296875 0.02890625 0.3234741203125 0.025 0.3448364265625 0.0113281234375 0.34697265625 0.00546875 0.3619262703125 0.0328125 0.3576538078125 0.01328125 0.3918334953125 0.0347656234375 0.44951171875 0.0894531234375 0.41533203125 0.13046875 0.3704711921875 0.11875 0.3234741203125 0.1421875 0.2892944328125 0.1421875 0.2465698234375 0.0972656234375 0.2059814453125 0.09140625 0.2123901359375 0.0875 0.1525756828125 0.05625 0.1525756828125 0.06015625 0.12266845781249999 0.050390623437500004 0.10771484375 0 0.10531855000000001 0 0.31279296875
1 0.209375 0 0.209375 0.188837225 0.24185571718749999 0.18671875 0.2581896546875 0.19453125 0.2799682390625 0.19453125 0.3071914703125 0.20625 0.3235254078125 0.20625 0.383416515625 0.159375 0.43514065312499994 0.130078125 0.5516949703125 0 0.209375 0
1 1 0.05390625 0.9768829406249999 0.05390625 0.8843239562499999 0.0734375 0.79720961875 0.08515625 0.7699863890625 0.09296875 0.7509301265625 0.106640625 0.7482078046875 0.1203125 0.7645417421875 0.13203125 0.82443285 0.1359375 0.8489337562500001 0.161328125 0.8489337562500001 0.176953125 0.83259981875 0.196484375 0.8380444640625001 0.219921875 0.83259981875 0.235546875 0.8053765875 0.274609375 0.8053765875 0.309765625 0.8298774953125001 0.31953125 0.9115471875000001 0.315625 0.95510435625 0.35859375 1 0.34980912656249996 1 0.05390625
1 0.875249546875 0.4796875 0.8897686031250001 0.46796875 0.906102540625 0.46796875 0.9306034484375001 0.454296875 0.9414927406250001 0.419140625 0.9414927406250001 0.380078125 0.9469373859375001 0.376171875 0.933325771875 0.36640625 0.8407667875 0.37421875 0.82443285 0.378125 0.8026542656250001 0.39375 0.7536524499999999 0.3703125 0.7209845734375 0.37421875 0.680149728125 0.399609375 0.6202586203125 0.454296875 0.6098497375 0.4796875 0.875249546875 0.4796875
1 0.8723457343749998 0.4796875 0.8761569874999999 0.466015625 0.8080989109375001 0.39375 0.7536524499999999 0.37421875 0.7209845734375 0.37421875 0.6747050812500001 0.403515625 0.6257032671875 0.450390625 0.614813975 0.462109375 0.60915991875 0.4796875 0.8723457343749998 0.4796875
1 0.209375 0.3373692109375 0.269078946875 0.33125 0.29630217812500004 0.3234375 0.31535843906250005 0.309765625 0.34802631562499997 0.255078125 0.3534709625 0.231640625 0.34802631562499997 0.223828125 0.28541288593749997 0.1984375 0.23641107031250003 0.18671875 0.209375 0.19059814375 0.209375 0.3373692109375
1 0.3534709625 0.239453125 0.3180807625 0.30390625 0.3180807625 0.315625 0.3670825765625 0.3390625 0.3943058078125 0.35078125 0.41608439218750004 0.346875 0.5168103453125 0.255078125 0.544033575 0.216015625 0.4923094375 0.1828125 0.41608439218750004 0.15546875 0.3888611609375 0.159375 0.34802631562499997 0.184765625 0.33169237812499996 0.204296875 0.33169237812499996 0.212109375 0.3534709625 0.227734375 0.3534709625 0.239453125
1 0.34530399218749996 0.3390625 0.3235254078125 0.3546875 0.32624773124999995 0.399609375 0.3534709625 0.466015625 0.3670825765625 0.47578125 0.42152903750000004 0.47578125 0.4296960078125 0.466015625 0.418806715625 0.458203125 0.418806715625 0.442578125 0.43514065312499994 0.419140625 0.5168103453125 0.360546875 0.5168103453125 0.344921875 0.50047640625 0.321484375 0.48686479062500004 0.31171875 0.46508620624999997 0.31171875 0.4106397453125 0.35078125 0.3943058078125 0.35078125 0.3670825765625 0.3390625 0.34530399218749996 0.3390625
1 0.609369328125 0.4796875 0.6202586203125 0.454296875 0.680149728125 0.399609375 0.680149728125 0.387890625 0.62298094375 0.35078125 0.5467558984374999 0.34296875 0.4569192375 0.399609375 0.42152903750000004 0.440625 0.4242513609375 0.462109375 0.44548548125 0.4796875 0.5086433749999999 0.4796875 0.530421959375 0.471875 0.5522005437499999 0.471875 0.559978609375 0.4796875 0.609369328125 0.4796875
1 0.609369328125 0.204296875 0.601202359375 0.221875 0.5984800359375 0.251171875 0.609369328125 0.262890625 0.69376134375 0.33515625 0.7209845734375 0.3390625 0.8108212343750001 0.266796875 0.8380444640625001 0.212109375 0.8162658796875 0.180859375 0.7590970968749999 0.13984375 0.7427631578125 0.13203125 0.7209845734375 0.13203125 0.609369328125 0.204296875
1 0.7509301265625 0.360546875 0.7373185125 0.3625 0.7699863890625 0.38203125 0.79720961875 0.38984375 0.8135435578125 0.38984375 0.8189882031250001 0.38203125 0.8462114343749999 0.37421875 0.8734346640624999 0.37421875 0.8870462796874999 0.368359375 0.8816016328125 0.352734375 0.862545371875 0.3390625 0.8353221421875 0.32734375 0.79720961875 0.31953125 0.7808756812500001 0.31953125 0.76181941875 0.333203125 0.7509301265625 0.360546875
1 1 0.430898628125 0.9877722328124999 0.42109375 0.9496597093750001 0.40546875 0.9414927406250001 0.411328125 0.9306034484375001 0.458203125 0.9115471875000001 0.46796875 0.8843239562499999 0.471875 0.877064428125 0.4796875 0.9914019968750001 0.4796875 1 0.47704380625000004 1 0.430898628125
1 0.6273366593749999 0 0.6039246828125 0.016796875 0.5767014515625 0.048046875 0.5875907437500001 0.087109375 0.5494782218750001 0.118359375 0.5413112515625 0.13203125 0.5385889296874999 0.149609375 0.5494782218750001 0.165234375 0.6066470046875001 0.20625 0.62298094375 0.190625 0.644759528125 0.1828125 0.6855943734375 0.153515625 0.696483665625 0.133984375 0.696483665625 0.106640625 0.71826225 0.083203125 0.723706896875 0.067578125 0.723706896875 0.044140625 0.6720263156249999 0 0.6273366593749999 0
1 0.5549228671875 0.110546875 0.5413112515625 0.13203125 0.5385889296874999 0.149609375 0.5494782218750001 0.169140625 0.6066470046875001 0.20625 0.62298094375 0.190625 0.644759528125 0.1828125 0.680149728125 0.157421875 0.696483665625 0.133984375 0.696483665625 0.110546875 0.6610934671875001 0.1203125 0.6338702359374999 0.11640625 0.5903130671875 0.08515625 0.5549228671875 0.110546875
1 0.5331442828125 0.020703125 0.42697368437499994 0.1359375 0.4324183296875 0.14375 0.4977540828125 0.13984375 0.530421959375 0.1359375 0.5494782218750001 0.122265625 0.5821460984375 0.087109375 0.5767014515625 0.040234375 0.557645190625 0.0109375 0.5467558984374999 0.0109375 0.5331442828125 0.020703125
1 0.209375 0.4796875 0.0061458328125 0.4796875 0 0.49564302812500005 0 0.5678267046875 0.0390625 0.62109375 0.1171875 0.65234375 0.209375 0.66298076875 0.209375 0.4796875
1 1 0.6182915578125 0.9858779484374999 0.626171875 0.8987636109375 0.716015625 0.8606510890625 0.743359375 0.8361501812500001 0.7765625 0.8334278578125 0.798046875 0.8470394734374999 0.80390625 0.87970735 0.784375 0.9178198734375 0.7765625 0.9777109796874999 0.7765625 1 0.7925537109375 1 0.6182915578125
1 1 0.78935546875 0.9777109796874999 0.7765625 0.95048775 0.77265625 0.87970735 0.784375 0.8552064421875001 0.801953125 0.8334278578125 0.829296875 0.8143715968749999 0.878125 0.8116492734375 0.891796875 0.8279832125000001 0.923046875 0.87970735 0.9484375 0.9069305812499999 0.95625 0.9178198734375 0.95234375 1 0.95234375 1 0.78935546875
1 1 0.4796875 0.9668216874999999 0.4796875 0.9123752265625 0.51875 0.8252608890625 0.56171875 0.798037659375 0.56171875 0.7871483671874999 0.55390625 0.74903584375 0.5578125 0.7245349359375 0.583203125 0.7163679671875001 0.61640625 0.71364564375 0.630078125 0.7218126140625001 0.64375 0.7599251359375 0.66328125 0.8524841203125 0.72578125 0.87970735 0.72578125 0.9695440109375 0.633984375 0.9994895640625 0.6125 1 0.6123779296875 1 0.4796875
1 0.5911411078125 0.78828125 0.5475839390624999 0.79609375 0.544861615625 0.934765625 0.553028584375 0.94453125 0.5639178765625 0.9484375 0.710923321875 0.9484375 0.7381465515625 0.94453125 0.762647459375 0.930859375 0.7572028125 0.907421875 0.7463135203125 0.895703125 0.7463135203125 0.876171875 0.7680921046875 0.833203125 0.7680921046875 0.770703125 0.7599251359375 0.75703125 0.73270190625 0.74921875 0.6346982765625 0.74921875 0.5911411078125 0.78828125
1 0.9112862968750001 1 0.9205421953125 0.993359375 0.9150975500000001 0.958203125 0.8851519968750001 0.95234375 0.8470394734374999 0.9328125 0.7817037203125 0.93671875 0.770814428125 0.92890625 0.754480490625 0.940625 0.7218126140625001 0.9484375 0.7245349359375 0.981640625 0.7381465515625 0.9953125 0.74903584375 1 0.9112862968750001 1
1 0.3017970578125 0.4796875 0.32707577187500003 0.505078125 0.32707577187500003 0.516796875 0.36246597031250005 0.5265625 0.42780172343749995 0.5265625 0.4713588921875 0.503125 0.4958598 0.481640625 0.4954060796875 0.4796875 0.3017970578125 0.4796875
1 0.209375 0.9916934546875 0.26990698750000003 0.9953125 0.3107418328125 0.966015625 0.3542990015625 0.915234375 0.3760775859375 0.872265625 0.392411525 0.856640625 0.3978561703125 0.833203125 0.41419010937500006 0.813671875 0.4250794015625 0.786328125 0.4359686937499999 0.778515625 0.4849705078125 0.700390625 0.4849705078125 0.680859375 0.45230263125 0.633984375 0.39513384687499997 0.6046875 0.31346415624999996 0.58125 0.209375 0.542132665625 0.209375 0.9916934546875
1 0.209375 0.9916934546875 0.26990698750000003 0.9953125 0.3161864796875 0.962109375 0.3760775859375 0.883984375 0.4250794015625 0.790234375 0.47952586250000007 0.712109375 0.4849705078125 0.676953125 0.45230263125 0.633984375 0.4060231390625 0.60859375 0.209375 0.5399579015625 0.209375 0.9916934546875
1 0.430524046875 0.540234375 0.4060231390625 0.5890625 0.4033008171875 0.602734375 0.46319192343750004 0.641796875 0.47952586250000007 0.661328125 0.4904151546875 0.688671875 0.553028584375 0.71015625 0.5748071687499999 0.7296875 0.6183643375 0.73359375 0.6564768609375 0.72578125 0.6809777671874999 0.712109375 0.7027563515625 0.622265625 0.7027563515625 0.594921875 0.6945893828124999 0.58515625 0.6673661531249999 0.5890625 0.6374205984375 0.567578125 0.6210866609375 0.540234375 0.6156420140625001 0.508984375 0.6020304 0.49921875 0.5748071687499999 0.49140625 0.536694646875 0.49140625 0.48224818437499994 0.49921875 0.430524046875 0.540234375
1 0.209375 0.7885940437500001 0.3025748640625 0.815625 0.357021325 0.84296875 0.38968920156250003 0.83515625 0.4033008171875 0.825390625 0.4849705078125 0.700390625 0.4849705078125 0.676953125 0.46319192343750004 0.653515625 0.46319192343750004 0.645703125 0.44413566250000003 0.628125 0.39513384687499997 0.6046875 0.26990698750000003 0.565625 0.21546052656249998 0.5421875 0.209375 0.541314290625 0.209375 0.7885940437500001
1 0.209375 1 0.37074183281249995 1 0.36518829375 0.993359375 0.3461320328125 0.940625 0.264462340625 0.99921875 0.21001587968750002 0.9953125 0.209375 0.995036621875 0.209375 1
1 0.209375 0.993244425 0.24268375625 0.99921875 0.2807962796875 0.99140625 0.3379650640625 0.938671875 0.3978561703125 0.841015625 0.36246597031250005 0.83515625 0.34885435625000005 0.841015625 0.34885435625000005 0.856640625 0.32707577187500003 0.907421875 0.291685571875 0.95234375 0.25901769531249996 0.95234375 0.23179446406249998 0.940625 0.209375 0.9379442000000001 0.209375 0.993244425
1 0.6901169953124999 0.4796875 0.7027563515625 0.489453125 0.7599251359375 0.54609375 0.776259075 0.5421875 0.8170939203125 0.512890625 0.8116492734375 0.485546875 0.813691015625 0.4796875 0.6901169953124999 0.4796875
1 0.640142921875 0.4796875 0.6428652453125 0.485546875 0.6210866609375 0.505078125 0.6210866609375 0.516796875 0.6374205984375 0.559765625 0.648309890625 0.575390625 0.6673661531249999 0.58515625 0.683700090625 0.58515625 0.7163679671875001 0.5734375 0.754480490625 0.55 0.7817037203125 0.55 0.8034823046875001 0.56171875 0.8307055359375 0.5578125 0.901485934375 0.52265625 0.9587152140625002 0.4796875 0.640142921875 0.4796875
1 0.8188263078125001 0.4796875 0.8143715968749999 0.49140625 0.8170939203125 0.505078125 0.8470394734374999 0.52265625 0.9069305812499999 0.51875 0.9588446484375 0.4796875 0.8188263078125001 0.4796875
1 0.640142921875 0.7296875 0.6292536296875 0.74140625 0.6346982765625 0.74921875 0.73270190625 0.74921875 0.7599251359375 0.75703125 0.7680921046875 0.770703125 0.7680921046875 0.809765625 0.776259075 0.815625 0.7925930125 0.815625 0.8225385656250002 0.805859375 0.8279832125000001 0.774609375 0.8606510890625 0.731640625 0.7163679671875001 0.63984375 0.7027563515625 0.649609375 0.691867059375 0.673046875 0.6809777671874999 0.716015625 0.6673661531249999 0.72578125 0.640142921875 0.7296875
1 0.5186910156250001 1 0.5503062609375 0.973828125 0.53941696875 0.926953125 0.517638384375 0.895703125 0.49858212343749997 0.8859375 0.46046960000000003 0.88984375 0.4060231390625 0.90546875 0.357021325 0.93671875 0.3542990015625 0.966015625 0.3700884765625 1 0.5186910156250001 1