1 0.1546875 0.2692260734375 0.1371093765625 0.309814453125 0.19375 0.3973999015625 0.2015625 0.4529418953125 0.2308593765625 0.455078125 0.271875 0.3973999015625 0.3109375 0.3034057609375 0.31484375 0.2649536140625 0.30703125 0.2307739265625 0.2816406234375 0.1944580078125 0.2074218765625 0.1944580078125 0.1546875 0.2692260734375
1 0 0 0 0.1688232421875 0.0472656234375 0.1688232421875 0.0824218765625 0.1260986328125 0.13320312343750002 0.11328125 0.15078125 0.059875489062499995 0.13125 0.017150879687500002 0.115569196875 0 0 0
1 0.1546875 0.059875489062499995 0.1449218765625 0.0919189453125 0.14296875 0.1111450203125 0.1625 0.1453247078125 0.1996093765625 0.1859130859375 0.2152343765625 0.190185546875 0.2933593765625 0.1859130859375 0.3265625 0.0983276359375 0.3167968765625 0.0833740234375 0.2738281234375 0.070556640625 0.17226562343750002 0.053466796875 0.1546875 0.059875489062499995
1 0.1546875 0.059875489062499995 0.1449218765625 0.0919189453125 0.15078125 0.1282348640625 0.18789062343750002 0.1773681640625 0.21132812343750002 0.190185546875 0.2894531234375 0.190185546875 0.31484375 0.1453247078125 0.3265625 0.0983276359375 0.3167968765625 0.0833740234375 0.2621093765625 0.0662841796875 0.1683593765625 0.053466796875 0.1546875 0.059875489062499995
1 0.409375 0 0.115484921875 0 0.1683593765625 0.053466796875 0.2542968765625 0.0577392578125 0.3128906234375 0.0833740234375 0.3402343765625 0.0833740234375 0.3949218765625 0.0406494140625 0.409375 0.0386734015625 0.409375 0
1 0.409375 0.0491943359375 0.3910156234375 0.0491943359375 0.33046875 0.0983276359375 0.2972656234375 0.190185546875 0.31875 0.2863159171875 0.3285156234375 0.2969970703125 0.3753906234375 0.292724609375 0.3988281234375 0.275634765625 0.409375 0.277282715625 0.409375 0.0491943359375
1 0.409375 0.29376898906250004 0.3167968765625 0.30126953125 0.24257812343750002 0.4508056640625 0.24453125 0.4785766609375 0.266566684375 0.5 0.3669084828125 0.5 0.409375 0.46553876250000004 0.409375 0.29376898906250004
1 1 0.3797973640625 0.9613281234375 0.383642578125 0.9222656234375 0.3708251953125 0.88125 0.3174194328125 0.87734375 0.2960571296875 0.90859375 0.2405151359375 0.90859375 0.1892456046875 0.8949218765625 0.1486572265625 0.8636718765625 0.17001953125 0.8246093765625 0.17001953125 0.7816406234375 0.1529296875 0.6839843765625 0.0888427734375 0.6371093765625 0.1144775390625 0.6175781234375 0.1144775390625 0.5902343765625 0.093115234375 0.54140625 0.0995239265625 0.54921875 0.2319702140625 0.54140625 0.2832397453125 0.54921875 0.2917846671875 0.5355468765625 0.30673828125 0.53359375 0.3216918953125 0.56484375 0.3815063484375 0.56484375 0.4071411140625 0.54921875 0.4370483390625 0.54921875 0.4712280265625 0.560492665625 0.5 0.9828125 0.5 0.9828125 0.4455932609375 1 0.4220947265625 1 0.3797973640625
1 1 0.3772338859375 0.9964843765625 0.37509765625 0.9417968765625 0.3793701171875 0.9261718765625 0.3708251953125 0.8675781234375 0.3024658203125 0.8402343765625 0.315283203125 0.8050781234375 0.315283203125 0.8207031234375 0.2896484375 0.8734375 0.2832397453125 0.8675781234375 0.2682861328125 0.8480468765625 0.2597412109375 0.8324218765625 0.2597412109375 0.8207031234375 0.2768310546875 0.8128906234375 0.264013671875 0.7972656234375 0.264013671875 0.7933593765625 0.2768310546875 0.7660156234375 0.2682861328125 0.7660156234375 0.2896484375 0.7953125 0.2917846671875 0.79921875 0.3216918953125 0.7894531234375 0.3281005859375 0.7621093765625 0.3195556640625 0.7152343765625 0.23837890625 0.6761718765625 0.229833984375 0.63125 0.2832397453125 0.62734375 0.3088745109375 0.63515625 0.3088745109375 0.6390625 0.3302368171875 0.6253906234375 0.3537353515625 0.5785156234375 0.3793701171875 0.5765625 0.3345092765625 0.553125 0.3345092765625 0.56875 0.3857788078125 0.5511718765625 0.4306396484375 0.54921875 0.4755004890625 0.559671875 0.5 0.9618831171875 0.5 0.9671875 0.4840454109375 0.97890625 0.4755004890625 0.98671875 0.4370483390625 1 0.422521971875 1 0.3772338859375
1 0.6645784296875 0 0.66640625 0.0439819328125 0.6878906234375 0.0845703125 0.8246093765625 0.1657470703125 0.8558593765625 0.17001953125 0.88515625 0.1422485359375 0.9125 0.0781616203125 0.928125 0.0140747078125 0.928125 0 0.6645784296875 0
1 0.669202534375 0 0.678125 0.0738891609375 0.6917968765625 0.0888427734375 0.8207031234375 0.1657470703125 0.8558593765625 0.17001953125 0.88515625 0.1422485359375 0.9125 0.0824340828125 0.928125 0.0140747078125 0.9267937953125 0 0.8483013406250001 0 0.8402343765625 0.0033935546875 0.830926340625 0 0.669202534375 0
1 0.5511718765625 0.1144775390625 0.5316406234375 0.110205078125 0.5296875 0.2960571296875 0.5433593765625 0.3024658203125 0.59609375 0.2362426765625 0.6 0.1892456046875 0.5765625 0.1379760734375 0.5511718765625 0.1144775390625
1 0.5306667234375 0 0.5296875 0.0696166984375 0.5667968765625 0.076025390625 0.5824218765625 0.0632080078125 0.6136718765625 0.058935546875 0.6234375 0.0439819328125 0.6234375 0.0183471671875 0.6150502234375 0 0.5306667234375 0
1 0 1 0.409375 1 0.409375 0.5 0 0.5 0 1
1 0 0.5 0 0.5029947906250001 0.0229166671875 0.531640625 0.056770832812500005 0.54921875 0.09322916718749999 0.52578125 0.1609375 0.51015625 0.17061011875 0.5 0 0.5
1 0.409375 0.7129340281250001 0.3848958328125 0.72109375 0.36666666718749996 0.734765625 0.3640625 0.7484375 0.3614583328125 0.769921875 0.37447916718749996 0.7796875 0.409375 0.7890345984375 0.409375 0.7129340281250001
1 0.268229165625 0.5 0.2677083328125 0.500390625 0.25729166718749996 0.539453125 0.2234375 0.584375 0.2208333328125 0.621484375 0.2364583328125 0.652734375 0.2546875 0.6625 0.3067708328125 0.6625 0.3536458328125 0.64296875 0.409375 0.601171875 0.409375 0.5086588546875 0.40833333281249995 0.508203125 0.4035208328125 0.5 0.268229165625 0.5
1 0.409375 0.7925409218749999 0.39010416718749996 0.78359375 0.34322916718749996 0.79140625 0.3145833328125 0.832421875 0.2703125 0.86171875 0.2442708328125 0.86953125 0.2078125 0.865625 0.18697916718750002 0.8890625 0.184375 0.914453125 0.2182291671875 0.95546875 0.28072916718749996 0.97109375 0.3692708328125 0.97890625 0.409375 0.97138671875 0.409375 0.7925409218749999
1 0.18031250000000001 0.5 0.17916666718750002 0.504296875 0.2 0.535546875 0.2234375 0.553125 0.2390625 0.553125 0.25729166718749996 0.527734375 0.2625 0.500390625 0.26290509218749997 0.5 0.18031250000000001 0.5
1 0.2853515625 1 0.28854166718749996 0.980859375 0.2598958328125 0.96328125 0.1921875 0.96328125 0.15572916718750002 0.9984375 0.15642361093749999 1 0.2853515625 1
1 0 1 0.09294507656249999 1 0.1010416671875 0.996484375 0.11145833281249999 0.926171875 0.0880208328125 0.896875 0 0.900542534375 0 1
1 0.1434606484375 1 0.1296875 0.98671875 0.1140625 0.98671875 0.10364583281249999 0.9984375 0.1046875 1 0.1434606484375 1
1 0.11927083281249999 0.92421875 0.1088541671875 0.9359375 0.10625 0.965234375 0.14010416718750002 0.99453125 0.15572916718750002 0.99453125 0.2104166671875 0.957421875 0.1817708328125 0.91640625 0.11927083281249999 0.92421875
1 0.1609375 0.85 0.09322916718749999 0.8890625 0.11927083281249999 0.92421875 0.14010416718750002 0.92421875 0.17916666718750002 0.910546875 0.1895833328125 0.871484375 0.1609375 0.85
1 0 0.8995065796875 0.0828125 0.89296875 0.16354166718750002 0.840234375 0.1583333328125 0.805078125 0.13229166718750002 0.769921875 0.056770832812500005 0.725 0.0203125 0.72109375 0 0.7337890625 0 0.8995065796875
1 0.409375 0.6234375 0.3953125 0.6234375 0.32760416718749996 0.65859375 0.325 0.691796875 0.3692708328125 0.72890625 0.409375 0.710107421875 0.409375 0.6234375
1 0.2598958328125 0.76796875 0.2026041671875 0.8265625 0.2104166671875 0.855859375 0.2234375 0.865625 0.2598958328125 0.865625 0.3302083328125 0.816796875 0.33541666718749996 0.793359375 0.29635416718749996 0.76796875 0.2598958328125 0.76796875
1 0.2442708328125 0.6625 0.2338541671875 0.6703125 0.2364583328125 0.742578125 0.2598958328125 0.7640625 0.3015625 0.76796875 0.34322916718749996 0.7875 0.35625 0.773828125 0.3614583328125 0.730859375 0.3145833328125 0.683984375 0.309375 0.668359375 0.2442708328125 0.6625
1 0.1609375 0.74453125 0.1348958328125 0.76015625 0.1375 0.781640625 0.1765625 0.83828125 0.2 0.832421875 0.25729166718749996 0.769921875 0.2182291671875 0.72890625 0.1609375 0.74453125
1 0.061979167187499996 0.65859375 0.0307291671875 0.68984375 0.028125 0.715234375 0.0359375 0.72109375 0.07760416718749999 0.72890625 0.1140625 0.75234375 0.11927083281249999 0.74453125 0.1453125 0.7484375 0.1817708328125 0.740625 0.2130208328125 0.72890625 0.23125 0.711328125 0.23125 0.676171875 0.2026041671875 0.65078125 0.1140625 0.6390625 0.061979167187499996 0.65859375
1 0.09322916718749999 0.52578125 0.056770832812500005 0.54921875 0.054166667187499996 0.570703125 0.06979166718749999 0.609765625 0.0984375 0.63515625 0.2026041671875 0.65078125 0.2260416671875 0.644921875 0.2208333328125 0.555078125 0.17135416718750002 0.50625 0.1296875 0.521875 0.09322916718749999 0.52578125
1 0 0.6506510421875 0.0203125 0.6625 0.0515625 0.6625 0.08541666718749999 0.641015625 0.08541666718749999 0.625390625 0.059375 0.582421875 0.0307291671875 0.56875 0.007291667187500001 0.574609375 0 0.6311197953125001 0 0.6506510421875
1 0.45520833281249995 0.5 0.409375 0.55625 0.409375 1 1 1 1 0.554322240625 0.8532346484375001 0.5 0.45520833281249995 0.5
1 1 0.878125 0.996875 0.878125 0.996875 0.85625 0.9927083328125 0.85625 0.9927083328125 0.846875 0.9885416671874999 0.846875 0.9802083328125001 0.828125 0.9677083328125 0.825 0.9677083328125 0.821875 0.9552083328125001 0.81875 0.9552083328125001 0.815625 0.9135416671875 0.815625 0.9135416671875 0.81875 0.9010416671874999 0.81875 0.896875 0.825 0.8885416671874999 0.825 0.8885416671874999 0.828125 0.8760416671875 0.834375 0.8760416671875 0.840625 0.8510416671875 0.85625 0.846875 0.878125 0.8427083328125 0.878125 0.8427083328125 0.8875 0.846875 0.8875 0.846875 0.896875 0.8552083328125001 0.9 0.8552083328125001 0.90625 0.859375 0.90625 0.8677083328125 0.915625 0.8760416671875 0.915625 0.8760416671875 0.91875 0.884375 0.91875 0.884375 0.921875 0.896875 0.921875 0.896875 0.925 0.959375 0.925 0.959375 0.921875 0.9802083328125001 0.91875 0.9802083328125001 0.915625 0.9885416671874999 0.9125 0.9885416671874999 0.90625 0.9927083328125 0.90625 0.996875 0.884375 1 0.884375 1 0.878125