1 0 0.5890625 0.13879206718749998 0.5890625 0.1390625 0.5852172859375 0.0980468765625 0.501904296875 0 0.519777425 0 0.5890625
1 0 0.40858872343749997 0.0628906234375 0.4207275390625 0.1097656234375 0.4207275390625 0.12539062343750002 0.3950927734375 0.11953125 0.2946899421875 0.1078125 0.2562377921875 0.0921875 0.2434204109375 0.09609375 0.2049682609375 0.0824218765625 0.194287109375 0.0550781234375 0.1900146484375 0.0121093765625 0.23701171875 0 0.233955265625 0 0.40858872343749997
1 0.5890625 0.5890625 0.5890625 0.4456721390625 0.5394531234375 0.416455078125 0.5003906234375 0.4036376953125 0.4652343765625 0.40791015625 0.428125 0.4442260734375 0.4125 0.4869506828125 0.3832031234375 0.5275390625 0.3597656234375 0.536083984375 0.3128906234375 0.51044921875 0.2537934 0.5890625 0.5890625 0.5890625
1 0.5890625 0.5890625 0.5890625 0.44566317499999997 0.5472656234375 0.4207275390625 0.4964843765625 0.4036376953125 0.4691406234375 0.40791015625 0.4359375 0.4356811515625 0.3832031234375 0.5275390625 0.3597656234375 0.536083984375 0.3128906234375 0.5147216796875 0.256573659375 0.5890625 0.5890625 0.5890625
1 0.5890625 0 0.303125 0 0.303125 0.0554321296875 0.31875 0.1280639640625 0.31484375 0.1622436515625 0.35 0.2519653328125 0.4183593765625 0.3224609375 0.5277343765625 0.30537109375 0.5453125 0.2818725578125 0.54921875 0.2476928703125 0.5746093765625 0.228466796875 0.5890625 0.2374999984375 0.5890625 0
1 0.1234375 0 0.1234375 0.10242919843750001 0.11171875 0.1237915046875 0.11171875 0.1964233390625 0.09609375 0.2220581046875 0.09609375 0.2391479484375 0.11171875 0.2562377921875 0.12734375 0.3032348640625 0.13515625 0.3758666984375 0.15664062343750002 0.365185546875 0.2972656234375 0.37373046875 0.3324218765625 0.425 0.3675781234375 0.40791015625 0.3832031234375 0.3780029296875 0.38515625 0.3502319328125 0.3578125 0.3160522453125 0.3421875 0.2434204109375 0.3109375 0.1707885734375 0.3109375 0.10242919843750001 0.2953125 0.06824951093750001 0.29921875 0.0084350578125 0.2964644453125 0 0.1234375 0
1 0.2269531265625 0.5890625 0.2621093765625 0.5659912109375 0.2933593765625 0.518994140625 0.3246093765625 0.4976318359375 0.3265625 0.4185913078125 0.3089843765625 0.382275390625 0.2738281234375 0.3694580078125 0.2152343765625 0.3780029296875 0.15664062343750002 0.365185546875 0.13515625 0.3844116203125 0.11171875 0.4869506828125 0.12734375 0.5510375984375 0.1449218765625 0.5745361328125 0.2113281265625 0.5890625 0.2269531265625 0.5890625
1 0.1234375 0 0.1234375 0.10242919843750001 0.11171875 0.1237915046875 0.11171875 0.1964233390625 0.1 0.2092407234375 0.09609375 0.2391479484375 0.1214843765625 0.2541015625 0.1449218765625 0.2327392578125 0.21132812343750002 0.2412841796875 0.2582031234375 0.228466796875 0.29921875 0.1836059578125 0.3089843765625 0.160107421875 0.3109375 0.1067016609375 0.2953125 0.0810668953125 0.29921875 0.012707520312500001 0.29486188593749996 0 0.1234375 0
1 0.5890625 0.3272263765625 0.5785156234375 0.313916015625 0.5589843765625 0.30537109375 0.4300781234375 0.3267333984375 0.39296875 0.3502319328125 0.39296875 0.4015014640625 0.4183593765625 0.4378173828125 0.4769531234375 0.4036376953125 0.5785156234375 0.4207275390625 0.5824218765625 0.4036376953125 0.5890625 0.4036376953125 0.5890625 0.3272263765625
1 0.5890625 0.5890625 1 0.5890625 1 0.5359375 0.9901041671874999 0.5359375 0.9588541671874999 0.54765625 0.8546875 0.48515625 0.8078125 0.465625 0.7505208328124999 0.45390625 0.6932291671875 0.45390625 0.5890625 0.4816280234375 0.5890625 0.5890625
1 0.5890625 0.47590460468750007 0.6828125 0.45 0.7114583328124999 0.412890625 0.7166666671875 0.389453125 0.7348958328124999 0.37578125 0.7375 0.346484375 0.721875 0.299609375 0.6567708328124999 0.2703125 0.5890625 0.25580357187499997 0.5890625 0.47590460468750007
1 0.9640625 0.2078125 0.9901041671874999 0.1921875 0.9927083328125 0.182421875 0.9510416671874999 0.131640625 0.9614583328125 0.073046875 0.8651041671874999 0.03984375 0.846875 0.088671875 0.8052083328125 0.108203125 0.846875 0.143359375 0.8572916671874999 0.182421875 0.8807291671874999 0.20390625 0.9067708328125 0.21171875 0.9640625 0.2078125
1 0.8442708328125 0.2234375 0.8703125 0.215625 0.8729166671874999 0.201953125 0.846875 0.174609375 0.8364583328125 0.139453125 0.8026041671874999 0.11796875 0.6932291671875 0.13359375 0.6463541671875 0.14921875 0.6229166671875 0.170703125 0.628125 0.248828125 0.7088541671875 0.2859375 0.7348958328124999 0.2859375 0.7713541671875 0.2703125 0.8442708328125 0.2234375
1 0.6175189390625 0 0.5890625 0.029345703125 0.5890625 0.088671875 0.5916666671875 0.092578125 0.6255208328124999 0.121875 0.6984375 0.1296875 0.8338541671874999 0.09453125 0.8494791671874999 0.07109375 0.8520833328125 0.026171875 0.8321428578125 0 0.6175189390625 0
1 1 0.215625 0.9067708328125 0.215625 0.878125 0.229296875 0.8572916671874999 0.260546875 0.7895833328125 0.311328125 0.753125 0.358203125 0.7322916671875 0.416796875 0.7609375 0.45 0.8338541671874999 0.46953125 0.9380208328125 0.528125 0.9536458328125 0.528125 0.9744791671874999 0.51640625 1 0.512152778125 1 0.215625
0 0 0.826818721875 0.0809238890625 0.743359375 0.11903641093749999 0.716015625 0.14353731875 0.6828125 0.1462596421875 0.661328125 0.13264802656250002 0.65546875 0.09998015 0.675 0.0618676265625 0.6828125 0.0019765203124999997 0.6828125 0 0.68139445 0 0.826818721875
0 0 0.5890625 0 0.681678059375 0.0019765203124999997 0.6828125 0.029199750000000003 0.68671875 0.09998015 0.675 0.1244810578125 0.657421875 0.1462596421875 0.630078125 0.1622669015625 0.5890625 0 0.5890625
0 0 0.98891805 0.0673122734375 0.940625 0.15442661093750001 0.89765625 0.181649840625 0.89765625 0.19253913281249999 0.90546875 0.23065165625 0.9015625 0.2551525640625 0.876171875 0.2633195328125 0.84296875 0.26604185625 0.829296875 0.2578748859375 0.815625 0.2197623640625 0.79609375 0.1272033796875 0.73359375 0.09998015 0.73359375 0.0101434890625 0.825390625 0 0.83266805 0 0.98891805
0 0.23040417343750003 0.5890625 0.2115953953125 0.626171875 0.2115953953125 0.688671875 0.2197623640625 0.70234375 0.24698559375 0.71015625 0.3449892234375 0.71015625 0.3885463921875 0.67109375 0.4321035609375 0.66328125 0.4335605796875 0.5890625 0.23040417343750003 0.5890625
0 0.5890625 1 0.5890625 0.9328125 0.5518857765625 0.9328125 0.5083286078125 0.95625 0.48382769999999997 0.977734375 0.48900011250000003 1 0.5890625 1
0 0.549163453125 0.919140625 0.5736643609375001 0.8703125 0.5763866828124999 0.856640625 0.5164955765625 0.817578125 0.5001616375 0.798046875 0.48927234531249997 0.770703125 0.426658915625 0.74921875 0.40488033124999995 0.7296875 0.3613231625 0.72578125 0.32321063906249997 0.73359375 0.2987097328125 0.747265625 0.2769311484375 0.837109375 0.2769311484375 0.864453125 0.2850981171875 0.87421875 0.312321346875 0.8703125 0.3422669015625 0.891796875 0.3586008390625 0.919140625 0.3640454859375 0.950390625 0.3776571 0.96015625 0.40488033124999995 0.96796875 0.442992853125 0.96796875 0.497439315625 0.96015625 0.549163453125 0.919140625
0 0.5890625 0.6248901359375 0.5763866828124999 0.633984375 0.4947169921875 0.758984375 0.4947169921875 0.782421875 0.5164955765625 0.805859375 0.5164955765625 0.813671875 0.5355518375 0.83125 0.584553653125 0.8546875 0.5890625 0.8560939624999999 0.5890625 0.6248901359375
0 0.3158603671875 1 0.2769311484375 0.969921875 0.2197623640625 0.91328125 0.20342842499999997 0.9171875 0.1625935796875 0.946484375 0.1680382265625 0.973828125 0.1625935796875 0.989453125 0.1478930359375 1 0.3158603671875 1
0 0 1 0.33890936875 1 0.3422669015625 0.985546875 0.3368222546875 0.973828125 0.3586008390625 0.954296875 0.3586008390625 0.942578125 0.3422669015625 0.899609375 0.331377609375 0.883984375 0.312321346875 0.87421875 0.295987409375 0.87421875 0.2633195328125 0.8859375 0.225207009375 0.909375 0.1979837796875 0.909375 0.1762051953125 0.89765625 0.1489819640625 0.9015625 0.078201565625 0.93671875 0 0.9954338609375 0 1
0 0 1 0.14244838906249999 1 0.157148934375 0.989453125 0.165315903125 0.96796875 0.1625935796875 0.954296875 0.13264802656250002 0.93671875 0.07275691875 0.940625 0 0.9953706078125 0 1
0 0.339544578125 0.7296875 0.3504338703125 0.71796875 0.3449892234375 0.71015625 0.24698559375 0.71015625 0.2197623640625 0.70234375 0.2115953953125 0.688671875 0.2115953953125 0.649609375 0.20342842499999997 0.64375 0.1870944875 0.64375 0.157148934375 0.653515625 0.1517042875 0.684765625 0.11903641093749999 0.727734375 0.2633195328125 0.81953125 0.2769311484375 0.809765625 0.287820440625 0.786328125 0.2987097328125 0.743359375 0.312321346875 0.73359375 0.339544578125 0.7296875
1 1 0.7098132328125 0.975167309375 0.70625 0.9261654953124999 0.67109375 0.9016645875 0.676953125 0.8689967109375001 0.712109375 0.8880529718750001 0.7296875 0.931610140625 0.753125 0.9806119562500001 0.76875 1 0.778023275 1 0.7098132328125
1 1 0.778023275 0.9806119562500001 0.76875 0.931610140625 0.753125 0.8717190328125 0.71796875 0.8553850953125 0.71796875 0.8281618640625 0.7296875 0.7274359125000001 0.798046875 0.7301582343749999 0.80390625 0.7628261109375 0.8078125 0.817272571875 0.83125 0.83905115625 0.83515625 0.8689967109375001 0.860546875 0.87444135625 0.883984375 0.90983155625 0.9015625 0.9207208484375 0.9015625 0.9642780171875 0.8703125 1 0.8703125 1 0.778023275
1 0.5890625 1 0.8760747500000001 1 0.87444135625 0.989453125 0.8417734796874999 0.966015625 0.8417734796874999 0.958203125 0.8581074187500001 0.942578125 0.87444135625 0.872265625 0.8336065109374999 0.83515625 0.800938634375 0.82734375 0.757381465625 0.8078125 0.6811564203125 0.80390625 0.6757117734375 0.8078125 0.6321546046875 0.8078125 0.6103760203124999 0.815625 0.5890625 0.8309163406250001 0.5890625 1
1 0.5890625 1 0.7764377265625 1 0.7764377265625 0.993359375 0.800938634375 0.971875 0.83905115625 0.96015625 0.852662771875 0.950390625 0.8717190328125 0.89375 0.87444135625 0.868359375 0.8472181265625001 0.844921875 0.8281618640625 0.83125 0.7954939875 0.8234375 0.7628261109375 0.8078125 0.6811564203125 0.80390625 0.6757117734375 0.8078125 0.6321546046875 0.8078125 0.5940420828125 0.8234375 0.5890625 0.8283092156249999 0.5890625 1
1 1 1 1 0.9306213375000001 0.9996682171875001 0.930859375 0.9670003406250001 0.958203125 0.9561110484374999 0.977734375 0.9612834609375 1 1 1
1 1 1 1 0.9323210453125 0.9615556937499999 0.962109375 0.9561110484374999 0.985546875 0.9655121375 1 1 1
1 0.9576573281249999 1 0.9506664015625 0.958203125 0.90983155625 0.940625 0.8662743875000001 0.9328125 0.8417734796874999 0.962109375 0.87444135625 0.989453125 0.8793415390625 1 0.9576573281249999 1
1 0.5890625 0.81953125 0.6049313749999999 0.81953125 0.6267099593750001 0.8078125 0.70837965 0.80390625 0.7628261109375 0.77265625 0.773715403125 0.7609375 0.7247135890624999 0.7140625 0.6920457125 0.71796875 0.6267099593750001 0.7453125 0.5890625 0.7723225921875 0.5890625 0.81953125
1 0.6938605953125 0.5890625 0.662100159375 0.602734375 0.662100159375 0.626171875 0.678434096875 0.649609375 0.773715403125 0.753125 0.7900493421875 0.753125 0.83905115625 0.721875 0.8553850953125 0.71796875 0.90983155625 0.67109375 0.9261654953124999 0.6671875 0.9234431718749999 0.653515625 0.8853306484375001 0.610546875 0.8620396625 0.5890625 0.6938605953125 0.5890625
1 0.5890625 0.5890625 0.5890625 0.6970017203125 0.6375992515625 0.721875 0.66482248125 0.721875 0.7029350046875 0.69453125 0.7056573281249999 0.684765625 0.662100159375 0.630078125 0.662100159375 0.598828125 0.6729894515625 0.594921875 0.6729894515625 0.5890625 0.5890625 0.5890625