1 0.3390625 0.5 0.3390625 0.3300903328125 0.3300781234375 0.2770263671875 0.3027343765625 0.3026611328125 0.29296875 0.2962524421875 0.3066406234375 0.27275390625 0.3203125 0.2706176765625 0.3144531234375 0.23857421875 0.2597656234375 0.23857421875 0.23046875 0.2962524421875 0.23828125 0.3005249015625 0.2167968765625 0.30693359375 0.2109375 0.2236206046875 0.1894531234375 0.221484375 0.19140625 0.2364379890625 0.1621093765625 0.2513916015625 0.13671875 0.2791625984375 0.12109375 0.3176147453125 0.08398437656249999 0.34111328125 0.0703125 0.3646118171875 0.0703125 0.4286987296875 0.07617187656249999 0.4393798828125 0.08203125 0.4329711921875 0.08203125 0.4543334953125 0.1015625 0.4671508796875 0.09765625 0.4970581046875 0.0984631703125 0.5 0.3390625 0.5
1 0.3390625 0 0 0 0 0.07713623124999999 0.0078125 0.08262939531249999 0.00390625 0.09971923906249999 0.015625 0.1381713859375 0.0058593765625 0.1403076171875 0 0.1317626953125 0 0.14825439375 0.037109376562500004 0.153125 0.044921876562500004 0.17021484375 0.0546875 0.1638061515625 0.048828123437499996 0.1573974609375 0.08398437656249999 0.153125 0.08984375 0.1979858390625 0.07617187656249999 0.1873046875 0.048828123437499996 0.195849609375 0.048828123437499996 0.178759765625 0.0292968765625 0.1830322265625 0.021484376562499997 0.1659423828125 0.01171875 0.1766235359375 0.0234375 0.2321655265625 0.00390625 0.2663452140625 0.01171875 0.2877075203125 0.033203123437499996 0.30693359375 0.11523437656249999 0.30693359375 0.1328125 0.2834350578125 0.1328125 0.2578002921875 0.1464843765625 0.2556640625 0.1699218765625 0.221484375 0.1953125 0.2364379890625 0.1953125 0.2663452140625 0.2089843765625 0.281298828125 0.2402343765625 0.27275390625 0.23046875 0.2620727546875 0.2480468765625 0.2599365234375 0.2636718765625 0.23857421875 0.3390625 0.23857421875 0.3390625 0
1 0 0 0 0.085833740625 0.041015623437499996 0.0890380859375 0.08007812343750001 0.1061279296875 0.1425781234375 0.0377685546875 0.1582031234375 0.0377685546875 0.1816406234375 0.059130859375 0.2402343765625 0.059130859375 0.2578125 0.0099975578125 0.269390625 0 0 0
1 0.3390625 0.12072550312500001 0.3183593765625 0.10185546875 0.2519531234375 0.0890380859375 0.2363281234375 0.0634033203125 0.1894531234375 0.0634033203125 0.1425781234375 0.0463134765625 0.11132812343750001 0.06767578125 0.08203125 0.10826416093749999 0.09765625 0.2022583015625 0.12304687656249999 0.2257568359375 0.1777343765625 0.2172119140625 0.1894531234375 0.2257568359375 0.2109375 0.2877075203125 0.2207031234375 0.2941162109375 0.2636718765625 0.23857421875 0.3390625 0.246304703125 0.3390625 0.12072550312500001
1 0.3390625 0 0.3390625 0.26171875 0.340625 0.2625 0.3875 0.278125 0.47083333281249995 0.278125 0.528125 0.26640625 0.5697916671875 0.2703125 0.6166666671875 0.2625 0.6765625 0.198046875 0.6661458328125001 0.170703125 0.6713541671875 0.151171875 0.7390625 0.108203125 0.7416666671875001 0.09453125 0.7338541671875 0.014453125 0.7274305562500001 0 0.3390625 0
1 0.3390625 0.5 0.388125 0.5 0.41875 0.46171875 0.45520833281249995 0.465625 0.4760416671875 0.45 0.496875 0.44609375 0.528125 0.41484375 0.47864583281249995 0.358203125 0.4291666671875 0.32109375 0.403125 0.3171875 0.35104166718749996 0.3328125 0.34322916718749996 0.342578125 0.3390625 0.47382811562500005 0.3390625 0.5
1 0.8200892859375 0.5 0.8223958328125001 0.463671875 0.7572916671875001 0.39921875 0.7208333328125001 0.41875 0.7 0.4109375 0.6635416671875 0.41484375 0.6713541671875 0.451953125 0.6583333328125001 0.4734375 0.6427083328125001 0.45390625 0.6166666671875 0.45390625 0.5671875 0.487109375 0.5696428578124999 0.5 0.8200892859375 0.5
1 0.0192708328125 0.5 0.0515625 0.52421875 0.09322916718749999 0.5359375 0.1348958328125 0.57890625 0.2546875 0.56328125 0.32805706562500003 0.5 0.0192708328125 0.5
1 0.3390625 0.5 0.3390625 0.675390625 0.3567708328125 0.675390625 0.3828125 0.667578125 0.4244791671875 0.554296875 0.4244791671875 0.52890625 0.41137499999999994 0.5 0.3390625 0.5
1 0.3390625 0.8475484906249999 0.3776041671875 0.83359375 0.4192708328125 0.79453125 0.4348958328125 0.730078125 0.4114583328125 0.696875 0.3802083328125 0.67734375 0.3390625 0.6763319671875 0.3390625 0.8475484906249999
1 0.3802083328125 0.663671875 0.3958333328125 0.694921875 0.4270833328125 0.7203125 0.4505208328125 0.73203125 0.5078125 0.741796875 0.6119791671874999 0.69296875 0.6484375 0.65 0.6536458328125001 0.61875 0.5520833328125001 0.562109375 0.4296875 0.554296875 0.40625 0.5875 0.3802083328125 0.663671875
1 0.41805555625 0.5 0.4296875 0.55234375 0.4947916671875 0.55625 0.5572916671874999 0.540625 0.5855525375 0.5 0.41805555625 0.5
1 0.5702521125000001 1 0.5911094218749999 0.9678667765625001 0.6496953359375001 0.9227374125000001 0.7001443125 0.9007825296874999 0.6513226984375 0.84223633125 0.6220298015625 0.823940628125 0.5195043625 0.8776080453125001 0.46977937968750005 0.9012399203125 0.501603128125 0.9751851328125 0.541120209375 1 0.5702521125000001 1
1 0.7024827390625 0.5 0.692007378125 0.5824372984374999 0.72943733125 0.6129301390624999 0.7750040968749999 0.628786453125 0.8466091562500001 0.622687884375 0.8840391125 0.5982936140625 0.9035677078125002 0.538527628125 0.8771309203125 0.5 0.7024827390625 0.5