1 0.5296875 0.1790758921875 0.5085571296875 0.19453125 0.510693359375 0.1847656234375 0.4957397453125 0.175 0.4786499015625 0.19453125 0.46796875 0.1808593765625 0.4722412109375 0.1144531234375 0.4615600578125 0.1046875 0.4060180671875 0.1046875 0.3974731453125 0.12421875 0.3547485359375 0.13984375 0.3376586921875 0.1203125 0.2821166984375 0.1203125 0.2564819328125 0.1359375 0.2671630859375 0.1144531234375 0.2607543953125 0.08125 0.0514038078125 0.08125 0.0514038078125 0.0890625 0.1218994140625 0.0949218765625 0.1218994140625 0.1300781234375 0.1304443359375 0.1378906234375 0.11976318281250001 0.1515625 0.1389892578125 0.1496093765625 0.1411254890625 0.1203125 0.1582153328125 0.1203125 0.1624877921875 0.1515625 0.17744140625 0.1496093765625 0.1710327140625 0.1359375 0.1838500984375 0.14375 0.1881225578125 0.1359375 0.1881225578125 0.1515625 0.2094848640625 0.1515625 0.2073486328125 0.1378906234375 0.220166015625 0.1378906234375 0.203076171875 0.1261718765625 0.2223022453125 0.1203125 0.2223022453125 0.1515625 0.2479370109375 0.14765625 0.2607543953125 0.1671875 0.2906616203125 0.13984375 0.3013427734375 0.1652343765625 0.2970703125 0.2082031234375 0.2863891609375 0.21796875 0.2564819328125 0.21015625 0.2351196296875 0.2296875 0.2009399421875 0.18671875 0.1902587890625 0.2082031234375 0.19453125 0.2980468765625 0.2073486328125 0.3253906234375 0.19453125 0.3761718765625 0.2094848640625 0.39765625 0.2564819328125 0.4015625 0.2970703125 0.4386718765625 0.3013427734375 0.4738281234375 0.2962158203125 0.4796875 0.5296875 0.4796875 0.5296875 0.2349739578125 0.51923828125 0.2238281234375 0.5296875 0.216662946875 0.5296875 0.1790758921875
1 0 0.37819515312499996 0.0001342765625 0.378125 0.07703857343750001 0.3 0.1368530265625 0.30390625 0.1881225578125 0.29609375 0.2287109375 0.2433593765625 0.2244384765625 0.1925781234375 0.2329833984375 0.1574218765625 0.271435546875 0.1144531234375 0.2757080078125 0.0832031234375 0.1048095703125 0.0753906234375 0 0.0746360890625 0 0.37819515312499996
1 0.5296875 0.4796875 1 0.4796875 1 0 0.5296875 0 0.5296875 0.4796875
1 0.5296875 0 0.5296875 0.0804450765625 0.5484375 0.0463541671875 0.5329861109375 0 0.5296875 0
1 0.67734375 0.2078125 0.6578125 0.0828125 0.601171875 0.08541666718749999 0.54453125 0.1609375 0.54453125 0.2026041671875 0.56015625 0.2442708328125 0.593359375 0.278125 0.636328125 0.25729166718749996 0.67734375 0.2078125
1 0.5296875 0.3109375 0.5328125 0.32760416718749996 0.554296875 0.35625 0.577734375 0.35625 0.5875 0.3328125 0.59140625 0.2859375 0.571875 0.2598958328125 0.550390625 0.2625 0.5296875 0.305160984375 0.5296875 0.3109375
1 0.77352430625 0.4796875 0.77109375 0.4213541671875 0.759375 0.3848958328125 0.733984375 0.35104166718749996 0.6890625 0.3380208328125 0.651953125 0.33541666718749996 0.616796875 0.35625 0.59921875 0.3796875 0.5875 0.43177083281249995 0.5875 0.4682291671875 0.6027043265625001 0.4796875 0.77352430625 0.4796875
1 0.8015625 0.4796875 0.84140625 0.4265625 0.83359375 0.3640625 0.80625 0.3171875 0.761328125 0.3302083328125 0.7515625 0.35885416718749996 0.77109375 0.41614583281249995 0.775 0.4734375 0.7796875 0.4796875 0.8015625 0.4796875
1 0.6387920671874999 0 0.634375 0.025520832812499998 0.659765625 0.0489583328125 0.718359375 0.0489583328125 0.7359375 0.0307291671875 0.7359375 0.0151041671875 0.728857421875 0 0.6387920671874999 0
1 1 0.11804534375 0.972265625 0.08541666718749999 0.9390625 0.0671875 0.917578125 0.0645833328125 0.9 0.0880208328125 0.88046875 0.1244791671875 0.88046875 0.1609375 0.909765625 0.184375 0.956640625 0.19479166718750002 1 0.142006340625 1 0.11804534375
1 0.9490234375 0.4796875 0.946875 0.4682291671875 0.917578125 0.4291666671875 0.8921875 0.4213541671875 0.847265625 0.42395833281249995 0.81796875 0.4578125 0.809765625 0.4796875 0.9490234375 0.4796875
1 0.5296875 0.3015625 0.55625 0.2494791671875 0.540625 0.2026041671875 0.54453125 0.1505208328125 0.5296875 0.1386458328125 0.5296875 0.3015625
1 0.5296875 0.463756128125 0.540625 0.4526041671875 0.55234375 0.4057291671875 0.55234375 0.35885416718749996 0.5296875 0.32864583281250004 0.5296875 0.463756128125
1 0.800390625 0.246875 0.7671875 0.2182291671875 0.718359375 0.23125 0.70859375 0.2546875 0.7359375 0.28072916718749996 0.757421875 0.325 0.773046875 0.3302083328125 0.81015625 0.2911458328125 0.81015625 0.2755208328125 0.800390625 0.246875
1 0.73203125 0.2755208328125 0.7125 0.2598958328125 0.694921875 0.25729166718749996 0.6734375 0.2755208328125 0.66953125 0.3328125 0.714453125 0.340625 0.749609375 0.3614583328125 0.75546875 0.3328125 0.73203125 0.2755208328125
1 0.7046875 0.2338541671875 0.6890625 0.2182291671875 0.663671875 0.2260416671875 0.5875 0.3015625 0.5875 0.3536458328125 0.597265625 0.36666666718749996 0.665625 0.3328125 0.6734375 0.2755208328125 0.7046875 0.2546875 0.7046875 0.2338541671875
1 0.733984375 0.059375 0.7046875 0.0463541671875 0.675390625 0.054166667187499996 0.66171875 0.0828125 0.67734375 0.1973958328125 0.710546875 0.23125 0.753515625 0.2208333328125 0.76328125 0.2078125 0.76328125 0.10364583281249999 0.733984375 0.059375
1 0.53453125 0 0.5484375 0.0463541671875 0.581640625 0.054166667187499996 0.616796875 0.0385416671875 0.6265625 0.025520832812499998 0.629296875 0 0.53453125 0
1 0.5296875 0.1307291671875 0.538671875 0.1427083328125 0.562109375 0.13229166718750002 0.5875 0.0984375 0.58359375 0.0671875 0.5640625 0.056770832812500005 0.546484375 0.059375 0.5296875 0.0817708328125 0.5296875 0.1307291671875
1 0.73330078125 0 0.7359375 0.0046875 0.7359375 0.025520832812499998 0.749609375 0.04375 0.812109375 0.0489583328125 0.84496299375 0 0.73330078125 0
1 0.8765625 0.1505208328125 0.8296875 0.09322916718749999 0.819921875 0.090625 0.788671875 0.11145833281249999 0.7828125 0.1296875 0.819921875 0.14791666718750002 0.843359375 0.2052083328125 0.8765625 0.1817708328125 0.8765625 0.1505208328125
1 0.819921875 0.14791666718750002 0.79453125 0.1348958328125 0.76328125 0.1348958328125 0.76328125 0.2078125 0.800390625 0.246875 0.823828125 0.2416666671875 0.83359375 0.2338541671875 0.83359375 0.17135416718750002 0.819921875 0.14791666718750002
1 0.913671875 0.29375 0.87265625 0.2755208328125 0.827734375 0.278125 0.81015625 0.3171875 0.83359375 0.35885416718749996 0.851171875 0.4135416671875 0.929296875 0.4291666671875 0.946875 0.40052083281249995 0.946875 0.37447916718749996 0.91953125 0.32760416718749996 0.913671875 0.29375
1 0.941015625 0.1895833328125 0.9078125 0.1817708328125 0.862890625 0.1895833328125 0.8453125 0.2130208328125 0.8453125 0.2338541671875 0.866796875 0.27291666718749996 0.913671875 0.2833333328125 0.941015625 0.27291666718749996 0.9546875 0.2546875 0.9546875 0.2026041671875 0.941015625 0.1895833328125
1 0.8924665171875 0 0.921484375 0.054166667187499996 0.941015625 0.059375 0.9625 0.025520832812499998 0.965234375 0 0.8924665171875 0
1 1 0 0.9642045453125 0 0.95859375 0.0411458328125 0.946875 0.056770832812500005 0.952734375 0.075 0.991796875 0.1010416671875 1 0.1010416671875 1 0
1 0.844921875 0 0.84140625 0.0046875 0.81796875 0.0411458328125 0.81796875 0.061979167187499996 0.847265625 0.1166666671875 0.874609375 0.13229166718750002 0.915625 0.0671875 0.915625 0.0463541671875 0.8881784546875 0 0.844921875 0
1 1 0.2688244046875 0.98984375 0.2494791671875 0.960546875 0.2520833328125 0.915625 0.2911458328125 0.92734375 0.3380208328125 0.952734375 0.38229166718749996 0.983984375 0.3770833328125 1 0.3532169125 1 0.2688244046875
1 0 0.4796875 0 1 0.3676704734375 1 0.36376953125 0.9589843765625 0.3424072265625 0.9160156234375 0.3509521484375 0.8925781234375 0.4342651359375 0.76953125 0.4940795890625 0.7734375 0.5296875 0.769368025 0.5296875 0.4796875 0.27618407968750003 0.4796875 0.2676391609375 0.484375 0.2608032234375 0.4796875 0 0.4796875
1 0 0.4796875 0 1 0.3678477890625 1 0.36376953125 0.9589843765625 0.3466796875 0.9238281234375 0.3466796875 0.9003906234375 0.4278564453125 0.7753906234375 0.5296875 0.764783990625 0.5296875 0.5785565484374999 0.5239868171875 0.58203125 0.3787231453125 0.59375 0.372314453125 0.5761718765625 0.3509521484375 0.5644531234375 0.2932739265625 0.4921875 0.23963810625 0.4796875 0 0.4796875
1 0 0.4796875 0 1 0.367459384375 1 0.36376953125 0.9628906234375 0.3424072265625 0.9121093765625 0.4278564453125 0.7753906234375 0.5296875 0.768644053125 0.5296875 0.5703125 0.5282592765625 0.5703125 0.4641723640625 0.5859375 0.3787231453125 0.58984375 0.3338623046875 0.5488281234375 0.2932739265625 0.4921875 0.234029134375 0.4796875 0.1726196296875 0.4796875 0.1651000984375 0.48828125 0.1309204109375 0.50390625 0.1266479484375 0.4921875 0.107421875 0.4863281234375 0.10655029375 0.4796875 0 0.4796875
1 0.5296875 1 0.5296875 0.871389509375 0.4428100578125 0.875 0.406494140625 0.8652343765625 0.3915405265625 0.86328125 0.355224609375 0.9042968765625 0.3765869140625 0.9941406234375 0.3765869140625 1 0.5296875 1
1 0.3680419921875 0.6035156234375 0.3509521484375 0.5839843765625 0.338134765625 0.5839843765625 0.3466796875 0.5957031234375 0.3338623046875 0.6074218765625 0.3402709953125 0.6171875 0.3274536140625 0.6171875 0.321044921875 0.6113281234375 0.32958984375 0.6074218765625 0.3167724609375 0.6035156234375 0.3167724609375 0.7050781234375 0.3082275390625 0.7167968765625 0.3253173828125 0.7285156234375 0.3338623046875 0.7128906234375 0.3253173828125 0.7089843765625 0.32958984375 0.6933593765625 0.3402709953125 0.6875 0.3466796875 0.7089843765625 0.338134765625 0.7128906234375 0.3616333015625 0.734375 0.3680419921875 0.6035156234375
1 0.1778803296875 0.4796875 0.1202392578125 0.5214843765625 0.1202392578125 0.5371093765625 0.0924682609375 0.5625 0.047607421875 0.5683593765625 0.0390625 0.5996093765625 0.0518798828125 0.6386718765625 0.047607421875 0.6621093765625 0.0625610359375 0.65234375 0.0711059578125 0.6640625 0.0796508796875 0.65234375 0.09033203125 0.6621093765625 0.09033203125 0.6816406234375 0.0796508796875 0.69140625 0.058288573437500005 0.6875 0.05615234375 0.6738281234375 0.041198729687500005 0.66796875 0.045471192187499995 0.6953125 0.011291504687499999 0.67578125 0 0.6799871859375 0 0.7631138390625 0.032653807812500005 0.79296875 0.0796508796875 0.78125 0.1138305671875 0.8046875 0.1565551765625 0.8046875 0.1971435546875 0.7597656234375 0.1907348640625 0.75390625 0.2505493171875 0.75 0.2505493171875 0.71875 0.2804565421875 0.72265625 0.29541015625 0.7128906234375 0.2996826171875 0.6230468765625 0.2911376953125 0.6113281234375 0.3060913078125 0.59375 0.3189086921875 0.59765625 0.3338623046875 0.5839843765625 0.321044921875 0.5683593765625 0.3253173828125 0.5410156234375 0.2847290046875 0.49609375 0.2719116203125 0.5078125 0.2719116203125 0.48828125 0.2437133828125 0.4796875 0.1778803296875 0.4796875
1 1 0.4796875 0.8182992796875 0.4796875 0.80546875 0.5114583328125 0.815234375 0.5401041671875 0.8953125 0.6104166671875 0.924609375 0.6755208328125 0.936328125 0.6807291671875 0.959765625 0.6546875 1 0.647202034375 1 0.4796875
1 0.8516927109375001 1 0.885546875 0.9932291671875 0.934375 0.928125 0.9109375 0.6885416671875 0.87578125 0.6052083328125 0.8484375 0.5895833328125 0.764453125 0.6078125 0.72734375 0.678125 0.77421875 0.9802083328125001 0.780078125 0.9984375 0.7841796875 1 0.8516927109375001 1
1 0.5296875 0.4796875 0.5296875 0.8274884265625 0.541796875 0.8526041671875 0.619921875 0.8265625 0.67265625 0.7510416671875 0.65703125 0.6989583328125001 0.6609375 0.6625 0.690234375 0.6078125 0.715625 0.5895833328125 0.7293619796875 0.4796875 0.5296875 0.4796875
1 0.5296875 1 0.7654447109375 1 0.7703125 0.990625 0.76640625 0.959375 0.725390625 0.9515625 0.678515625 0.9098958328125001 0.64921875 0.81875 0.545703125 0.8734375 0.5296875 0.9038785468749999 0.5296875 1
1 0.5296875 1 0.76640625 1 0.76640625 0.959375 0.725390625 0.9515625 0.678515625 0.9098958328125001 0.64921875 0.81875 0.545703125 0.8734375 0.5296875 0.9017644562499999 0.5296875 1
1 0.72734375 0.6260416671875 0.71171875 0.6104166671875 0.682421875 0.6182291671875 0.66484375 0.646875 0.65703125 0.709375 0.670703125 0.7588541671875 0.70390625 0.725 0.72734375 0.6625 0.72734375 0.6260416671875
1 0.7546875 0.8604166671875 0.71171875 0.8135416671875 0.690234375 0.8109375 0.66484375 0.8395833328125001 0.66484375 0.8864583328125001 0.725390625 0.9515625 0.748828125 0.9515625 0.7625 0.9385416671875 0.7546875 0.8604166671875
1 0.7232130984375 0.4796875 0.717578125 0.5973958328125 0.764453125 0.5765625 0.8015625 0.5114583328125 0.7960637015625001 0.4796875 0.7232130984375 0.4796875
1 0.7390625 0.7666666671875 0.72734375 0.69375 0.70390625 0.740625 0.70390625 0.7614583328125001 0.721484375 0.7796875 0.7390625 0.7666666671875