1 1 0.19844679999999998 0.9848022453124999 0.19921875 0.9506225578124999 0.21484375 0.9271240234375 0.2480468765625 0.897216796875 0.4121093765625 0.9805297859375001 0.453125 1 0.4517556671875 1 0.19844679999999998
1 0.5853271484375 0.3691406234375 0.589599609375 0.3964843765625 0.6002807609375 0.41015625 0.6387329109375 0.40625 0.6515502921875 0.421875 0.6900024421875 0.43359375 0.7904052734375 0.4394531234375 0.8160400390625 0.4238281234375 0.8160400390625 0.3769531234375 0.7904052734375 0.2441406234375 0.76904296875 0.1972656234375 0.7369995109375 0.18359375 0.6942749015625 0.203125 0.6430053703125 0.20703125 0.6195068359375 0.2753906234375 0.63232421875 0.3261718765625 0.5853271484375 0.3691406234375
1 0.845947265625 0.021484376562499997 0.8395385734374999 0 0.01708984375 0.0019531234375000002 0.0341796875 0.041015623437499996 0.1025390625 0.10351562343750001 0.1153564453125 0.1621093765625 0.1132202140625 0.171875 0.1089477546875 0.16015625 0.1025390625 0.1660156234375 0.1025390625 0.1894531234375 0.11962890625 0.1972656234375 0.1089477546875 0.21875 0.1644897453125 0.22265625 0.1730346671875 0.24609375 0.2114868171875 0.2421875 0.2883911140625 0.25390625 0.3311157234375 0.28125 0.3823852546875 0.29296875 0.52978515625 0.2988281234375 0.5831909171875 0.2890625 0.6195068359375 0.2714843765625 0.63232421875 0.2167968765625 0.6216430671875 0.17578125 0.6430053703125 0.19921875 0.7028198234375 0.1953125 0.7647705078125 0.1542968765625 0.7861328125 0.1269531234375 0.8160400390625 0.048828123437499996 0.845947265625 0.021484376562499997
1 0.8352661140625001 0.25390625 0.8160400390625 0.2636718765625 0.811767578125 0.2871093765625 0.8224487296874999 0.296875 0.845947265625 0.2949218765625 0.8673095703125 0.2714843765625 0.8523559578125001 0.25390625 0.8352661140625001 0.25390625
1 0.59814453125 0.1542968765625 0.623779296875 0.09179687656249999 0.6088256828125 0.0703125 0.5789184578125 0.0546875 0.5532836921875 0.046875 0.5191040046875 0.05078125 0.4913330078125 0.1542968765625 0.5233764640625 0.16796875 0.56396484375 0.1660156234375 0.59814453125 0.1542968765625
1 0.675048828125 0.2011718765625 0.7199096671875 0.19140625 0.7669067390625 0.15625 0.794677734375 0.10351562343750001 0.7583618171875 0.09765625 0.7369995109375 0.11328125 0.6259155265625 0.11328125 0.606689453125 0.1464843765625 0.615234375 0.1660156234375 0.6430053703125 0.19921875 0.675048828125 0.2011718765625
1 0.9271240234375 0.08007812343750001 0.8950805671875001 0.0390625 0.8438110359375001 0.03515625 0.794677734375 0.09960937656249999 0.7904052734375 0.1347656234375 0.8523559578125001 0.19140625 0.87158203125 0.1894531234375 0.90576171875 0.1542968765625 0.9271240234375 0.08007812343750001
1 1 0.0012258375 0.8779907234375001 0 0.87158203125 0.009765623437499999 0.880126953125 0.0253906234375 0.9185791015625 0.0566406234375 0.9228515625 0.07617187656249999 0.9634399421875001 0.09765625 0.9890747078125001 0.12890625 0.999755859375 0.1269531234375 1 0.126618303125 1 0.0012258375
1 1 0.4527600453125 0.9933471671874999 0.453125 0.9912109375 0.5292968765625 1 0.5330056671875 1 0.4527600453125
1 1 0.55610986875 0.90576171875 0.6269531234375 0.931396484375 0.6738281234375 0.9228515625 0.6972656234375 0.8822631828124999 0.7265625 0.8395385734374999 0.7421875 0.80322265625 0.7792968765625 0.7989501953125 0.8144531234375 0.811767578125 0.8535156234375 0.87158203125 0.9550781234375 0.9335327140624999 1 1 1 1 0.55610986875
1 1 0.5692436468750001 0.9848022453124999 0.5703125 0.9100341796875 0.6269531234375 0.931396484375 0.6738281234375 0.9228515625 0.6972656234375 0.8309936515624999 0.75 0.80322265625 0.7832031234375 0.7989501953125 0.8105468765625 0.8160400390625 0.8613281234375 0.8673095703125 0.9472656234375 0.9078979484374999 0.984375 0.9386596687500001 1 1 1 1 0.5692436468750001
1 0.38755717968750003 1 0.3952026359375 0.9921875 0.4421997078125 0.97265625 0.657958984375 0.9433593765625 0.623779296875 0.8886718765625 0.6430053703125 0.86328125 0.6771850578125 0.859375 0.70068359375 0.8417968765625 0.7177734375 0.7324218765625 0.6472778328125 0.6640625 0.5575561515625 0.62890625 0.5233764640625 0.6328125 0.4507446296875 0.6171875 0.3866577140625 0.6171875 0.3140258796875 0.58984375 0.2520751953125 0.6152343765625 0.2606201171875 0.6738281234375 0.2392578125 0.7324218765625 0.2926635734375 0.74609375 0.3204345703125 0.7714843765625 0.3289794921875 0.8808593765625 0.3118896484375 0.9433593765625 0.2353623328125 1 0.38755717968750003 1
1 0.5917358390625 0.42578125 0.5191040046875 0.42578125 0.4977416984375 0.4375 0.3909301765625 0.4375 0.3460693359375 0.4628906234375 0.3375244140625 0.4824218765625 0.341796875 0.5097656234375 0.3204345703125 0.5371093765625 0.32470703125 0.5761718765625 0.3439331046875 0.59375 0.4037475578125 0.61328125 0.4635620109375 0.609375 0.4977416984375 0.625 0.5661010734375 0.625 0.6387329109375 0.65625 0.7113647453125 0.671875 0.7455444328125 0.69921875 0.7733154296875 0.6972656234375 0.80322265625 0.6816406234375 0.8203125 0.6464843765625 0.76904296875 0.6113281234375 0.760498046875 0.4707031234375 0.7711791984375 0.44921875 0.6985473640625 0.44140625 0.6515502921875 0.42578125 0.6344604484375 0.41015625 0.6173706046875 0.41015625 0.5917358390625 0.42578125
1 0.7647705078125 0.5878906234375 0.777587890625 0.6230468765625 0.8139038078124999 0.640625 0.8929443359375 0.6386718765625 0.914306640625 0.6074218765625 0.9613037109375 0.5761718765625 0.9869384765625 0.5371093765625 0.9698486328125 0.4589843765625 0.9463500984375001 0.44140625 0.8822631828124999 0.42578125 0.7797241203125 0.44921875 0.760498046875 0.4707031234375 0.7733154296875 0.5292968765625 0.7647705078125 0.5878906234375
1 0.4977416984375 0.4375 0.3952026359375 0.4375 0.350341796875 0.4589843765625 0.341796875 0.5097656234375 0.3204345703125 0.5371093765625 0.3204345703125 0.5644531234375 0.3396606453125 0.58984375 0.4080200203125 0.61328125 0.4763793953125 0.609375 0.5020141609375 0.625 0.555419921875 0.6230468765625 0.5789184578125 0.61328125 0.623779296875 0.5722656234375 0.6365966796875 0.5253906234375 0.6280517578125 0.4589843765625 0.6494140625 0.4355468765625 0.6344604484375 0.41015625 0.6045532234375 0.4140625 0.5917358390625 0.42578125 0.5191040046875 0.42578125 0.4977416984375 0.4375
1 0.1764526359375 1 0.1473999015625 0.984375 0.11962890625 0.9589843765625 0.11962890625 0.9316406234375 0.1025390625 0.9082031234375 0.0982666015625 0.8808593765625 0.0704956046875 0.84765625 0.044860839062500005 0.875 0.008544921875 0.8808593765625 0.0128173828125 0.9160156234375 0 0.9277343765625 0 1 0.1764526359375 1
1 0.1228677078125 1 0.145263671875 0.9746093765625 0.1239013671875 0.9589843765625 0.1025390625 0.8808593765625 0.0704956046875 0.83984375 0 0.9238281234375 0 1 0.1228677078125 1
1 0 0.8300781234375 0.019226073437499998 0.8359375 0.0747680671875 0.82421875 0.1068115234375 0.9003906234375 0.128173828125 0.9277343765625 0.128173828125 0.9550781234375 0.1901245109375 0.99609375 0.230712890625 0.9980468765625 0.2627563484375 0.984375 0.3118896484375 0.9394531234375 0.3076171875 0.9238281234375 0.32470703125 0.8769531234375 0.2862548828125 0.8691406234375 0.316162109375 0.8378906234375 0.32470703125 0.7792968765625 0.2798461921875 0.7421875 0.2371215828125 0.73828125 0.1986694328125 0.74609375 0.1345825203125 0.72265625 0.010681151562500001 0.71875 0 0.7285156234375 0 0.8300781234375
1 0 0.8300781234375 0.019226073437499998 0.8359375 0.0747680671875 0.82421875 0.128173828125 0.9277343765625 0.1324462890625 0.9589843765625 0.1901245109375 0.99609375 0.230712890625 0.9980468765625 0.2584838859375 0.98828125 0.3118896484375 0.9394531234375 0.3076171875 0.9238281234375 0.32470703125 0.8964843765625 0.32470703125 0.8730468765625 0.2862548828125 0.8691406234375 0.316162109375 0.8378906234375 0.32470703125 0.7792968765625 0.2798461921875 0.7421875 0.2371215828125 0.73828125 0.1986694328125 0.74609375 0.1345825203125 0.72265625 0.010681151562500001 0.71875 0 0.7285156234375 0 0.8300781234375
1 0.1846868328125 1 0.1516723640625 0.98046875 0.128173828125 1 0.1846868328125 1
1 0.8043536015624999 1 0.7968139640625 0.9765625 0.7369995109375 0.94921875 0.7070922859375 0.9453125 0.5105590828125 0.9609375 0.4122924796875 0.984375 0.3952026359375 1 0.8043536015624999 1
1 0.709228515625 0.8925781234375 0.7412719734375 0.91796875 0.811767578125 0.9277343765625 0.7989501953125 0.9121093765625 0.7989501953125 0.8964843765625 0.8160400390625 0.8925781234375 0.7989501953125 0.7910156234375 0.8331298828125 0.7324218765625 0.7968139640625 0.70703125 0.7455444328125 0.70703125 0.7220458984375 0.7441406234375 0.70068359375 0.8730468765625 0.709228515625 0.8925781234375
1 0 0.7128906234375 0.0213623046875 0.7128906234375 0.057678223437499995 0.7109375 0.068359375 0.7011718765625 0.111083984375 0.6386718765625 0.1239013671875 0.5996093765625 0.0341796875 0.4902343765625 0.010681151562500001 0.4765625 0 0.4824218765625 0 0.7128906234375
1 0.128173828125 0.2832031234375 0.111083984375 0.3535156234375 0.0384521484375 0.4589843765625 0.0341796875 0.4863281234375 0.1303100578125 0.59765625 0.1901245109375 0.58984375 0.264892578125 0.5957031234375 0.3118896484375 0.5644531234375 0.3118896484375 0.5410156234375 0.3375244140625 0.5019531234375 0.333251953125 0.4785156234375 0.3759765625 0.4316406234375 0.367431640625 0.3652343765625 0.3802490234375 0.2988281234375 0.2798461921875 0.26171875 0.1431274421875 0.26953125 0.128173828125 0.2832031234375
1 0.1239013671875 0.3183593765625 0.128173828125 0.2675781234375 0.0790405265625 0.21484375 0.032043457812499995 0.19140625 0.0021362296875 0.1875 0 0.4707031234375 0.025634765625 0.4707031234375 0.0982666015625 0.3769531234375 0.1239013671875 0.3183593765625
1 0.0021362296875 0.09765625 0 0.1816406234375 0.0897216796875 0.2128906234375 0.1153564453125 0.1933593765625 0.1025390625 0.10742187656249999 0.0790405265625 0.09765625 0.0021362296875 0.09765625
1 0.3076171875 0.1660156234375 0.3375244140625 0.11914062343750001 0.3012084953125 0.08203125 0.2627563484375 0.07421875 0.2243041984375 0.1171875 0.1837158203125 0.1308593765625 0.179443359375 0.1777343765625 0.2499389640625 0.2421875 0.2862548828125 0.2480468765625 0.3076171875 0.1660156234375
1 0.1837158203125 0.1308593765625 0.179443359375 0.1777343765625 0.2499389640625 0.2421875 0.2862548828125 0.2480468765625 0.299072265625 0.2089843765625 0.3204345703125 0.1933593765625 0.3140258796875 0.1875 0.3054809578125 0.1953125 0.3033447265625 0.1816406234375 0.3375244140625 0.11914062343750001 0.3012084953125 0.08203125 0.2627563484375 0.07421875 0.2243041984375 0.1171875 0.1837158203125 0.1308593765625
1 0.3353881828125 0.28125 0.4251098640625 0.296875 0.52978515625 0.2988281234375 0.5960083015625 0.28515625 0.6195068359375 0.2714843765625 0.63232421875 0.1933593765625 0.6045532234375 0.1640625 0.4678344734375 0.1640625 0.3695678703125 0.17578125 0.3396606453125 0.18359375 0.29052734375 0.2363281234375 0.2947998046875 0.2558593765625 0.3353881828125 0.28125
1 0.2285766609375 0.09375 0.2413940421875 0.09375 0.2627563484375 0.07421875 0.2841186515625 0.07421875 0.333251953125 0.11132812343750001 0.3375244140625 0.1347656234375 0.32470703125 0.1386718765625 0.3118896484375 0.1660156234375 0.3311157234375 0.18359375 0.3460693359375 0.1816406234375 0.4763793953125 0.1640625 0.4913330078125 0.1542968765625 0.4998779296875 0.09570312343750001 0.4486083984375 0.06445312343750001 0.4165649421875 0.0078125 0.3652954109375 0 0.2883911140625 0.0078125 0.2413940421875 0.03125 0.2264404296875 0.048828123437499996 0.2285766609375 0.09375
1 0.0128173828125 0.0019531234375000002 0.0213623046875 0.0292968765625 0.0875854484375 0.09375 0.1217651359375 0.10546875 0.213623046875 0.10351562343750001 0.230712890625 0.037109376562500004 0.2713012703125 0 0.0128173828125 0.0019531234375000002