1 0.4863525390625 0.1386718765625 0.4607177734375 0.12304687656249999 0.3603149421875 0.12890625 0.3218627921875 0.140625 0.3090454109375 0.15625 0.2705932609375 0.15234375 0.259912109375 0.1660156234375 0.2556396484375 0.1933593765625 0.30263671875 0.2363281234375 0.2898193359375 0.2871093765625 0.3133178703125 0.35546875 0.3645874015625 0.359375 0.4073120109375 0.37890625 0.43935546875 0.3652343765625 0.4607177734375 0.3183593765625 0.4863525390625 0.1855468765625 0.4863525390625 0.1386718765625
1 0 0.459375 0.465567015625 0.459375 0.4564453125 0.4355468765625 0.4350830078125 0.4082031234375 0.3731323234375 0.3671875 0.3133178703125 0.36328125 0.2919555671875 0.38671875 0.30263671875 0.3457031234375 0.2898193359375 0.2910156234375 0.2535034171875 0.2734375 0.20009765625 0.2636718765625 0.0526977546875 0.26953125 0.0014282234375 0.28125 0 0.28216406250000003 0 0.459375
1 0.5376220703125 0.2910156234375 0.516259765625 0.2675781234375 0.4927612296875 0.265625 0.482080078125 0.2753906234375 0.4863525390625 0.2988281234375 0.5055786140625 0.30859375 0.5226684578125 0.30859375 0.5376220703125 0.2910156234375
1 0.289445496875 0.459375 0.26845703125 0.4082031234375 0.23427734375 0.3964843765625 0.1936889640625 0.39453125 0.1616455078125 0.4082031234375 0.1753738125 0.459375 0.289445496875 0.459375
1 0.46256918281250003 0.459375 0.464990234375 0.4589843765625 0.4372192390625 0.40625 0.3902221671875 0.37109375 0.345361328125 0.3613281234375 0.3133178703125 0.36328125 0.285546875 0.3964843765625 0.277001953125 0.4160156234375 0.2962280265625 0.44921875 0.4073120109375 0.44921875 0.42119750937499995 0.459375 0.46256918281250003 0.459375
1 0.5390625 0.459375 0.5390625 0.37275917812500003 0.5226684578125 0.37109375 0.4607177734375 0.4277343765625 0.4645629890625 0.459375 0.5390625 0.459375
1 0 0 0 0.037234375 0.012109375 0.0527343765625 0.0078369140625 0.08007812343750001 0.0163818359375 0.09960937656249999 0.0612426765625 0.125 0.1680541984375 0.125 0.1894165046875 0.13671875 0.2620483390625 0.13671875 0.2876831046875 0.15234375 0.3047729484375 0.15234375 0.3218627921875 0.13671875 0.3688598640625 0.12109375 0.4414916984375 0.11328125 0.430810546875 0.09179687656249999 0.43638848281250003 0 0 0
1 0.5390625 0 0.43878580781250004 0 0.4436279296875 0.033203123437499996 0.430810546875 0.09179687656249999 0.4500366203125 0.11328125 0.5390625 0.133630021875 0.5390625 0
1 0 0 0 0.037234375 0.012109375 0.0527343765625 0.020654296875 0.10351562343750001 0.0655151359375 0.125 0.1680541984375 0.125 0.1894165046875 0.13671875 0.2620483390625 0.13671875 0.2748657234375 0.1484375 0.3047729484375 0.15234375 0.3197265625 0.1269531234375 0.2983642578125 0.10351562343750001 0.3069091796875 0.037109376562500004 0.29676208437499996 0 0 0
1 0 0.3682021546875 0.009973145312499999 0.37890625 0.0398803703125 0.38671875 0.1381469734375 0.3984375 0.2748657234375 0.3984375 0.30263671875 0.3691406234375 0.2898193359375 0.2910156234375 0.2663208015625 0.27734375 0.20009765625 0.2636718765625 0.0954223640625 0.265625 0.0057006828125 0.28125 0 0.284816140625 0 0.3682021546875
1 0 0.459375 0.1691080734375 0.459375 0.1616455078125 0.4082031234375 0.1466918953125 0.3984375 0.0163818359375 0.3808593765625 0.0014282234375 0.37890625 0 0.38021205468749997 0 0.42534598125 0.0078369140625 0.4277343765625 0.003564453125 0.4511718765625 0 0.453864034375 0 0.459375
1 0.5390625 0.459375 0.677745696875 0.459375 0.67734375 0.4223958328125 0.640234375 0.3338541671875 0.5875 0.2557291671875 0.5390625 0.2602141203125 0.5390625 0.459375
1 1 0.28101844531250003 0.8381942203125 0.01214029375 0.692765415625 0.1131184953125 0.5903715953125 0.2655759171875 0.6884308734375 0.43429095 0.894585053125 0.39044029999999996 1 0.41826088281249996 1 0.28101844531250003
1 0.5390625 0.459375 0.21322399375 0.459375 0.183984375 0.4825062390625 0.164453125 0.4825062390625 0.15859375 0.5015625 0.14296875 0.5124517921875 0.1234375 0.550564315625 0.1234375 0.5777875453125001 0.13125 0.6050107765625 0.1546875 0.6649018828125 0.21328125 0.784684096875 0.225 0.8227966203125 0.2328125 0.8282412656249999 0.2484375 0.87724308125 0.258203125 0.8908546953125001 0.297265625 0.9017439875000001 0.3109375 0.915355603125 0.31484375 0.9262448953125 0.31484375 1 0.4828125 1 0.4828125 0.915355603125 0.48671875 0.8826877265625 0.508203125 0.84185288125 0.5390625 0.8295635375 0.5390625 0.459375
1 0.5390625 0.459375 0.2192527765625 0.459375 0.211328125 0.46617230000000004 0.172265625 0.487950884375 0.156640625 0.50972946875 0.144921875 0.515174115625 0.12734375 0.54511966875 0.12734375 0.5886768375 0.15078125 0.6376786531249999 0.1703125 0.6975697593750001 0.2015625 0.7574608671874999 0.2015625 0.768350159375 0.2328125 0.8336859125 0.2484375 0.8826877265625 0.262109375 0.8962993421875 0.293359375 0.9017439875000001 0.30703125 0.915355603125 0.31484375 0.9316895421875 0.3109375 0.9371341874999999 0.3109375 0.9915806484375 0.3149644640625 1 0.4847742484375 1 0.4828125 0.942578834375 0.48671875 0.9371341874999999 0.48671875 0.9044663109375 0.4984375 0.855464496875 0.512109375 0.84185288125 0.5390625 0.8305824640624999 0.5390625 0.459375
1 0.147232846875 1 0.141015625 0.988858325 0.12734375 0.98069135625 0.109765625 0.9779690328124999 0.062890625 0.9997476171875 0.062535725 1 0.147232846875 1
1 0.2937852125 1 0.26796875 0.9480234796874999 0.2640625 0.915355603125 0.2484375 0.9044663109375 0.223046875 0.9180779265624999 0.187890625 0.950745803125 0.1525533046875 1 0.2937852125 1
1 0 0.7384046046874999 0.012109375 0.7384046046874999 0.082421875 0.7220706671875 0.109765625 0.705736728125 0.11953125 0.6921251140625 0.115625 0.550564315625 0.1078125 0.5015625 0.0921875 0.49067320781249996 0.055078125 0.487950884375 0 0.5000723859375 0 0.7384046046874999
1 0 1 0.05562464375 1 0.074609375 0.988858325 0.105859375 0.9779690328124999 0.12734375 0.9316895421875 0.1390625 0.87724308125 0.15859375 0.7084590515625 0.15859375 0.681235821875 0.146875 0.6485679453125 0.13125 0.63223400625 0.1234375 0.63223400625 0.11953125 0.6485679453125 0.11953125 0.6975697593750001 0.105859375 0.711181375 0.070703125 0.7275153125 0.016015625 0.732959959375 0.012109375 0.7384046046874999 0 0.7384046046874999 0 1
1 0.5390625 0.459375 0.5390625 0.917418896875 0.551171875 0.9250141781250001 0.605859375 0.9413481171875 0.648828125 0.9141248859375001 0.67421875 0.8732900406249999 0.68984375 0.8133989343750001 0.7171875 0.7589524734374999 0.74453125 0.66094884375 0.766224059375 0.459375 0.5390625 0.459375
1 1 1 1 0.791748459375 0.93984375 0.6881720734375 0.92421875 0.6718381359375 0.906640625 0.6691158125 0.8890625 0.6936167203125001 0.7953125 0.8896239796875001 0.77578125 0.9604043781249999 0.7518588953125 1 1 1
1 0.7467599578125 1 0.7796875 0.9495150859375 0.7875 0.9114025640625 0.8109375 0.8515114562499999 0.8890625 0.6881720734375 0.9046875 0.6663934890625001 0.91640625 0.6228363203125 0.91640625 0.59016844375 0.92421875 0.5629452125000001 0.92421875 0.51938804375 0.9046875 0.4867201671875 0.863671875 0.4839978453125 0.832421875 0.4948871375 0.82265625 0.5084987515625 0.79140625 0.5629452125000001 0.78359375 0.59016844375 0.76015625 0.617391675 0.7171875 0.7698417656250001 0.69375 0.8133989343750001 0.6703125 0.8896239796875001 0.6234375 0.9440704406249999 0.615625 0.9712936703124999 0.61905755 1 0.7467599578125 1
1 0.9080232171875 0.459375 0.90859375 0.4649415828125 0.95546875 0.5575005671875 0.984765625 0.5983354125 0.992578125 0.5983354125 0.990625 0.568389859375 0.944776303125 0.459375 0.9080232171875 0.459375