1 0 0 0 0.5796875 0.10853794531250001 0.5796875 0.1097656234375 0.5541748046875 0.178125 0.5734008796875 0.1723772328125 0.5796875 0.2640625 0.5796875 0.2640625 0.5349487296875 0.25234375 0.5178588859375 0.26796875 0.5135864265625 0.271875 0.4964965828125 0.26796875 0.2358764640625 0.2582031234375 0.2209228515625 0.2328125 0.2187866203125 0.2328125 0.1760620109375 0.2464843765625 0.182470703125 0.2542968765625 0.17392578125 0.2484375 0.1888793953125 0.2582031234375 0.191015625 0.2640625 0.1461547859375 0.2152343765625 0.13974609375 0.20546875 0.1589721671875 0.22109375 0.1760620109375 0.21328125 0.2230590828125 0.1839843765625 0.2251953125 0.178125 0.2145141609375 0.18984375 0.1974243171875 0.20351562343750002 0.131201171875 0.2503906234375 0.131201171875 0.27578125 0.1119750984375 0.27722318437500004 0 0 0
1 0 0 0 0.5796875 0.06983258906249999 0.5796875 0.07265625 0.5776733390625 0.084375 0.5477661140625 0.08828125 0.4836791984375 0.08046875 0.4708618171875 0.06875 0.3255981453125 0.0863281234375 0.319189453125 0.0980468765625 0.2978271484375 0.1703125 0.2401489265625 0.19570312343750002 0.131201171875 0.2582031234375 0.1269287109375 0.271875 0.1162475578125 0.271875 0.0137084953125 0.2676971734375 0 0 0
1 0 0 0 0.5796875 0.0775948671875 0.5796875 0.0921875 0.5477661140625 0.0921875 0.4751342765625 0.0765625 0.4110473640625 0.07265625 0.3255981453125 0.1136718765625 0.2807373046875 0.1703125 0.2401489265625 0.19375 0.1290649421875 0.17421875 0.1119750984375 0.15859375 0.0777954109375 0.1703125 0.0735229484375 0.1761718765625 0.054296875 0.225 0.0478881828125 0.2505403640625 0 0 0
1 0.26149823125 0 0.2328125 0.0478881828125 0.2640625 0.0564331046875 0.2640625 0.0820678703125 0.2738281234375 0.097021484375 0.2777343765625 0.0500244140625 0.2716361625 0 0.26149823125 0
1 0.2582031234375 0.31064453125 0.2777343765625 0.3063720703125 0.27578125 0.1290649421875 0.2074218765625 0.1354736328125 0.19375 0.1461547859375 0.1703125 0.2657836921875 0.21914062343750002 0.2807373046875 0.2582031234375 0.31064453125
1 0 0.3120282984375 0.058984376562499996 0.3149169921875 0.0785156234375 0.2978271484375 0.0785156234375 0.285009765625 0.0667968765625 0.2935546875 0.0550781234375 0.2807373046875 0.0453125 0.2871459953125 0.0453125 0.2743286140625 0.051171876562499996 0.267919921875 0.0550781234375 0.27646484375 0.058984376562499996 0.2636474609375 0 0.2636474609375 0 0.3120282984375
1 0.003993940624999999 0 0.01015625 0.0094360359375 0 0.016841634375 0 0.019120281250000003 0.01015625 0.026525879687499997 0.0003906234375 0.03720703125 0 0.03720703125 0 0.24468145 0.0394531234375 0.2465576171875 0.051171876562499996 0.2380126953125 0.06875 0.2529663078125 0.06484375 0.2657836921875 0.0785156234375 0.2807373046875 0.0941406234375 0.267919921875 0.1214843765625 0.2721923828125 0.16640625 0.2316040046875 0.1546875 0.2187866203125 0.17421875 0.2187866203125 0.1839843765625 0.1867431640625 0.1859375 0.1290649421875 0.14101562343750002 0.0671142578125 0.12539062343750002 0.0671142578125 0.1 0.0393432609375 0.0948612875 0 0.003993940624999999 0
0 0.5411458328125 0.432421875 0.5489583328125 0.475390625 0.5828125 0.506640625 0.621875 0.51640625 0.7755208328125 0.522265625 0.8145833328125001 0.498828125 0.8510416671875 0.459765625 0.8744791671875 0.45 0.9005208328125001 0.424609375 0.9265625 0.369921875 0.9135416671875 0.315234375 0.903125 0.307421875 0.7833333328125 0.309375 0.7104166671875 0.29375 0.6453125 0.307421875 0.621875 0.29375 0.5932291671875 0.350390625 0.5567708328125001 0.385546875 0.5411458328125 0.432421875
0 0.40669070625000003 0 0.38229166718749996 0.033984375 0.3953125 0.075 0.4890625 0.158984375 0.5515625 0.18046875 0.590625 0.18046875 0.621875 0.162890625 0.6427083328125001 0.104296875 0.6427083328125001 0 0.40669070625000003 0
0 1 0 0.8401475703125 0 0.8484375 0.14921875 0.871875 0.16484375 0.9005208328125001 0.170703125 0.9916666671875 0.166796875 1 0.160546875 1 0
0 0.6433680546874999 0 0.6479166671875 0.10234375 0.7703125 0.1375 0.825 0.1296875 0.8380208328125001 0.100390625 0.8290972218749999 0 0.6433680546874999 0
0 1 0.5796875 1 0.4696325234375 0.8927083328125001 0.463671875 0.8536458328125001 0.479296875 0.7572916671875001 0.5515625 0.737936828125 0.5796875 1 0.5796875
0 0.35 0.5796875 0.45104166718750005 0.5796875 0.45520833281249995 0.5046875 0.4421875 0.4890625 0.4109375 0.48125 0.35 0.486962890625 0.35 0.5796875
1 0.0103365390625 0.5796875 0.0125 0.59375 0.075 0.65 0.1875 0.6625 0.25833333281250004 0.640625 0.275 0.59375 0.2703125 0.5796875 0.255 0.5796875 0.25 0.584375 0.2479166671875 0.5796875 0.0103365390625 0.5796875
1 0.35 1 0.35 0.9233455875000001 0.3125 0.925 0.2416666671875 0.971875 0.2416666671875 0.996875 0.2435416671875 1 0.35 1
1 0 0.859722221875 0.07083333281250001 0.91875 0.1208333328125 0.91875 0.13333333281249998 0.90625 0.1416666671875 0.91875 0.1833333328125 0.878125 0.1833333328125 0.840625 0.20833333281250002 0.815625 0.20833333281250002 0.790625 0.175 0.7625 0.1 0.74375 0 0.74675 0 0.859722221875
1 0 0.67295673125 0.029166667187500002 0.690625 0.07083333281250001 0.66875 0.054166667187499996 0.640625 0 0.6014508921874999 0 0.67295673125
1 0 0.95551470625 0.0166666671875 0.95625 0.054166667187499996 0.95 0.0666666671875 0.925 0 0.865 0 0.95551470625
1 0.35 0.7919642859375 0.3083333328125 0.771875 0.25833333281250004 0.775 0.22916666718749998 0.809375 0.2375 0.840625 0.2208333328125 0.859375 0.2208333328125 0.86875 0.275 0.89375 0.3291666671875 0.9 0.35 0.8730113640624999 0.35 0.7919642859375
0 1 0.5796875 0.9257440484374999 0.5796875 0.815625 0.6265625 0.7947916671875 0.6484375 0.8114583328125 0.7171875 0.765625 0.7453125 0.7114583328125 0.7515625 0.6739583328125001 0.7828125 0.6739583328125001 0.8078125 0.7364583328125001 0.9296875 0.7989583328125 0.9984375 0.9989583328125 0.9328125 1 0.93203125 1 0.7091517859375001 0.9822916671874999 0.7015625 1 0.699665178125 1 0.5796875
0 0.56953125 1 0.503125 0.9203125 0.42395833281249995 0.9453125 0.378125 0.9828125 0.378125 0.9890625 0.3829861109375 1 0.56953125 1
0 0.35 0.935888671875 0.3947916671875 0.9421875 0.4447916671875 0.9140625 0.478125 0.9140625 0.490625 0.8203125 0.39895833281250004 0.6921875 0.35 0.7073069859375 0.35 0.935888671875
0 0.515625 0.7984375 0.49895833281249996 0.8828125 0.49895833281249996 0.9015625 0.5864583328125 0.9890625 0.728125 0.9421875 0.7114583328125 0.8796875 0.6364583328125001 0.7796875 0.603125 0.7765625 0.515625 0.7984375
0 0.35085227343750003 0.5796875 0.35 0.5832031265625 0.35 0.6259765625 0.378125 0.6734375 0.515625 0.7015625 0.5114583328125 0.6734375 0.5447916671875 0.6171875 0.453125 0.5796875 0.35085227343750003 0.5796875