1 0 0 0 0.3 0.29542680312499997 0.3 0.2620239265625 0.26640625 0.212890625 0.2488281234375 0.2278442390625 0.22734375 0.3218383796875 0.215625 0.3389282234375 0.2 0.3560180671875 0.2078125 0.3837890625 0.1941406234375 0.3880615234375 0.1511718765625 0.349609375 0.1238281234375 0.349609375 0.1121093765625 0.3175659171875 0.07890625 0.1893920890625 0.01640625 0.1039428703125 0.01640625 0.056945801562499995 0.028125 0.0200317390625 0 0 0
1 0 0 0 0.3 0.1489161453125 0.3 0.1509399421875 0.29765625 0.212890625 0.2566406234375 0.2321166984375 0.22734375 0.2962036140625 0.23125 0.3346557609375 0.21171875 0.3773803703125 0.21171875 0.40087890625 0.1941406234375 0.40087890625 0.1550781234375 0.3538818359375 0.1238281234375 0.341064453125 0.0964843765625 0.2962036140625 0.059375 0.2278442390625 0.028125 0.1680297859375 0.0125 0.1253051765625 0.0125 0.0697631828125 0.03203125 0.02305094375 0 0 0
1 0.653523471875 0 0.6515625 0.0191328265625 0.66328125 0.06813464218750001 0.66328125 0.1116918109375 0.673046875 0.125303425 0.688671875 0.13619271718749998 0.731640625 0.147082009375 0.786328125 0.147082009375 0.81171875 0.1280257484375 0.83515625 0.035466765625 0.8365698921875 0 0.653523471875 0
1 0.4796875 0 0.4796875 0.3 0.6472747796875 0.3 0.66328125 0.16613827187500002 0.659375 0.0626899953125 0.64765625 0.0191328265625 0.635890415625 0 0.4796875 0
1 0.71796875 0.3 0.71796875 0.29136513124999996 0.72578125 0.2586972546875 0.758984375 0.196083825 0.798046875 0.1634159484375 0.821484375 0.1579713015625 0.876171875 0.23964099375 0.90546875 0.1988061484375 0.92109375 0.16613827187500002 0.92890625 0.13891504062499999 0.9640625 0.06813464218750001 0.97578125 0.0191328265625 0.962109375 0.016410503125 0.907421875 0.0381890875 0.841015625 0.0381890875 0.82734375 0.06813464218750001 0.815625 0.122581103125 0.794140625 0.147082009375 0.719921875 0.147082009375 0.669140625 0.13074807187499998 0.66328125 0.1443596875 0.6515625 0.2804758390625 0.6480606078125 0.3 0.71796875 0.3
1 0.8784484859375 0.3 0.88203125 0.27503119374999996 0.8625 0.2205847328125 0.82734375 0.16613827187500002 0.801953125 0.1634159484375 0.770703125 0.1851945328125 0.73359375 0.2423633171875 0.71796875 0.296809778125 0.71796875 0.3 0.8784484859375 0.3
1 0.4796875 1 0.4796875 0.602553353125 0.41328125 0.5744791671874999 0.38984375 0.5796875 0.39375 0.6578125 0.378125 0.7255208328125 0.425 0.7828125 0.42890625 0.8140625 0.411328125 0.8375 0.378125 0.8453125 0.378125 0.8973958328125 0.360546875 0.93125 0.317578125 0.9364583328125 0.29609375 0.9130208328125 0.270703125 0.7958333328125 0.231640625 0.8010416671874999 0.1984375 0.8296875 0.17109375 0.9442708328125 0.1738802078125 1 0.4796875 1
1 0.4796875 1 0.4796875 0.60399305625 0.41328125 0.5744791671874999 0.38984375 0.5796875 0.38203125 0.7359375 0.42890625 0.7880208328125 0.42890625 0.8192708328125 0.378125 0.8453125 0.378125 0.8973958328125 0.360546875 0.93125 0.317578125 0.9364583328125 0.29609375 0.9130208328125 0.28046875 0.8088541671874999 0.262890625 0.790625 0.212109375 0.8114583328125 0.19453125 0.8348958328125 0.17109375 0.9390625 0.174140625 1 0.4796875 1
1 0.3625 0.7463541671875 0.346875 0.7255208328125 0.321484375 0.7229166671875 0.284375 0.7932291671875 0.28828125 0.8921875 0.321484375 0.9364583328125 0.360546875 0.93125 0.378125 0.8921875 0.37421875 0.8401041671874999 0.3546875 0.7984375 0.3625 0.7463541671875
1 0.38984375 0.6057291671874999 0.36640625 0.5744791671874999 0.344921875 0.571875 0.315625 0.6057291671874999 0.315625 0.6994791671874999 0.337109375 0.7177083328125 0.368359375 0.7177083328125 0.38203125 0.6838541671874999 0.38984375 0.6057291671874999
1 0.266796875 0.5197916671874999 0.13984375 0.5119791671874999 0.083203125 0.509375 0.06953125 0.5223958328125 0.06953125 0.7567708328125 0.102734375 0.8010416671874999 0.145703125 0.8114583328125 0.216015625 0.80625 0.278515625 0.7645833328125 0.31171875 0.7046875 0.3 0.5536458328125 0.266796875 0.5197916671874999
1 0 0.716947115625 0.024609375 0.775 0.048046875 0.7802083328125 0.06171875 0.7567708328125 0.06171875 0.7098958328125 0.051953125 0.6916666671874999 0.01484375 0.6838541671874999 0 0.6888020828125001 0 0.716947115625
1 0 0.9757523156250001 0.005078125 0.9885416671874999 0.028515625 0.99375 0.05390625 0.9598958328125 0.05390625 0.8401041671874999 0.0265625 0.7828125 0.005078125 0.7854166671875 0 0.8003125000000001 0 0.9757523156250001
1 0.098576109375 1 0.1046875 0.9494791671874999 0.122265625 0.93125 0.161328125 0.93125 0.190625 0.8453125 0.173046875 0.821875 0.07734375 0.8088541671874999 0.06171875 0.8140625 0.06171875 0.9911458328125 0.0692447921875 1 0.098576109375 1
1 0.4796875 0.3794694765625 0.430859375 0.40520833281249996 0.39375 0.44427083281249996 0.38984375 0.5484375 0.426953125 0.5770833328125 0.4796875 0.5938244046875 0.4796875 0.3794694765625
1 0.16649925625 1 0.17109375 0.9703125 0.13984375 0.9338541671874999 0.114453125 0.9364583328125 0.10078125 0.9807291671874999 0.102587890625 1 0.16649925625 1
1 0 0.424565971875 0.016796875 0.42083333281249996 0.04609375 0.3869791671875 0.05 0.3609375 0.034375 0.3348958328125 0.012890625 0.3322916671875 0 0.345860746875 0 0.424565971875
1 0 0.549479165625 0.008984375 0.5614583328125 0.028515625 0.5614583328125 0.05390625 0.5067708328125 0.0109375 0.43385416718750003 0 0.436284721875 0 0.549479165625
1 0 0.549479165625 0.008984375 0.5614583328125 0.028515625 0.5614583328125 0.05390625 0.5067708328125 0.0109375 0.43385416718750003 0 0.436284721875 0 0.549479165625
1 0.174853515625 0.3 0.17109375 0.3401041671875 0.192578125 0.3583333328125 0.2140625 0.3401041671875 0.209435096875 0.3 0.174853515625 0.3
1 0.274241728125 0.3 0.278515625 0.3322916671875 0.315625 0.3296875 0.31339843749999996 0.3 0.274241728125 0.3
1 0.35859375 0.46510416718750003 0.33515625 0.4234375 0.141796875 0.43645833281249996 0.12421875 0.4703125 0.130078125 0.49375 0.149609375 0.5041666671874999 0.348828125 0.49375 0.35859375 0.46510416718750003
1 0.4796875 0.3189116375 0.430859375 0.3166666671875 0.321484375 0.353125 0.231640625 0.3427083328125 0.19453125 0.3921875 0.208203125 0.42604166718750003 0.391796875 0.415625 0.4796875 0.37377232187500004 0.4796875 0.3189116375
0 0.7068415140625 0.3 0.83752024375 0.402454834375 0.9084043890625001 0.3558934078125 0.94251993125 0.3 0.7068415140625 0.3
0 1 0.4011011453125001 0.9846354171874999 0.4076905625 0.94296875 0.4385435578125 0.9169270828125 0.4766560796875 0.9104166671874999 0.49843466406250003 0.9013020828125 0.690812159375 0.90390625 0.7271098 0.9130208328125 0.7543330312500001 0.9481770828125 0.8087794921875 1 0.84299479375 1 0.4011011453125001
0 0.4796875 0.8415881140625 0.53671875 0.8886343015625 0.6122395828125 0.9231170593750001 0.64609375 0.9213021781249999 0.7033854171874999 0.8958938296875001 0.7880208328125 0.7833711437499999 0.853125 0.6526996374999999 0.8947916671874999 0.5837341203124999 0.9013020828125 0.55106624375 0.8986979171874999 0.49843466406250003 0.8765625 0.4621370234375 0.76328125 0.3822822140625 0.61875 0.3169464609375 0.571875 0.3242059890625 0.5041666671875 0.3169464609375 0.4796875 0.32490774375 0.4796875 0.8415881140625