1 0 0.509375 0.55169730625 0.509375 0.5515625 0.5067504890625 0.5203125 0.4640258796875 0.54765625 0.4170288078125 0.54765625 0.3871215828125 0.5183593765625 0.33798828125 0.4988281234375 0.33798828125 0.4558593765625 0.3678955078125 0.4421875 0.3102172859375 0.4207031234375 0.2824462890625 0.3738281234375 0.30380859375 0.371875 0.3315795890625 0.3347656234375 0.37216796875 0.3152343765625 0.37216796875 0.2878906234375 0.4020751953125 0.2136718765625 0.4362548828125 0.16875 0.3871215828125 0.13359375 0.3230346671875 0.13359375 0.3059448234375 0.1160156234375 0.295263671875 0.0769531234375 0.2909912109375 0.057421876562499995 0.26962890625 0.018359376562499998 0.26962890625 0 0.279914075 0 0.509375
1 0.3349170921875 0.509375 0.33671875 0.5024780265625 0.35234375 0.4896606453125 0.3503906234375 0.47470703125 0.2683593765625 0.466162109375 0.2253906234375 0.4875244140625 0.21171875 0.5067504890625 0.21171875 0.509375 0.3349170921875 0.509375
1 0.5796875 0 0.19637312812500002 0 0.1921875 0.0709594734375 0.25078125 0.2162231453125 0.2605468765625 0.226904296875 0.3035156234375 0.23544921875 0.3660156234375 0.226904296875 0.3855468765625 0.2653564453125 0.4402343765625 0.28671875 0.4792968765625 0.3422607421875 0.5105468765625 0.329443359375 0.5261718765625 0.3337158203125 0.5691406234375 0.40634765625 0.5796875 0.40634765625 0.5796875 0
1 0 0 0 0.0145629875 0.0457031234375 0.0260986328125 0.0808593765625 0.0688232421875 0.1511718765625 0.0688232421875 0.184375 0.0538696296875 0.194225446875 0 0 0
1 0.5796875 0 0.5796875 0.14485583124999998 0.6482248187499999 0.10703125 0.7108382484375 0.058203125 0.721727540625 0.038671875 0.7190052171875 0.02890625 0.673516078125 0 0.5796875 0
1 0.5796875 0.45596165468749994 0.599223003125 0.4546875 0.6210015875 0.446875 0.6291685578124999 0.441015625 0.626446234375 0.41953125 0.60466765 0.3921875 0.582889065625 0.3921875 0.5796875 0.393048859375 0.5796875 0.45596165468749994
1 0.5796875 0.3935371390625 0.686337340625 0.36484375 0.69994895625 0.351171875 0.6972266328125001 0.32578125 0.6890596640625001 0.300390625 0.6781703718750001 0.288671875 0.6781703718750001 0.273046875 0.6591141109375 0.2515625 0.6101122953125 0.24765625 0.5796875 0.2531133015625 0.5796875 0.3935371390625
1 0.8061195546875 0.259375 0.8278981390624999 0.25546875 0.8496767234375 0.24375 0.8877892468749999 0.2125 0.9095678312500001 0.20859375 0.9395133843749999 0.187109375 0.9721812609375 0.148046875 0.9694589390624999 0.1421875 0.9395133843749999 0.108984375 0.860566015625 0.05234375 0.8333427859375 0.03671875 0.8061195546875 0.03671875 0.6972266328125001 0.09140625 0.6700034031250001 0.0953125 0.64005785 0.116796875 0.6455024953125 0.128515625 0.618279265625 0.163671875 0.6237239109375 0.171484375 0.618279265625 0.226171875 0.6373355265625 0.2359375 0.7026712796875 0.2515625 0.7108382484375 0.257421875 0.705393603125 0.265234375 0.7108382484375 0.284765625 0.729894509375 0.2984375 0.75167309375 0.30234375 0.7816186484375001 0.284765625 0.8061195546875 0.259375
1 1 0.23347981718750002 0.92590176875 0.24765625 0.8551213703125 0.2671875 0.8469544015625001 0.273046875 0.8469544015625001 0.288671875 0.836065109375 0.304296875 0.836065109375 0.343359375 0.87417763125 0.433203125 0.8850669234375002 0.448828125 0.8932338921875 0.45078125 0.9068455078125 0.441015625 0.9068455078125 0.433203125 0.9367910609375001 0.41171875 1 0.38256574374999996 1 0.23347981718750002
1 0.9073605421875 0.509375 0.9014008625000001 0.456640625 0.8877892468749999 0.45078125 0.7952302625 0.4703125 0.7788963250000001 0.478125 0.7311908546875 0.509375 0.9073605421875 0.509375
1 0.27133166875 1 0.2873752265625 0.9955729171875 0.3418216875 0.9239583328125001 0.33819192343750004 0.8901041671875 0.31096869374999997 0.8419270828125001 0.080478675 0.825 0.073219146875 0.8315104171875 0.073219146875 0.8471354171875 0.0968126140625 0.89140625 0.0968126140625 0.9708333328125001 0.21115018124999999 0.98125 0.2585186046875 1 0.27133166875 1
1 0 0.9941961109375 0.087738203125 0.9747395828125001 0.102257259375 0.96171875 0.1131465515625 0.9265625 0.11133167031249999 0.8979166671875 0.0895530859375 0.8393229171875 0.0387363890625 0.7611979171875 0.0187726859375 0.7403645828125001 0 0.72839265 0 0.9941961109375
1 0 1 0.25536070781250003 1 0.2365585296875 0.9903645828125001 0.1930013609375 0.9825520828125001 0.0841084390625 0.97734375 0.015142921875000001 0.98125 0 0.9854749890625001 0 1
1 0.005560346875 0.509375 0 0.5115912546875 0 0.7412801109375 0.0169578046875 0.7494791671875 0.0913679671875 0.8328125 0.1131465515625 0.8380208328125001 0.289190109375 0.8484375 0.312783575 0.84453125 0.334562159375 0.8328125 0.3436365703125 0.8067708328125001 0.3436365703125 0.75859375 0.32730263125 0.59453125 0.303709165625 0.5606770828125 0.2365585296875 0.5125 0.22784709687500002 0.509375 0.005560346875 0.509375
1 0.5796875 1 0.5796875 0.509375 0.32373141250000004 0.509375 0.32185798593750004 0.5177083328125 0.3454514515625 0.67265625 0.36178539062500004 0.9434895828125001 0.383563975 0.98125 0.40969827499999995 1 0.5796875 1
1 1 1 1 0.509375 0.7743969296875 0.509375 0.6604166671875 0.5515625 0.5796875 0.5695023156250001 0.5796875 0.98984375 0.6135416671875 1 1 1
1 0.81875 0.8921875 0.81875 0.8828125 0.8229166671874999 0.8828125 0.8229166671874999 0.8734375 0.81875 0.8734375 0.8145833328125001 0.8515625 0.7895833328125 0.8359375 0.7895833328125 0.8296875 0.7770833328125 0.8234375 0.7770833328125 0.8203125 0.76875 0.8203125 0.7645833328125 0.8140625 0.7520833328125 0.8140625 0.7520833328125 0.8109375 0.7104166671875001 0.8109375 0.7104166671875001 0.8140625 0.6979166671875 0.8171875 0.6979166671875 0.8203125 0.6854166671875 0.8234375 0.6770833328125 0.8421875 0.6729166671875 0.8421875 0.6729166671875 0.8515625 0.66875 0.8515625 0.66875 0.8734375 0.6645833328124999 0.8734375 0.6645833328124999 0.8796875 0.66875 0.8796875 0.6729166671875 0.9015625 0.6770833328125 0.9015625 0.6770833328125 0.9078125 0.6854166671875 0.9109375 0.6854166671875 0.9140625 0.70625 0.9171875 0.70625 0.9203125 0.76875 0.9203125 0.76875 0.9171875 0.78125 0.9171875 0.78125 0.9140625 0.7895833328125 0.9140625 0.7895833328125 0.9109375 0.7979166671875 0.9109375 0.80625 0.9015625 0.8104166671874999 0.9015625 0.8104166671874999 0.8953125 0.81875 0.8921875