1 0.5210889734374999 1 0.3821411140625 0.93359375 0.3714599609375 0.9238281234375 0.3671875 0.8847656234375 0.3522338859375 0.87109375 0.3223266609375 0.87109375 0.2924194328125 0.8984375 0.2240600578125 0.93359375 0.1898803703125 0.97265625 0.1300659171875 0.99609375 0.12579345625 1 0.5210889734374999 1
1 0.5199744187500001 1 0.3778686515625 0.93359375 0.3629150390625 0.8769531234375 0.3351440421875 0.87109375 0.2240600578125 0.9375 0.1898803703125 0.97265625 0.1360473625 1 0.5199744187500001 1
1 0.5199279796875 1 0.3693237296875 0.9296875 0.3671875 0.8886718765625 0.3522338859375 0.875 0.3223266609375 0.875 0.2625122078125 0.921875 0.2240600578125 0.9375 0.1941528328125 0.97265625 0.1300659171875 1 0.5199279796875 1
1 0 0.9016918625000001 0.057434082812499995 0.89453125 0.0787963859375 0.9140625 0.1300659171875 0.9140625 0.1343383796875 0.8984375 0.0958862296875 0.90234375 0.09375 0.8925781234375 0.2838745109375 0.8828125 0.3265991203125 0.8515625 0.3735961921875 0.87890625 0.4035034171875 0.87890625 0.45263671875 0.8496093765625 0.45263671875 0.8300781234375 0.4227294921875 0.7871093765625 0.4804077140625 0.7734375 0.5081787109375 0.7519531234375 0.48681640625 0.7050781234375 0.4590454109375 0.703125 0.41845703125 0.6660156234375 0.41845703125 0.6464843765625 0.3885498046875 0.6191406234375 0.3543701171875 0.5449218765625 0.4035034171875 0.5 0.4675903328125 0.46484375 0.4846801765625 0.46484375 0.495361328125 0.4472656234375 0.4996337890625 0.4082031234375 0.52099609375 0.3886718765625 0.52099609375 0.3496093765625 0.4761352546875 0.26953125 0.3565063484375 0.2421875 0.3265991203125 0.24609375 0.3009643546875 0.26171875 0.2582397453125 0.26171875 0.239013671875 0.2792968765625 0.24755859375 0.3066406234375 0.2368774421875 0.3515625 0.1984252921875 0.3515625 0.1727905265625 0.36328125 0.1514282234375 0.35546875 0.1322021484375 0.3808593765625 0.1557006828125 0.37890625 0.162109375 0.3964843765625 0.1471557609375 0.40625 0.1257934578125 0.3984375 0.1087036140625 0.41015625 0.0980224609375 0.4042968765625 0.1065673828125 0.3886718765625 0.0980224609375 0.3691406234375 0.11083984375 0.3535156234375 0.1151123046875 0.3144531234375 0.0894775390625 0.2675781234375 0.1044311515625 0.25390625 0.1215209953125 0.265625 0.1215209953125 0.2421875 0.1386108390625 0.2421875 0.1471557609375 0.25390625 0.1599731453125 0.25 0.162109375 0.2207031234375 0.1834716796875 0.2050781234375 0.17919921875 0.1582031234375 0.2091064453125 0.10742187656249999 0.1962890625 0.08398437656249999 0.204833984375 0.07226562343750001 0.1856079109375 0.0546875 0.1599731453125 0.09375 0.14501953125 0.08789062343750001 0.14501953125 0.06835937656249999 0.1343383796875 0.06640625 0.1322021484375 0.09179687656249999 0.1172485359375 0.109375 0.1087036140625 0.09375 0.0787963859375 0.08984375 0.0702514640625 0.078125 0.048889160937499995 0.09375 0.036071776562500005 0.08984375 0.036071776562500005 0.0625 0.0125732421875 0.10351562343750001 0 0.10824908124999999 0 0.9016918625000001
1 0 0.6011262171875 0.010437010937500001 0.59765625 0.016845703125 0.5800781234375 0 0.5730773140625 0 0.6011262171875
1 0 0.5625 0.040344239062499995 0.5625 0.0830688484375 0.53515625 0.1001586921875 0.53515625 0.1044311515625 0.546875 0.1151123046875 0.5410156234375 0.119384765625 0.4511718765625 0.1065673828125 0.4277343765625 0.1236572265625 0.4199218765625 0.1236572265625 0.4042968765625 0.0980224609375 0.4042968765625 0.1065673828125 0.3847656234375 0.0958862296875 0.37109375 0.057434082812499995 0.37109375 0.031799317187499995 0.3984375 0 0.40328310937499995 0 0.5625
1 0.0638427734375 0.7753906234375 0.102294921875 0.8261718765625 0.1129760734375 0.828125 0.1386108390625 0.81640625 0.1856079109375 0.82421875 0.2069702140625 0.80859375 0.2197875984375 0.81640625 0.2368774421875 0.8125 0.2368774421875 0.8046875 0.2283325203125 0.80859375 0.2176513671875 0.7988281234375 0.2796020515625 0.7734375 0.3116455078125 0.7988281234375 0.3287353515625 0.8378906234375 0.3372802734375 0.8105468765625 0.3458251953125 0.8105468765625 0.3372802734375 0.7753906234375 0.3009643546875 0.78125 0.2860107421875 0.7597656234375 0.3031005859375 0.7480468765625 0.2069702140625 0.68359375 0.1514282234375 0.703125 0.0958862296875 0.7578125 0.0638427734375 0.7753906234375
1 0.2881469734375 0.66796875 0.3009643546875 0.68359375 0.31591796875 0.6816406234375 0.324462890625 0.5996093765625 0.3031005859375 0.5566406234375 0.2838745109375 0.54296875 0.2539672859375 0.54296875 0.2197875984375 0.55859375 0.1920166015625 0.5839843765625 0.1920166015625 0.5996093765625 0.2326049796875 0.61328125 0.2582397453125 0.66015625 0.2881469734375 0.66796875
1 0.93186441875 1 0.9140625 0.9511718765625 0.93115234375 0.9003906234375 0.9952392578125 0.8222656234375 0.9952392578125 0.5058593765625 0.9717407234375001 0.48828125 0.8521118171875001 0.53125 0.7196655265625 0.5234375 0.5744018546875 0.58203125 0.563720703125 0.5917968765625 0.55517578125 0.6347656234375 0.563720703125 0.6972656234375 0.5252685546875 0.7167968765625 0.50390625 0.7714843765625 0.4483642578125 0.8105468765625 0.461181640625 0.8417968765625 0.4569091796875 0.8574218765625 0.38427734375 0.9003906234375 0.38427734375 0.9160156234375 0.4205932609375 0.9453125 0.536483765625 1 0.93186441875 1
1 0.4932250984375 0.265625 0.580810546875 0.3222656234375 0.6213989265625 0.3046875 0.6961669921875 0.2519531234375 0.6961669921875 0.1777343765625 0.6598510734375 0.15234375 0.6256713859375 0.14453125 0.5872192390625 0.1484375 0.4932250984375 0.1875 0.435546875 0.2285156234375 0.4376831046875 0.2578125 0.4932250984375 0.265625
1 0.7218017578125 0.4121093765625 0.7218017578125 0.4824218765625 0.7367553703125 0.515625 0.8008422859375001 0.52734375 0.8585205078125 0.5253906234375 0.9161987296874999 0.5078125 0.956787109375 0.4785156234375 0.9525146484375 0.4316406234375 0.9482421875 0.4082031234375 0.9012451171875 0.3535156234375 0.8734741203124999 0.328125 0.8307495109374999 0.30859375 0.77734375 0.3261718765625 0.7645263671875 0.3769531234375 0.7218017578125 0.4121093765625
1 0.7794799796875 0.31640625 0.7987060546875 0.3144531234375 0.8307495109374999 0.3046875 0.837158203125 0.2871093765625 0.820068359375 0.1855468765625 0.8072509765625 0.1425781234375 0.7922973640625 0.1328125 0.7047119140625 0.1660156234375 0.700439453125 0.2441406234375 0.7047119140625 0.2597656234375 0.7453002921875 0.296875 0.7794799796875 0.31640625
1 0.7623901359375 0.30859375 0.7987060546875 0.3144531234375 0.8307495109374999 0.3046875 0.837158203125 0.2910156234375 0.8243408203125 0.1972656234375 0.8072509765625 0.1425781234375 0.7922973640625 0.1328125 0.7453002921875 0.14453125 0.700439453125 0.1699218765625 0.700439453125 0.2480468765625 0.7132568359375 0.2714843765625 0.7623901359375 0.30859375
1 0.8499755859375 0.06445312343750001 0.8072509765625 0.11914062343750001 0.8072509765625 0.1464843765625 0.8328857421875 0.2050781234375 0.837158203125 0.2910156234375 0.9418334953124999 0.39453125 0.956787109375 0.3964843765625 0.9931030265624999 0.390625 0.99951171875 0.3808593765625 0.9952392578125 0.017578123437500003 0.9760131828124999 0.0078125 0.9204711921875001 0.01953125 0.9033813484375001 0.0078125 0.8350219734375001 0.0078125 0.8328857421875 0.021484376562499997 0.854248046875 0.033203123437499996 0.8499755859375 0.06445312343750001
1 0.700439453125 0.1621093765625 0.7922973640625 0.12890625 0.8414306640625 0.06835937656249999 0.8414306640625 0.041015623437499996 0.8008422859375001 0.00390625 0.6064453125 0.0058593765625 0.614990234375 0.0605468765625 0.597900390625 0.08398437656249999 0.5936279296875 0.1308593765625 0.6043090828125 0.140625 0.700439453125 0.1621093765625
1 0.3372802734375 0.1542968765625 0.3522338859375 0.171875 0.3778686515625 0.1796875 0.4120483390625 0.21484375 0.4398193359375 0.2167968765625 0.58935546875 0.1425781234375 0.597900390625 0.037109376562500004 0.5872192390625 0.0234375 0.5701293953125 0.02734375 0.5615844734375 0.015625 0.4633178703125 0.01953125 0.435546875 0.037109376562500004 0.3864135734375 0.09765625 0.3372802734375 0.1269531234375 0.3372802734375 0.1542968765625
1 0.1941528328125 0.20703125 0.1407470703125 0.2402343765625 0.136474609375 0.2636718765625 0.1514282234375 0.2890625 0.2176513671875 0.2871093765625 0.2432861328125 0.2675781234375 0.2197875984375 0.2109375 0.1941528328125 0.20703125
1 0.3351440421875 0 0.2860107421875 0.033203123437499996 0.2860107421875 0.0605468765625 0.307373046875 0.09570312343750001 0.3265991203125 0.1171875 0.3458251953125 0.11914062343750001 0.3778686515625 0.1015625 0.4312744140625 0.044921876562500004 0.4312744140625 0.021484376562499997 0.4120483390625 0 0.3351440421875 0
1 0.24755859375 0.2675781234375 0.2432861328125 0.2949218765625 0.2646484375 0.3027343765625 0.2924194328125 0.26171875 0.24755859375 0.2675781234375