1 0.133331475 0 0.1199218765625 0.00869140625 0.0808593765625 0.0129638671875 0.0222656234375 0.0471435546875 0 0.0743616421875 0 0.1210571296875 0.0046875 0.1261840828125 0.0125 0.1603637703125 0.0515625 0.2116333015625 0.03984375 0.2586303703125 0.03984375 0.3440795890625 0.0427306546875 0.35 0.559375 0.35 0.559375 0.0331913 0.5066406234375 0.0385986328125 0.46953125 0.0108276359375 0.4688241390625 0 0.133331475 0
1 0.1293990828125 0 0.1160156234375 0.00869140625 0.06132812343750001 0.017236328125 0.0105468765625 0.051416015625 0 0.06583557343749999 0 0.125723971875 0.00078125 0.1261840828125 0.00859375 0.1560913078125 0.05546875 0.2244506828125 0.0359375 0.2799926765625 0.0359375 0.3227172859375 0.043064412499999996 0.35 0.2917160546875 0.35 0.32109375 0.3056274421875 0.3582031234375 0.273583984375 0.371875 0.2757202140625 0.35625 0.2928100578125 0.35625 0.3141723640625 0.3640625 0.3184448234375 0.35625 0.3269897453125 0.3640625 0.3398071296875 0.3640625 0.35 0.43023437500000006 0.35 0.42265625 0.3440795890625 0.41484375 0.2757202140625 0.3875 0.2586303703125 0.3796875 0.1005493171875 0.36015625 0.0022827140625 0.3602432109375 0 0.1293990828125 0
1 0 0.35 0.0262356515625 0.35 0.03984375 0.2458129890625 0.028125 0.1945434578125 0 0.1678833015625 0 0.35
1 0.559375 0.278466796875 0.56311819375 0.27578125 0.6175646546875 0.25625 0.655677178125 0.25234375 0.6583995015624999 0.242578125 0.6366209171875 0.215234375 0.5876191015625001 0.183984375 0.5603958718750001 0.148828125 0.559375 0.14825846250000002 0.559375 0.278466796875
1 0.84351746875 0.35 0.84351746875 0.336328125 0.8544067609375 0.324609375 0.8544067609375 0.305078125 0.8135719140625 0.27578125 0.742791515625 0.303125 0.7319022234375 0.303125 0.6665664703124999 0.26015625 0.63389859375 0.25625 0.590341425 0.26796875 0.5685628406250001 0.27578125 0.559375 0.282373046875 0.559375 0.35 0.7414303546875 0.35 0.7536808078125 0.34609375 0.7917933296874999 0.34609375 0.7899784484375 0.35 0.84351746875 0.35
1 1 0.35 1 0.28739135781249997 0.9279094828125001 0.271875 0.8843523140624999 0.26796875 0.8544067609375 0.320703125 0.8462397906250001 0.35 1 0.35
1 1 0 0.8291280453125001 0 0.8380728218750001 0.062890625 0.8680183749999999 0.08046875 0.9061308984374999 0.08828125 0.9878005890625001 0.08828125 1 0.08664016718749999 1 0
1 0.559375 0.144189453125 0.5603958718750001 0.144921875 0.58217445625 0.176171875 0.6420655625 0.215234375 0.6801780859375001 0.262109375 0.73734686875 0.2953125 0.802682621875 0.27578125 0.8299058531250001 0.26015625 0.9088532218750001 0.203515625 0.9197425140625001 0.187890625 0.9088532218750001 0.164453125 0.8870746374999999 0.144921875 0.8707406984375 0.137109375 0.8108495921875001 0.082421875 0.7700147453125 0.053125 0.742791515625 0.04140625 0.7264575765625001 0.0609375 0.6937897 0.06484375 0.63389859375 0.04140625 0.6012307171875 0.04140625 0.584896778125 0.03359375 0.559375 0.0305419921875 0.559375 0.144189453125
1 0.559375 1 0.559375 0.795080565625 0.5574218765625 0.794775390625 0.4871093765625 0.8033203125 0.4675781234375 0.8246826171875 0.4363281234375 0.828955078125 0.4324218765625 0.8161376953125 0.4636718765625 0.8161376953125 0.48515625 0.7926391609375 0.48515625 0.7798217765625 0.4636718765625 0.7563232421875 0.4207031234375 0.7648681640625 0.39140625 0.8353637703124999 0.3953125 0.8567260734375001 0.3640625 0.8823608390625001 0.340625 0.9293579109374999 0.32890625 0.9848999015625001 0.328599453125 1 0.559375 1
1 0 0.35 0 0.85309448125 0.0261718765625 0.8674072265625 0.1238281234375 0.8033203125 0.1667968765625 0.78623046875 0.2058593765625 0.78623046875 0.2371093765625 0.8075927734375 0.25078125 0.7670043953125 0.25078125 0.7157348640625 0.21953125 0.6601928703125 0.2234375 0.6388305671875 0.2644531234375 0.5854248046875 0.3035156234375 0.572607421875 0.3464843765625 0.5768798828125 0.35625 0.5533813484375 0.325 0.5106567390625 0.325 0.4422973640625 0.3113281234375 0.44443359375 0.29765625 0.4294799796875 0.2859375 0.3953002921875 0.2625 0.3782104484375 0.2625 0.3525756828125 0.2554352671875 0.35 0 0.35
1 0 0.35 0 0.7045893125 0.018359376562499998 0.726416015625 0.057421876562499995 0.71787109375 0.1042968765625 0.6366943359375 0.1316406234375 0.6281494140625 0.14140625 0.6345581046875 0.1375 0.6644653328125 0.1082031234375 0.6666015625 0.1082031234375 0.6879638671875 0.1355468765625 0.6794189453125 0.1394531234375 0.692236328125 0.1550781234375 0.692236328125 0.1628906234375 0.6794189453125 0.1746093765625 0.6965087890625 0.1902343765625 0.6965087890625 0.2097656234375 0.6879638671875 0.215625 0.6730102546875 0.1628906234375 0.6666015625 0.1472656234375 0.640966796875 0.1824218765625 0.640966796875 0.2097656234375 0.6537841796875 0.2683593765625 0.5854248046875 0.2839843765625 0.5768798828125 0.3386718765625 0.58115234375 0.35625 0.5704711921875 0.35625 0.5491088859375 0.32890625 0.5192016609375 0.32109375 0.4807495109375 0.309375 0.4722045890625 0.29375 0.4252075203125 0.25859375 0.3910278328125 0.2485907734375 0.35 0 0.35
1 0.26660016875000003 1 0.2703125 0.9891723640624999 0.2703125 0.9421752921875001 0.2546875 0.8780883796874999 0.22734375 0.8140014640625001 0.1980468765625 0.78623046875 0.1667968765625 0.7905029296875 0.0300781234375 0.8716796875 0.00859375 0.9122680671874999 0.004947746875000001 1 0.26660016875000003 1
1 0.2648433640625 1 0.2703125 0.9421752921875001 0.2546875 0.8738159171875001 0.22734375 0.8140014640625001 0.1980468765625 0.78623046875 0.1628906234375 0.7905029296875 0.0339843765625 0.8674072265625 0.0203125 0.8823608390625001 0.0066406234375 0.9955810546875 0.0349218734375 1 0.068034471875 1 0.1238281234375 0.965673828125 0.1355468765625 0.9699462890625 0.1824218765625 0.9528564453125 0.2332031234375 0.97421875 0.2601418984375 1 0.2648433640625 1
1 0.559375 0.4382762234375 0.5222656234375 0.435888671875 0.4988281234375 0.4487060546875 0.4675781234375 0.4487060546875 0.4050781234375 0.435888671875 0.3855468765625 0.4615234375 0.3621093765625 0.452978515625 0.35625 0.4593872078125 0.35625 0.4764770515625 0.37578125 0.4807495109375 0.3503906234375 0.504248046875 0.3425781234375 0.4914306640625 0.3347656234375 0.495703125 0.340625 0.5234741203125 0.3640625 0.5491088859375 0.36015625 0.5747436515625 0.4050781234375 0.5982421875 0.4910156234375 0.7050537109375 0.5261718765625 0.7135986328125 0.5378906234375 0.7306884765625 0.559375 0.736111215625 0.559375 0.4382762234375
1 1 0.8953125 0.9885416671874999 0.8953125 0.9546875 0.924609375 0.9572916671874999 0.94609375 0.9885416671874999 0.96953125 1 0.9683854171874999 1 0.8953125
1 1 0.64921875 0.9052083328125 0.64921875 0.8921875 0.662890625 0.8947916671874999 0.71953125 0.9026041671874999 0.846484375 0.9364583328125 0.8796875 1 0.88461745625 1 0.64921875
1 0.559375 0.35 0.559375 0.47483552656250005 0.571875 0.48125 0.6213541671875 0.467578125 0.6630208328125 0.405078125 0.6578125 0.366015625 0.69625 0.35 0.559375 0.35
1 0.8177083328125001 0.35 0.80625 0.37578125 0.8140625 0.401171875 0.8635416671874999 0.4265625 0.9078125 0.362109375 0.8891826921874999 0.35 0.8177083328125001 0.35
1 0.7828125 0.408984375 0.7854166671874999 0.4578125 0.7984375 0.522265625 0.821875 0.54375 0.8453125 0.518359375 0.8505208328125 0.444140625 0.8114583328125 0.403125 0.7828125 0.408984375
1 0.9442708328125 0.526171875 0.915625 0.5046875 0.8791666671874999 0.50859375 0.8244791671874999 0.541796875 0.8270833328125 0.55546875 0.9208333328125 0.559375 0.9442708328125 0.526171875
1 0.884375 0.45 0.915625 0.48515625 0.9546875 0.471484375 0.9416666671874999 0.3953125 0.8869791671874999 0.401171875 0.884375 0.45
1 1 0.417131696875 0.9572916671874999 0.41484375 0.9520833328125 0.45 1 0.48818359375 1 0.417131696875
1 1 0.49375 0.978125 0.47734375 0.93125 0.48515625 0.9208333328125 0.50078125 1 0.5502604171875 1 0.49375
1 1 0.49375 0.978125 0.47734375 0.93125 0.48515625 0.9208333328125 0.50078125 1 0.5502604171875 1 0.49375
1 0.559375 0.35 0.559375 0.47153532656249997 0.5822916671875 0.48125 0.61875 0.46953125 0.6473958328125 0.432421875 0.6578125 0.362109375 0.6864583328125 0.36015625 0.6958964640625 0.35 0.559375 0.35
1 0.559375 1 0.662760415625 1 0.6630208328125 0.998828125 0.6291666671875 0.95 0.5875 0.934375 0.559375 0.9399259875 0.559375 1
1 0.559375 1 0.6524816171875 1 0.6473958328125 0.967578125 0.603125 0.9421875 0.559375 0.9348958328125001 0.559375 1
1 0.7125 0.52421875 0.7333333328125 0.54765625 0.7984375 0.545703125 0.775 0.43828125 0.7255208328125 0.471484375 0.7125 0.52421875
1 0.559375 0.5191051140624999 0.5770833328125 0.5203125 0.5901041671875 0.510546875 0.559375 0.48549592343750003 0.559375 0.5191051140624999
1 0.7359375 0.561328125 0.696875 0.51640625 0.6552083328125 0.50859375 0.6083333328125 0.5125 0.5979166671875 0.54765625 0.6005208328125 0.573046875 0.6395833328125 0.58671875 0.7072916671875 0.5828125 0.7359375 0.561328125
1 0.7098958328125 0.616015625 0.7098958328125 0.600390625 0.6760416671875 0.58671875 0.5822916671875 0.5828125 0.5666666671875 0.60234375 0.6395833328125 0.62578125 0.7098958328125 0.616015625
1 0.8088541671874999 0.573046875 0.7854166671874999 0.55546875 0.7541666671875 0.55546875 0.7151041671875 0.592578125 0.7177083328125 0.6140625 0.74375 0.6296875 0.7697916671874999 0.62578125 0.8036458328125 0.596484375 0.8088541671874999 0.573046875
1 0.9442708328125 0.608203125 0.9442708328125 0.588671875 0.9052083328125 0.559375 0.821875 0.5671875 0.8166666671874999 0.590625 0.8895833328125 0.63359375 0.9442708328125 0.608203125
1 0.9442708328125 0.608203125 0.9442708328125 0.588671875 0.9052083328125 0.559375 0.821875 0.5671875 0.8166666671874999 0.590625 0.8895833328125 0.63359375 0.9442708328125 0.608203125
1 0.559375 0.8063964828125 0.5953125 0.701953125 0.5822916671875 0.684375 0.559375 0.680078125 0.559375 0.8063964828125
1 0.559375 0.6809895828125001 0.6135416671875 0.684375 0.6421875 0.658984375 0.6421875 0.631640625 0.559375 0.6171043875000001 0.559375 0.6809895828125001
1 0.6552083328125 0.7859375 0.7229166671875 0.79375 0.7411458328125 0.772265625 0.7229166671875 0.75078125 0.68125 0.7546875 0.6552083328125 0.7859375
1 0.559375 0.5855113640624999 0.5770833328125 0.58671875 0.6005208328125 0.573046875 0.5822916671875 0.52421875 0.559375 0.52490625 0.559375 0.5855113640624999
1 0.6604166671875 0.89140625 0.7125 0.8953125 0.7151041671875 0.858203125 0.6708333328125 0.85234375 0.6604166671875 0.89140625
1 0.8192708328125 0.721484375 0.80625 0.91484375 0.8479166671874999 0.93828125 0.8765625 0.928515625 0.8869791671874999 0.729296875 0.8765625 0.709765625 0.853125 0.70390625 0.8192708328125 0.721484375
1 0.78485863125 1 0.7984375 0.971484375 0.8088541671874999 0.787890625 0.775 0.77421875 0.7255208328125 0.811328125 0.7359375 0.901171875 0.7029947921875 1 0.78485863125 1