1 0 0 0 0.3791082125 0.22972184375000002 0.509375 0.6388291625 0.509375 0.62681560625 0 0 0
1 1 0.12072717968749999 0.9990556937499999 0.121484375 0.917386003125 0.203515625 0.9309976171875001 0.20546875 0.9854440796875 0.19375 1 0.1944959375 1 0.12072717968749999
1 1 0.0601879875 0.996333371875 0.05703125 0.9799994328124999 0.053125 0.9418869109375001 0.05703125 0.7404350046875 0.1078125 0.7322680359375 0.113671875 0.7322680359375 0.133203125 0.7486019734375 0.164453125 0.7976037890625001 0.215234375 0.81666005 0.22890625 0.8438832796875 0.225 0.917386003125 0.203515625 1 0.12240761250000001 1 0.0601879875
1 1 0.19765625 0.9745547875 0.19765625 0.969110140625 0.2015625 0.9636654953124999 0.19765625 0.9146636796875001 0.20546875 0.8983297406249999 0.21328125 0.8493279265625 0.22109375 0.838438634375 0.22890625 0.7894368187499999 0.23671875 0.7785475265625 0.24453125 0.74587965 0.25234375 0.7268233890625 0.266015625 0.7268233890625 0.293359375 0.7486019734375 0.332421875 0.7812698499999999 0.426171875 0.794881465625 0.43984375 0.8112154031250001 0.44375 0.8602172187499999 0.43984375 0.87655115625 0.43203125 0.94733155625 0.4203125 0.9636654953124999 0.4125 0.996333371875 0.40859375 1 0.40701538125000003 1 0.19765625
1 0.71875 0.5904296875 0.6145833328125 0.55625 0.5520833328125 0.625 0.4895833328125 0.746875 0.4895833328125 0.771875 0.5270833328125 0.803125 0.58125 0.809375 0.6270833328125 0.8375 0.6104166671875 0.90625 0.63125 0.928125 0.71875 0.9653716218749999 0.71875 0.5904296875
1 0.21875 0.509375 0.19375 0.565625 0.19375 0.571875 0.23958333281250002 0.609375 0.31875 0.634375 0.40208333281249997 0.534375 0.40208333281249997 0.509375 0.21875 0.509375
1 0 0.6782986109375 0.0270833328125 0.703125 0.01875 0.7625 0.14375 0.840625 0.21458333281250003 0.8625 0.30625 0.734375 0.29375 0.640625 0.2604166671875 0.640625 0.2104166671875 0.6125 0.0770833328125 0.63125 0.01875 0.61875 0 0.6271875 0 0.6782986109375
1 0.5270833328125 0.675 0.54375 0.6125 0.40208333281249997 0.565625 0.3145833328125 0.653125 0.3145833328125 0.671875 0.33125 0.75625 0.41875 0.778125 0.45208333281249996 0.775 0.5270833328125 0.675
1 0.43125 1 0.41041666718750003 0.96875 0.3729166671875 0.95 0.28958333281250004 0.96875 0.24791666562499998 1 0.43125 1
1 0.23541666718749998 1 0.26875 0.975 0.3604166671875 0.9375 0.3270833328125 0.88125 0.33125 0.853125 0.19375 0.88125 0.1604166671875 0.9375 0.1604166671875 0.95 0.16875 0.984375 0.2026041671875 1 0.23541666718749998 1
1 0 1 0.140046296875 1 0.1520833328125 0.91875 0.16875 0.89375 0.15625 0.859375 0.010416667187500001 0.88125 0 0.891015625 0 1
1 0.0270833328125 0.515625 0.04375 0.534375 0.07291666718749999 0.528125 0.07291666718749999 0.509375 0.03125 0.5125 0.0270833328125 0.515625
1 0.57476851875 1 0.5520833328125 0.95625 0.4536458328125 1 0.57476851875 1
1 1 0.53340625 0.8895833328125 0.53671875 0.8166666671874999 0.55625 0.7776041671875 0.589453125 0.7671875 0.605078125 0.7723958328125 0.655859375 0.915625 0.72421875 1 0.7279411765624999 1 0.53340625
1 1 0.7292668265625 0.9520833328125 0.73203125 0.8947916671874999 0.7203125 0.8166666671874999 0.67734375 0.759375 0.6578125 0.71875 0.666773896875 0.71875 0.8989583328125 0.7489583328125 0.86875 0.8270833328125 0.8609375 0.9520833328125 0.821875 1 0.8301682687499999 1 0.7292668265625
1 0.71875 1 1 1 1 0.834375 0.9625 0.821875 0.8375 0.8609375 0.74375 0.87265625 0.71875 0.9024356625 0.71875 1
1 0.71875 0.6580255687500001 0.7489583328125 0.65390625 0.7671875 0.640234375 0.7671875 0.597265625 0.7880208328125 0.573828125 0.7854166671875 0.5640625 0.7541666671875 0.54453125 0.71875 0.5345703125 0.71875 0.6580255687500001